0,1.47496924520428,2.48658001155661,4.00837170241503,3.64267389600429,1.03768268357846,0.204613514373023,3.08860127458991,0.0589940663593369,0.0171876991576124,0.0416584374522562,0.0469244683604602,0.00723134922911075,0.057693726429819,0.0265137446528797,0.0135529434632339,0.0480416752760239,0.0139376253309535,0.00763801455594836,0.0110524332558489,0.00524408678448055,0.00446994370677042,0.00701962835884749,0.00758487282413102,1.44373836699655,0.0775484199182558,1.05696023038231,5.14109676369282,2.78431467871296,0.0730417873817434,0.0201006160352022,0.0112568550046259,5.33689389903563,0.24057662408243,0.031043286656396,0.0420617753746629,0.0901044143011667,0.0436869784530917,0.00684178527833332,0.0036854603408574,1.45229404097583,0.0440092833447776,0.00425529821371329,0.0285080500726476,0.00982056667163112,0.00575434106111146,0.00550814708144935,0.0135248912252189,3.77234996442598,0.104752663437758,1.00190599227586,0.410566269679568,0.11227291164034,0.061042153840883,0.115641848225481,0.113751213991957,0.00382159199272008,0.00678945571233681,0.0130295713956776,0.00503293211999443,0.00272920351646103,0.00586909222196635,0.00656915629690608,0.00383734158194859,0.0340802660323581,0.00908512834910712,0.0100356210706552,0.0111639001162003,0.0127753359551756,0.0106624336454345,0.00764668237242229,0.0216441274936067,0.85448871006797,0.0872180188949524,0.917034900255785,1.52114962432629,1.23207742811066,0.0504587083639333,0.063985762827148,0.0150066783117145,0.374119724557766,0.0362032498965037,0.00601127134636175,0.0250311022350403,0.00410906319104849,0.0121463181663322,0.0148969148394927,0.00455203099085988,0.0458766930601581,0.0203407951397949,0.0145483992356864,0.00765589151508205,0.000805635151242346,0.0123457367222241,0.00959436334223911,0.00599859751597946
1.47496924520428,0,0.397497822147399,0.931751720049555,1.66878949710611,1.75107032545463,2.05927897317764,2.9607923862903,2.33927502530143,1.49579663241114,2.71565734416907,3.87605559868623,0.22441201561413,0.799022624466317,1.50509600797625,0.239336048619949,0.919321301532247,0.650514074973517,0.252823833096176,0.480568169507189,0.279310790225641,0.192342553888692,0.229627524726854,0.224804918230403,0.283308097331064,0.455261904807174,1.43267400641344,0.590297408097171,1.45841104232214,1.47973239354752,0.382606454036642,0.167968920640669,3.87239275874188,0.725220850270362,0.29623388948074,0.367374204246725,0.288898455998909,0.770934208238105,0.150662170333923,0.180887192899807,1.37972886178101,4.24438280840335,0.865254580852644,4.29665181342695,1.43538968703807,0.753205215178624,0.078661684309012,0.15940078714141,0.259522193543412,0.101997634706698,0.218955156327769,0.185991142202718,0.03677633185842,0.0490900126653469,0.265202280692024,0.111373416886485,0.0381701316638786,0.055671813564318,0.0315680241052194,0.0225698446409053,0.0097579040413163,0.0262778839518038,0.023869730823802,0.0161234196859756,0.140454769351984,0.0569939235109819,0.0479965807963845,0.0294144701562943,0.0188065191336115,0.0430392295289792,0.0163773506631358,0.0989507604994703,0.172660799396249,0.213816675304387,0.698282212345898,0.243859365507848,0.560725206373918,0.283435944223721,0.375659612077688,0.0603682812286439,0.122351729838694,0.224323619401395,0.0544754339088663,0.150971976825312,0.0174396539174981,0.0641879626309206,0.0486482704441853,0.0369280127211353,0.0410824057860954,0.0567205331974158,0.0517152564925856,0.0325671901882744,0.00259352380605569,0.0427386039650325,0.0291095123102561,0.0394912639852522
2.48658001155661,0.397497822147399,0,2.94959675434389,0.21767211170585,0.403832541635452,1.7574996509659,0.193721471152188,0.128852167421319,0.043853420317529,0.0852677551574564,0.126288522999499,0.00828673797396701,0.0355347571004436,0.0553683782483134,0.0113824314879356,0.619540621101659,0.241192292217573,0.0753965707544332,0.088278774038971,0.0301682078189389,0.0672665317875775,0.0410565373612989,0.0461652326379245,0.0363157321988155,1.47004487192847,0.0912588093191497,1.30601902126563,0.707624620922718,0.6900304019058,0.236696977384318,0.0716250386447634,0.138139608243474,0.0782030422495775,0.0303290336693025,0.0728501532808609,0.0198199377252007,0.0263307069080109,0.0150030985674823,0.0382687964696269,0.137742222707404,0.24615411614699,0.0499992335861258,0.0929445575225928,0.0533317639366281,0.0232467700224577,0.0139574209767526,0.0793767418797405,0.383015330325645,0.0609565195575341,2.48651884038847,0.532450223796531,0.0312423261579938,0.0323051011022015,0.505898081283184,0.0272090938583014,0.00518727087176533,0.00585963282621038,0.00414384062665621,0.00664643531245267,0.000580257357746024,0.00428382428307119,0.00292475844625623,0.000880670112917037,0.145335866813096,0.0400250774319768,0.0258851270280654,0.0115342432591799,0.00969726316338708,0.026450166232396,0.00891746100832197,0.0264547642613812,0.0219251787416162,0.820142153732767,0.0701885581714803,0.94419595410875,0.339825912300935,0.217805874083881,0.179030781733516,0.0355884851654713,0.0478136647101615,0.023976290843244,0.0159949740981835,0.0473246672844392,0.00426680587510295,0.0142781118946417,0.014349690484596,0.0158541442183913,0.0212099624830191,0.0342232625772188,0.0269388630706307,0.0109559263667291,0.0034442385857783,0.0058082367242312,0.00990753473716322,0.0129290455039843
4.00837170241503,0.931751720049555,2.94959675434389,0,0.967257534783195,1.48361694218035,2.89289928261028,0.426381428611375,0.383223039428501,0.11990815030601,0.208239669445418,0.315010075691571,0.0182636201523325,0.0446249213407895,0.117179338162185,0.0405417425804419,1.04594772853475,0.38714005371705,0.154930634161626,0.196393710429979,0.0696208994877913,0.112482515764286,0.0602811338658902,0.0697832851528206,0.0692131376306075,0.995881971398338,0.162696908279378,1.0268221605375,1.0291158816387,0.852591568256642,0.341651991692392,0.11023441236515,0.360420283713225,0.120078160964574,0.0446767522706388,0.146179446492009,0.0350917318318386,0.0598798117992602,0.0196964329443904,0.0529929038789197,0.731924940275409,0.748040670087396,0.139915454257408,0.257356321764055,0.162659863587615,0.0710767173821499,0.015587457312673,0.0893304514680992,0.26902666519726,0.0463445249520716,0.688814954633176,0.213334538750319,0.030497957876843,0.0382747954989208,0.368698030151015,0.0371137582776864,0.00409430627308768,0.00782782093809327,0.00779489105602782,0.00419500841970569,0.00446195580464723,0.0117355435080899,0.00680837177333624,0.00254375333263335,0.14565031657361,0.0566709662523177,0.0265423865945128,0.0190146017935006,0.0110833107549794,0.0376998197865451,0.00789075394192668,0.0516408839972902,0.054876994440825,0.451665502331717,0.125199656068142,0.27431438351723,0.367877646956612,0.2245559791288,0.218889118191287,0.0355238039453433,0.0478686470126176,0.0299910458915974,0.0101381164037695,0.0403514272876337,0.00747101882596904,0.0196456258699163,0.0135445393936971,0.0133574977761373,0.0167577019092609,0.0295551621098789,0.0261876563273666,0.0109937850516899,0.00529014514646526,0.0286165567542046,0.00791901985983468,0.0193623339238612
3.64267389600429,1.66878949710611,0.21767211170585,0.967257534783195,0,1.52425178571903,0.115877930572815,1.49986115780121,0.111936928027054,0.0117941628906663,0.0771383270655477,0.0431268006955688,0.00203540717325784,0.044613255887249,0.0300085749792414,0.00813957800869172,0.0237748621681487,0.0180696109130331,0.00716828913295878,0.0144699414128013,0.00364149528441478,0.00315342627285271,0.00533157005442075,0.00703253448486335,0.481132296969729,0.0366517357700061,0.763971318201633,1.01438484957144,0.891993907827058,0.0297222532573352,0.0161521477259324,0.0186779498358147,2.477107053962,0.150262726960775,0.0280201285082514,0.0201723172978539,0.101364878783113,0.0264967206605855,0.00877222269708378,0.00546334880514996,3.21634828953977,0.0771242972499862,0.00740499066081413,0.0648626264578699,0.00710293547004942,0.0259713371708291,0.00484520908612518,0.00665170234642654,0.224198415861294,0.031862642300907,0.0761954621960266,0.0715769609647567,0.0299052829222535,0.0426741950237461,0.0324137116477973,0.0155751251270667,0.00354056204189224,0.00183384505145762,0.00384858535891312,0.00330472008207654,0.00113441875095332,0.0013010987945363,0.00501374026364437,0.00156223383343125,0.0143761490289084,0.00452885844415668,0.00992172307814454,0.000790553779701358,0.0173188396823648,0.0025694677018888,0.0018836823143128,0.0340266333419955,0.219524409836623,0.0320528960982964,0.444355732204487,0.254377904084706,0.441738855723795,0.0243365322826209,0.0351912738411334,0.0155890794564487,0.0562183894533854,0.0143028454654361,0.00721385422841127,0.0233746767282049,0.00177283531412514,0.00321536836127398,0.0109020665411688,0.00584636780299454,0.0306352333497149,0.0139893232430684,0.0160664342489799,0,0.0112574221181462,0.00764365012744472,0.00211576584550434,0.003154640981887
1.03768268357846,1.75107032545463,0.403832541635452,1.48361694218035,1.52425178571903,0,1.33216795631934,0.880106610178107,2.22718828913176,0.296965326614177,0.883408474374723,0.669980930540037,0.0481758724559879,0.176706138750949,0.267891137606825,0.0423773184091847,0.429397374819516,0.259320863995351,0.16238636823926,0.141441957689442,0.036104815697045,0.0542856188753039,0.0594252234717613,0.102245032846757,0.0692650992619407,0.261388917743852,0.214103747062689,0.375306201268684,0.54599710187793,0.393971192279928,0.191393789562684,0.104524297031337,0.467223745811973,0.13844796941215,0.046341143819513,0.168937505510748,0.0618921720468574,0.121501770948158,0.0507717388962451,0.0879578887916919,0.996411253512897,1.76952528373257,0.115220398292877,0.877958207805378,0.487851009491436,0.125600253779845,0.0513721575573071,0.0782157892522135,0.103260652231619,0.069234938149035,0.175505493063839,0.100878601556442,0.0285948212766892,0.0350022501257515,0.137196220260394,0.0272541402312652,0.0188104938783626,0.0189095469666682,0.00822510274238654,0.00501562503384408,0.00889334530028767,0.0135026597003241,0.00616349610671527,0.00948600219050161,0.0671858890561716,0.0342085590138235,0.0347695995311834,0.00419625388843554,0.0204824645088902,0.0141233133387179,0.00718880673112807,0.0532710343611083,0.0685623728727543,0.172453039573997,0.113679367120642,0.139003063526292,0.237233344350186,0.150092663827264,0.220850096247158,0.049234870403565,0.0424400257445682,0.0439459918882434,0.00408082862055564,0.0519051664406221,0.0161171937750255,0.0237931533221984,0.0288545461728338,0.0144769643172315,0.0136182122947142,0.0451770041306172,0.0338124455084234,0.021893046367634,0.00605096569605543,0.0166647503582114,0.031623831925238,0.0156126089016479
0.204613514373023,2.05927897317764,1.7574996509659,2.89289928261028,0.115877930572815,1.33216795631934,0,0.404541469098352,1.0604188194105,0.517407482166156,0.695111237619626,1.63621128338446,0.124606108259072,0.0692023263583037,0.330794312839275,0.109420492372601,6.6201250558973,3.01264635956956,0.726829694088495,1.09271064098406,0.480227796944845,0.748554797783957,0.460535825297655,0.251362013289514,0.00281894318272566,2.31614969220571,0.0202697028112008,0.211370240020484,1.34901341978463,4.17853157388059,1.87953496539877,0.248166894222395,0.0562874415795339,0.155328003747854,0.0736931349622184,0.369737927458699,0.0253638295464905,0.151004911425509,0.119158266657309,0.243451664979946,0.0612452937700057,2.88999501928928,0.708872862725647,0.860980043194231,0.55249054639519,0.366531403244,0.0685565961759182,0.252115592842693,0.0599009273750816,0.118721937177841,1.10198443962835,0.281240857476318,0.011742344197313,0.0346253103252026,2.18835884198397,0.0437867228429345,0.019101399405122,0.00913433878963032,0.0206939085430799,0.00874359736086482,0.00724539939102094,0.0131385587507268,0.0107837286579243,0.00278636851328561,1.0611681227881,0.180800039544134,0.0691226326164492,0.0174971312183086,0.0294990894211174,0.0867514202397009,0.00995949841412648,0.0433904626495194,0.00247154128680043,1.24692557888885,0.0231791841615175,0.143708048854959,0.412173872675993,0.993554114089018,0.637333751500269,0.0378210870459652,0.0243788615591362,0.0575459053617623,0.0110999173337184,0.0602528562953771,0.0147114381783603,0.032064423039782,0.0169271727237653,0.0124355253506185,0.00727705852613043,0.140336125518154,0.0525011787241082,0.0355550993730701,0.0195541972358692,0.0371450945151507,0.0119069621066044,0.0221602590325401
3.08860127458991,2.9607923862903,0.193721471152188,0.426381428611375,1.49986115780121,0.880106610178107,0.404541469098352,0,0.588296606602494,0.132071014443999,0.914497536488794,0.383028080104341,0.0217385441566471,0.561000569318793,0.271961467167969,0.0297126326972391,0.156879585333834,0.0589727097536394,0.0368727911227225,0.0501847935660455,0.0211865981352157,0.0251579748105169,0.0259142567240557,0.0267010330016404,1.04003124157658,0.0850785360960634,3.32697196146173,0.815346141933463,1.15610209581549,0.16118749040286,0.0866874127349135,0.0573131559613543,11.2215017571795,0.830175468706166,0.096683481385704,0.0817861532449202,0.668624529846556,0.231086868196631,0.0225002912276616,0.0234617933286249,0.834421799507756,0.487232033506483,0.0485281252227114,0.724235014803863,0.123773616994993,0.0440813608257248,0.0101200943978979,0.0490646871561997,0.61011100758338,0.120930926151622,0.163076491000596,0.158531580304559,0.0927103858131915,0.0666765902431608,0.122369481658817,0.265321708987496,0.0218897885738803,0.0153900688029059,0.0300856394655739,0.0100988886725012,0.00520690272209567,0.0431069055000106,0.0209468749274564,0.00599293856845434,0.0456733792077621,0.0224188423959689,0.0216238266914959,0.00980061983062202,0.0151213307276596,0.0120975095747462,0.00352800963026687,0.0449054883976103,0.690904763779619,0.0615007240611422,1.92597723398111,0.438352127117195,0.589541533140652,0.100982575566094,0.119396545578146,0.0320440295985188,0.432548700852681,0.124733757275726,0.0107069459112736,0.0421453653254357,0.0210936073321607,0.0541207814935389,0.0162051493858314,0.00974213807437029,0.0683142918029322,0.0337919344430059,0.0189479854597733,0.0176546553172853,0.0105226360911922,0.0174873027806793,0.0168233346473707,0.0105371781448352
0.0589940663593369,2.33927502530143,0.128852167421319,0.383223039428501,0.111936928027054,2.22718828913176,1.0604188194105,0.588296606602494,0,1.06879299186894,5.75234421229829,3.60453264370204,0.100335166698299,1.15753852162862,1.55245459503383,0.0877121470133221,0.705179630447302,0.406917841451785,0.418306517901917,0.362068872125015,0.17107072200329,0.0696064034988705,0.0859582044182673,0.0596108997243897,0,0.154948711733587,0.0267755731334313,0.078730101846277,0.11150075605856,0.415074981507827,0.127958906061224,0.0668396102742057,0.0387892751239511,0.339052127930022,0.09415014637698,0.0462516894856529,0.156931960955146,0.693539224618672,0.0635322297208647,0.0689777812544919,0.146638780972713,3.32495722281062,0.878252756446653,5.8783338242424,1.77646636060408,0.717829651026533,0.0318591536355473,0.0498740032582462,0.0166145909054194,0.0243679153727235,0.062613955291636,0.0319672758919848,0.0212820961906181,0.0147711014599045,0.0454910104710337,0.0159048084675384,0.0243185389688652,0,0.0141611022552246,0.00667311272563943,0.00655923883421498,0.00546692108397906,0.00344476624606571,0.0073758964310181,0.0215912897488237,0.0158012539324132,0.00914096517954022,0.00293920974287901,0.0023634520751438,0.00584419125426436,0.00394960304919342,0.0361671842583964,0.00503358698616226,0.0842568430220634,0.0328787884548087,0.0231308900986697,0.0647822000160247,0.0763445347273501,0.0601873974577586,0.0184775194927053,0.0141826889312788,0.03738694061466,0.00857395864357852,0.0111750565634426,0.0206947171980799,0.00814901724736398,0.0114406927026149,0.0139089988086343,0.00831906466065395,0.0257669299766151,0.0228426154071164,0.0192037941321987,0,0.00461127740226723,0.0242506794519824,0.00268895509283322
0.0171876991576124,1.49579663241114,0.043853420317529,0.11990815030601,0.0117941628906663,0.296965326614177,0.517407482166156,0.132071014443999,1.06879299186894,0,1.74300556060438,4.53376426594063,1.90764215524986,0.14327241399672,1.01935051414293,0.674645621770836,0.517855056042251,0.421347499903914,0.369520112782558,1.38193343854996,0.783182959288146,0.231914751050949,0.524368644962888,0.0780369737372484,0.00396405513264814,0.0393090173295374,0.0228886228445038,0.024309167200708,0.0448997797268897,0.60290332102983,0.195561211305706,0.0683393998747864,0.00735127250895072,0.576656975929463,0.451236840253754,0.245286860625084,0.0430409331607025,0.777532911255993,0.595515554005512,0.267839219848855,0.00976158251954315,0.805042886533567,1.13034062384063,1.47761971471071,1.30101334517737,1.48682680883848,0.0756222453189524,0.0521814639882312,0.0334850952102062,0.0425359144060233,0.0205739846383178,0.0255591252200962,0.0237665960424054,0.0265731805115646,0.0325385555403068,0.0516714767669431,0.0249593478434756,0.0272260797123547,0.0385808936475733,0.0077790879887258,0.0120454680740391,0.0234967130513061,0.0226278870864036,0.00241200656617331,0.0219054279045548,0.00334487399588201,0.0168777691321412,0.00797483412744978,0.0102817931664111,0.00489067250441685,0.0025362295451449,0.00705092426261829,0.00794604237860194,0.0420113313193218,0.0545236317306623,0.0177789633478604,0.0479217148565036,0.0315099188686748,0.0395457769592054,0.010578288399891,0.0641479829762168,0.0650327240676961,0.0120288777623898,0.0445216726779423,0.00924420415882742,0.0344572518822625,0.021095287519623,0.0136770164536336,0.0283914279166567,0.0183606638478743,0.0093617107046786,0.0162308343340378,0.00185118309849255,0.0230134573916638,0.0118997672056187,0.00261632934506317
0.0416584374522562,2.71565734416907,0.0852677551574564,0.208239669445418,0.0771383270655477,0.883408474374723,0.695111237619626,0.914497536488794,5.75234421229829,1.74300556060438,0,3.50275470112106,0.0788052147393729,2.50704493705592,3.26294937071109,0.0494268884229553,0.393634330570168,0.231140480573317,0.183781577637546,0.242079117125382,0.0962753334762884,0.0576748819511226,0.0514496713326229,0.0484317581325673,0.0186282202078755,0.0992728870793162,0.0644208732661307,0.0383441809753298,0.102479768861746,0.293989213616766,0.0995459629273444,0.0185743822186629,0.110042624679141,0.698166345743208,0.144656129869481,0.0709453480702979,0.509801463050309,1.41870827792936,0.0617391157723101,0.0374897953742946,0.0789816779745164,2.56561158113176,0.562903000711917,6.92789860814289,1.4479585671612,0.61053369026578,0.0190732067196227,0.0328979547397974,0.020449174829069,0.0303420431527294,0.0399154283085183,0.0330312140153884,0.00482460764087982,0.0262908263341918,0.048810186900761,0.0210764928989678,0,0.00658172648166888,0.0132988489265623,0.00368274228295797,0.00756184232287493,0.0346848659194661,0,0.00185379583684231,0.0282479783181405,0.0129725057136535,0.0209085324215541,0.00124809852696868,0.0131231989791145,0.00498845263314132,0.00270789935841263,0.0155807165408132,0.0104950586196737,0.076774786276296,0.0491042400311704,0.0325706053566865,0.0826560273058138,0.045650209970543,0.0590604893949883,0.0449863129893868,0.0233830058655318,0.0936086403863055,0.00293064750896174,0.0144086225467825,0.0038970982048615,0.0121626361534374,0.00203798011419261,0.00187255421062179,0.0254892521380241,0.0129950281828314,0.0211077741507427,0.00814570063262382,0,0.016991752172908,0.0215990281681386,0.00823380159459916
0.0469244683604602,3.87605559868623,0.126288522999499,0.315010075691571,0.0431268006955688,0.669980930540037,1.63621128338446,0.383028080104341,3.60453264370204,4.53376426594063,3.50275470112106,0,4.28523678684982,0.564979517433837,3.79915803044896,3.52128139180061,1.59177230356406,1.01378579660713,0.868923448028799,2.31609762888668,1.29676703914361,0.589130333907751,1.20741555307204,0.165577651193436,0.00260926235506456,0.176815802340244,0.0444443098632014,0.0601286407874491,0.148417783304249,1.43121357402323,0.459475677130936,0.0741743872536259,0.0286185897382478,1.61590402550415,0.975860495125317,0.617142061332788,0.20632910954581,2.32568121766896,1.66176799644426,0.539549286450542,0.0261936165297185,3.33326317804139,1.89078162291502,4.6392538831416,3.20183633986122,2.40194139414303,0.105761221041667,0.161197470284581,0.0871454811345309,0.138404152840229,0.0777544129918547,0.0725903610111263,0.0825018214301916,0.0391974900239292,0.0979248864818641,0.142537309586646,0.0429034569387433,0.0234833635120232,0.0509228459986688,0.043949029696435,0.0230288992505805,0.0400692898164694,0.042796658253889,0.0183150480371728,0.0476895349925046,0.0191181851151472,0.0178282980249958,0.0135619067016645,0.0276667015182765,0.0174015008745471,0.0155541959385153,0.0238004879882427,0.00928798255116292,0.0888735604604965,0.0775342471242784,0.0302065371268661,0.117221242194275,0.101096202160982,0.0654623220537369,0.0123690978706836,0.138143794694897,0.159543274246706,0.0312595784790567,0.108451108861305,0.0290008474770471,0.0758426860330357,0.0626198696947337,0.00717536547593482,0.0504459377403209,0.0408212634972102,0.0310352182624169,0.0369448879066615,0.0270913866761849,0.0432085033891758,0.0118851736568373,0.0109510435134483
0.00723134922911075,0.22441201561413,0.00828673797396701,0.0182636201523325,0.00203540717325784,0.0481758724559879,0.124606108259072,0.0217385441566471,0.100335166698299,1.90764215524986,0.0788052147393729,4.28523678684982,0,0.0195342523749589,0.65080500922358,4.69715629294077,0.297806261744055,0.462154485655203,0.323146870773612,5.38143525064567,3.61800477033011,0.986501897734934,2.60679524806653,0.217517126872666,0,0.0178214802833062,0.0353351724377158,0.00955911603375192,0.040340641546624,0.795865830862286,0.400361269552732,0.0716065817744563,0.0107982989348042,0.68422253364598,1.38475241470894,1.28562231572192,0.0287176349490856,0.90820148570822,1.33145121552843,0.780137382378159,0.00763534884857675,0.135653111842323,1.10116665554802,0.194984373138151,0.168918040717126,1.21132825076379,0.121792979269462,0.14994222812924,0.0367487538065391,0.0950852943667056,0.014378096048753,0.0341818383981124,0.034080463065748,0.0225785303561819,0.0383332275283547,0.0726433572028122,0.0575020847454974,0.0485369244242031,0.0762748597865424,0.0520314298507576,0.0251526504268885,0.055703533357359,0.0537821261736212,0.0467382964468036,0.0264711478488551,0.0137438285478436,0.0340180558942374,0.032863505467565,0.0321522017441256,0.0172256613251631,0.0116392218879967,0.0480372758992971,0.0139975384610873,0.0134759304300559,0.0644140966518726,0.01421212330312,0.0382735508517268,0.0377083990540616,0.0368934739793618,0.00249947590159638,0.0565386091427621,0.129150112566042,0.0402765537298123,0.172932145189476,0.0265814891239924,0.096532894114458,0.111771288685224,0.0311146145523277,0.0325284016206682,0.0685444870027226,0.0437079131805254,0.0370208412243609,0.0201006017727012,0.0530376875373622,0,0.0100753149963209
0.057693726429819,0.799022624466317,0.0355347571004436,0.0446249213407895,0.044613255887249,0.176706138750949,0.0692023263583037,0.561000569318793,1.15753852162862,0.14327241399672,2.50704493705592,0.564979517433837,0.0195342523749589,0,1.8656345462041,0.0197347877852039,0.0321890806431591,0.0173891736533007,0.023310295234372,0.0252510301660075,0.00534699636083087,0.00746793304603943,0.0257748047224302,0.0229379936712053,0.0355220065080909,0.0338133830556341,0.14296428327328,0.0451036052794797,0.0874591456424009,0.0988839924592057,0.0255642718785228,0.0488391642744056,0.234539495513698,0.926929341540716,0.210866840689181,0.0676115541140759,0.65169912263166,1.82805740358189,0.044897715380461,0.0248672314545897,0.0919336083206914,0.42792382812895,0.0368939771575059,2.07268187005954,0.0598313159339241,0.0218819700332051,0.0099963736223132,0.036714946449957,0.0505105460917376,0.0295027119782736,0.0319916688221534,0.0314918038685759,0.0292856372008203,0.0233746004011789,0.0369174709395669,0.0471181272141882,0.030884925899153,0.00948288633303186,0.0248469877933868,0.0128329299096898,0.00541436290359537,0.0182831180035086,0.00348769383306836,0,0.0158336938698766,0.00906832569475546,0.0181632254861003,0.00159791399097398,0.0066351919195004,0.000844093423287853,0.000878676145074753,0.0371609568593927,0.0280379468870371,0.0481505213137741,0.0848608583393611,0.0333267272661477,0.0594118598762355,0.0368878838096129,0.0339866352492774,0.0095509083193398,0.049884307925696,0.0825908012016718,0.0187230446830758,0.0219859703828531,0.00673030465010727,0.0121222363277449,0.0132370876226193,0.0096913515031354,0.00667641415667601,0.0232835121588537,0,0.0208007918996024,0.00602369409905495,0.0131135691192329,0.0198390073875814,0.0148457169664841
0.0265137446528797,1.50509600797625,0.0553683782483134,0.117179338162185,0.0300085749792414,0.267891137606825,0.330794312839275,0.271961467167969,1.55245459503383,1.01935051414293,3.26294937071109,3.79915803044896,0.65080500922358,1.8656345462041,0,1.56094595651016,0.322120022383475,0.263977514242782,0.184600880020256,0.429367492356456,0.218935710869238,0.149679174454174,0.457217929706833,0.0450352245466642,0.00317396930350249,0.0531276253746137,0.0489920475843327,0.0185152425279567,0.0672652558012751,0.298334965379063,0.100943641792683,0.0529566024135668,0.0288550345778439,4.83455087180195,0.404736380194337,0.191827214722562,0.578024818722725,7.417027775329,1.16065246814837,0.225653207453311,0.0209342422616187,0.81547267528575,0.243629232709843,2.60926943495356,0.351565542235196,0.412495632269516,0.0241863996668154,0.0740559587621238,0.071528241483989,0.101262272099424,0.0201813896557274,0.032021977842849,0.0352524765678123,0.0479981770807348,0.0489874544096585,0.0807458368840142,0.0318228790156415,0.0419647417777472,0.0533652678241308,0.0266604581024583,0.00657823695446658,0.0293756441463802,0.0228566717033253,0.0233384094053752,0.015672887217329,0.0107537688491026,0.0139116086227471,0.00820415465884562,0.00443678787280957,0.00681121560095085,0.00755195341160605,0.0232995813055853,0.0214851594564994,0.0251437221916391,0.121192981157779,0.0254432177566115,0.0678077724209138,0.0312136815977236,0.044148998322686,0.0234581507475727,0.115837727697883,0.122468073209857,0.0291294382041163,0.0693982228603442,0.0215109869291487,0.0585733978531349,0.0365319284410284,0.0133232681877676,0.0393661725771956,0.0273648850030567,0.0336242012711561,0.0355918493222732,0.00785583885989527,0.018516349540328,0.0101179755203816,0.00805690628046627
0.0135529434632339,0.239336048619949,0.0113824314879356,0.0405417425804419,0.00813957800869172,0.0423773184091847,0.109420492372601,0.0297126326972391,0.0877121470133221,0.674645621770836,0.0494268884229553,3.52128139180061,4.69715629294077,0.0197347877852039,1.56094595651016,0,0.226878207048887,0.353666559358161,0.182841887800685,0.669733561289808,0.488398016277489,0.402813529546968,1.65474943506869,0.133127414380185,0.00291072174199725,0.0189650588643531,0.0379473282896586,0.0172750811902784,0.0387473897727605,0.479749780799469,0.270265368003148,0.0457135513520309,0.0180570356057998,1.23118948851453,1.1304727539966,0.940061070251208,0.0808132531326793,2.25470377596397,5.51270224585663,0.843478365183693,0.0044063592508331,0.0947272448408902,0.359701802780375,0.140025757261426,0.189708120307686,0.530340454667483,0.126595223547445,0.160353778594682,0.0529162136937541,0.146343861514468,0.0177022647325529,0.0428041494282075,0.0532230344272897,0.0338086791833231,0.063457408073004,0.146927048496621,0.0690116988809615,0.077950108340273,0.178870088356992,0.114164860871927,0.0510970592616117,0.0631389737777197,0.098677247568348,0.0863746854630953,0.0526748161600542,0.0176291225995805,0.049641391289098,0.0519775087758404,0.0418022786956621,0.0112592457863601,0.0339372778521825,0.0238368468860655,0.0130272742924714,0.0176578977611966,0.0773144901073985,0.00624644135022571,0.0214338654572476,0.0391973870600139,0.0495732579181539,0.0142072706414424,0.0935772872745108,0.211119674472998,0.07618420074,0.176513258187421,0.0290449692155834,0.184916226914054,0.189712234812192,0.0742777745078411,0.0455978892372243,0.0933627479957201,0.039871408313578,0.0801671248305068,0.0443604555025414,0.0933267711231746,0.0149117412017952,0.0296125223035763
0.0480416752760239,0.919321301532247,0.619540621101659,1.04594772853475,0.0237748621681487,0.429397374819516,6.6201250558973,0.156879585333834,0.705179630447302,0.517855056042251,0.393634330570168,1.59177230356406,0.297806261744055,0.0321890806431591,0.322120022383475,0.226878207048887,0,7.50006338398085,1.13313432351017,2.14884162692549,1.00455519736199,1.76347195074986,0.965438553777197,0.316567141889594,0,0.849688319217729,0.0083078483977975,0.0869592819127921,0.357077863288383,3.10836670169562,2.52961564298668,0.386039235950502,0.0146405030749818,0.139290255627111,0.0986463012917483,0.458516675392638,0.00781019308355651,0.14793329443263,0.216511930533064,0.400618950688648,0.017183102519556,1.58276685660568,1.17116565097423,0.379446918966163,0.380940847283432,0.45071704857201,0.130567356603355,0.502539180567945,0.0220195607909446,0.0733768046433241,0.391986508805963,0.123766297853738,0.00852886143571753,0.0165225172809089,1.24724403700086,0.022575056110636,0.00832202552936634,0.0207060189148286,0.0129988008563292,0.0114925929702136,0.005494509816533,0.00420595382517561,0.00652847985509717,0.00309172943236484,0.808366341826097,0.174435067204353,0.0414401651204993,0.0155854949835221,0.0087157997065537,0.0814200962785789,0.00767620796177749,0.0397039973228035,0.00214928986813235,0.48145872579955,0.0157475830290477,0.0398927283142028,0.126742243527355,0.60914081884798,0.502507459545118,0.0480088336543069,0.0183246471000141,0.030250934021111,0.0168650949111449,0.0438685116575472,0.00486959133517456,0.0185362750834117,0.0196039263552913,0.00970130390162834,0.00921070576917361,0.0696174741479941,0.0401996508370284,0.01004742179269,0.0113597335148533,0.0247224052605234,0.00595208015862226,0.0145833082392062
0.0139376253309535,0.650514074973517,0.241192292217573,0.38714005371705,0.0180696109130331,0.259320863995351,3.01264635956956,0.0589727097536394,0.406917841451785,0.421347499903914,0.231140480573317,1.01378579660713,0.462154485655203,0.0173891736533007,0.263977514242782,0.353666559358161,7.50006338398085,0,0.645660324035926,2.58246463213777,2.36270919010746,6.08711156227236,2.88151800019865,0.950590166980334,0,0.415076799300764,0.00394433044122077,0.0518181053576634,0.209556490154105,3.70552406230841,3.75693157751826,1.30511414978835,0.0075052197371244,0.118988056027357,0.135255586756573,0.908357926140451,0.0100429385480984,0.200023747768809,0.413601560189393,1.08145694552555,0.0185280627846009,0.813655108813744,1.25223086699938,0.282835987291172,0.285076225412402,0.398447263330635,0.4399299874601,1.62009171642716,0.0126390546986654,0.0452463633913477,0.20904308593683,0.0550090141402349,0.0109516378929134,0.00538095113859897,0.772150172101886,0.0183880344505688,0.0124464368573868,0.0120751642505319,0.00778665250104991,0.0149099351986808,0.00766734724864875,0.00485266827685413,0.0104009966143904,0.0101924653451662,0.495580605485218,0.188268516359283,0.0394826099924394,0.012322691694834,0.0225356083249693,0.148794595824713,0.0108184303787923,0.0403941532781522,0.000785201165822563,0.323598425527158,0.0233608154746262,0.0243584099881548,0.112394907239722,0.500713799818018,0.496160134626467,0.0898426627653121,0.0111346442222747,0.0224122842490508,0.0154454072056764,0.0611385086318268,0.00653288805546159,0.0194876499975107,0.0253495416646286,0.0162496792118423,0.00872927026254973,0.0434926630086476,0.0319174978135502,0.0178163422159907,0.0139658902786722,0.0399689526274424,0.0215053363729252,0.041035446044134
0.00763801455594836,0.252823833096176,0.0753965707544332,0.154930634161626,0.00716828913295878,0.16238636823926,0.726829694088495,0.0368727911227225,0.418306517901917,0.369520112782558,0.183781577637546,0.868923448028799,0.323146870773612,0.023310295234372,0.184600880020256,0.182841887800685,1.13313432351017,0.645660324035926,0,1.23260991778041,0.426494631949471,0.214533273846942,0.205589389323553,0.0422569035969325,0,0.0589084207086648,0.0035695471850454,0.0126867590491907,0.034899642646541,0.266637511663477,0.104329483372621,0.0565390139461564,0.00657994250128427,0.137016168949719,0.105020040538872,0.0716129580761572,0.00225998368441729,0.111213379133734,0.141038895147083,0.0974455790656697,0.00795881588570545,0.714707526884267,0.682887151134097,0.19024124139156,0.208756072426092,0.39283183804386,0,0.0568074243385743,0.0114010596706203,0.0129229182610386,0.0300939369319813,0.0239920805859929,0.0122474739119008,0.0181398074935642,0.038606328992033,0.0130691174685515,0.0128141480133115,0.00417362245937898,0.00870575996548495,0.0101539540054679,0.0150857130041033,0.0081426968216376,0.00741136813633327,0.00288269634051506,0.0220984190948181,0.0081984462097006,0.00379526262609661,0.00449036523869213,0.0018138308887277,0.00452958645668386,0.000773230137909375,0.00474376455241864,0,0.0619691689337845,0.0159162335987179,0.00718913326118856,0.0149645619844443,0.0237216646507045,0.0170960646778205,0.00574321605818981,0.0177079237357012,0.0145230658287847,0.00539189829613101,0.0110369137866722,0.00444125744190671,0.0109512222388655,0.0156137280943224,0.00792356894101787,0.00361342258514524,0.00560530921136235,0.00264188300420544,0.00339715833661695,0,0.0109455193332594,0.00200405802784145,0.00225596734921762
0.0110524332558489,0.480568169507189,0.088278774038971,0.196393710429979,0.0144699414128013,0.141441957689442,1.09271064098406,0.0501847935660455,0.362068872125015,1.38193343854996,0.242079117125382,2.31609762888668,5.38143525064567,0.0252510301660075,0.429367492356456,0.669733561289808,2.14884162692549,2.58246463213777,1.23260991778041,0,2.83506633241301,1.51549107983487,1.70728735635069,0.299835551018056,0.0049197486347672,0.0787952888178382,0.0162972430893336,0.0196630417738833,0.0509674114546022,1.30368917647004,0.768022130607653,0.141580498430013,0.00930597413970178,0.261211843443402,0.479893461980493,0.706934590731817,0.0164949010904991,0.384335836761876,0.566876432117881,0.588994205741386,0.0228737478155995,0.675049986407809,1.66296930714301,0.346189599852976,0.322505295741366,0.987062681526121,0.123280067737328,0.350559977010187,0.0280277942202175,0.0467258059651747,0.0272094604718252,0.0300495470928573,0.0161723449017325,0.015051656612016,0.0756966409857269,0.039102336018733,0.0153595503981007,0.0145731640972292,0.0275677671459719,0.0177832273463283,0.0135689818322959,0.0227468058217665,0.0183044270475027,0.0107086249690464,0.0512834469460243,0.0199761103477279,0.0157691737514252,0.0150005195105534,0.0172058151975107,0.0134736501188245,0.00727269778206957,0.0208917430028938,0.00201978208916587,0.0470031140850912,0.0387417386257279,0.0157595453088986,0.0382185738034128,0.0577926663868984,0.0669396140627135,0.0142156536545548,0.0527690806138297,0.0614099763340666,0.016043384561134,0.0810477721044893,0.0068978628478967,0.0366458486496924,0.032124428721309,0.0136678653244863,0.0182418671799774,0.0201448057328284,0.0234649176717525,0.0180009640187064,0.00927722244974405,0.0283377373817408,0.00908064019285104,0.0149686448758596
0.00524408678448055,0.279310790225641,0.0301682078189389,0.0696208994877913,0.00364149528441478,0.036104815697045,0.480227796944845,0.0211865981352157,0.17107072200329,0.783182959288146,0.0962753334762884,1.29676703914361,3.61800477033011,0.00534699636083087,0.218935710869238,0.488398016277489,1.00455519736199,2.36270919010746,0.426494631949471,2.83506633241301,0,1.83524977041839,2.02358962890693,0.293757384417082,0,0.0425944350392905,0.00961339223844043,0.00862756708318586,0.0326116250420085,1.16150696843457,0.911613996321159,0.230258084306313,0.0087149758818999,0.131074111235303,0.304587818168733,0.584409885358809,0.00821880983563017,0.198146257483,0.448153746539851,0.561233460514464,0.00582375938398927,0.292103053604369,0.867088323413908,0.189642907402251,0.177757908374766,0.505744052671959,0.231807575496168,0.40615532960235,0.0137743959653663,0.0374398972421859,0.0250743621484971,0.0142277728505169,0.00828243292603347,0.0106316935982416,0.0790030885772973,0.0271449285943865,0.014264357204923,0.0144178801077122,0.0175261061868388,0.0189424495894202,0.0151433473188747,0.0137076881096371,0.0248226830281379,0.00454889126515076,0.0483581045151132,0.0197983258499473,0.0169486637234367,0.0112085917995269,0.0173976623059006,0.0163707216279506,0.0111859189343411,0.0157895418961289,0.000850614259596968,0.0274676372802705,0.0164400549712211,0.00854113025845296,0.0349414844279521,0.06335724726791,0.0533238014673751,0.0054751266675971,0.0288416131957362,0.0566849398266319,0.0147465225976977,0.0716065339563149,0.011329315384295,0.0435536637750549,0.0388949067730438,0.0175129664944926,0.00704727417723796,0.0216671344058148,0.0154733615303212,0.0178497878509332,0.002760340111732,0.0176439043946554,0,0.00817557503523691
0.00446994370677042,0.192342553888692,0.0672665317875775,0.112482515764286,0.00315342627285271,0.0542856188753039,0.748554797783957,0.0251579748105169,0.0696064034988705,0.231914751050949,0.0576748819511226,0.589130333907751,0.986501897734934,0.00746793304603943,0.149679174454174,0.402813529546968,1.76347195074986,6.08711156227236,0.214533273846942,1.51549107983487,1.83524977041839,0,5.65222064105825,0.813073532616484,0,0.0865292145127767,0.0020716207593503,0.0185102442007951,0.0659106756523319,1.65761529738057,3.03880013816179,1.27593878015571,0.00389932189018855,0.0927223825223559,0.156008847549406,1.20578919052662,0.0111001483039603,0.216327803941107,0.532363229881764,1.39854889622153,0.00578450396723117,0.195124885100136,0.424917311889748,0.0819856589845744,0.0883018916590652,0.198731464250623,0.354776224413,3.57090019573007,0.0101445260729013,0.0306967292305207,0.0545930683059937,0.0272811013871505,0.00287400691084246,0.00912333083780626,0.226847196668895,0.0281818939089337,0.0048592464686542,0.0189846421029098,0.0133251424941962,0.0282555394937586,0.0177893201383118,0.0139834939561066,0.0214833230883415,0.0111488935741272,0.198091545605931,0.123350214758672,0.0323116938947075,0.0240311824556751,0.028339772204522,0.263392759669868,0.018421212904066,0.0331360109499963,0.000769143411936818,0.0465484518397621,0.00709993589653344,0.00902919130051849,0.0347173863546533,0.149550846204652,0.324024549485888,0.131279789765378,0.021611681691548,0.0415410740332816,0.0183700782530348,0.0781493313986106,0.00577175018650226,0.0262024615685384,0.0394018573724134,0.0232127279157699,0.0069278839478736,0.0279416435372405,0.0256233954653669,0.013376522578918,0.00535408593380479,0.0250393963509428,0.00459472216392034,0.0713734927480685
