0,0.45375027244071,2.50996164099508,2.48072211155389,1.09658828333581,0.756908766084618,0.282042252168702,1.27959109582975,0.0332935080635438,0.0338204271639561,0.0517828554412174,0.0711167064291204,0.0136186282003041,0.113922600468374,0.0713248388961437,0.0194931471158035,0.0854539492873922,0.0567187122964702,0.0192817106468215,0.020600782456438,0.0105883382549163,0.0436224105860893,0.0080754986239532,0.00710551874963965,0.642278952314609,0.116753300303784,1.42378890984241,2.46679167765853,1.55693267945576,0.133791365000512,0.0567190752143113,0.00547679757807594,2.37285653646848,0.215548237223817,0.0628383867209425,0.0363964092411071,0.070978732709879,0.0843535836922435,0.0388848042739967,0.00444913524232835,0.38344731370241,0.128759239228524,0.0250362035058548,0.0415818071168435,0.0169261385115631,0.0239768447236287,0.00244898327893466,0.00421795572213641,2.35309303226435,0.247792889594268,0.851345447808845,0.225674808665358,0.0428329321688986,0.0402682770951936,0.19641468850892,0.063454671960105,0.00176380561924746,0.00776534743592593,0.00514796527826471,0.0102186393629945,0.0153658812707537,0.00293785436776504,0.0062888321546958,0.00510923898994478,0.0601973885853795,0.0175231330108734,0.041152915557066,0.0232887665229224,0.0166004537978338,0.0136668996108629,0.00754419490032719,0.00543788211577877,0.43632177365778,0.192416011301202,0.329308419749422,0.90737890582771,0.925414750247817,0.0960678778356717,0.027863861051866,0.000568940733905364,0.213464716537576,0.0654859885633374,0.0274695100442317,0.0115252373979229,0.00273080726272412,0.0141733558818965,0.00654390977825092,0.00136104498224126,0.040027262820656,0.0784114594663821,0.0192414258211342,0.0116996326786634,0.00920286495304914,0.0158920632415836,0.00103991514028364,0.00233405218882642
0.45375027244071,0,0.259491609181484,0.400583519241575,0.248004494128415,0.625298314236408,0.651032830138385,2.34474207263411,2.26788442540239,1.89448422460728,1.94494330667486,2.07158427934349,0.0884202117107762,0.698505531436302,1.94339728636719,0.12865908452247,0.346880250223253,0.452245789702502,0.148985758969569,0.104614289096218,0.0835025135018642,0.159239555512582,0.045206226907338,0.0455921784634034,0.0788375025787615,0.0912440091970829,0.657155707280094,0.210159293345943,0.17726736633958,0.302029668242453,0.112493628330968,0.0421547294482053,2.18118429818999,0.965200946552627,0.349063302324569,0.173170443852622,0.512209734879545,0.844379291547715,0.261569387346721,0.0350695959275714,0.423418201018201,3.7537278678428,0.157167980646618,2.98294797150059,1.67023191377245,0.555979661793409,0.00883059852406991,0.0396113929334024,0.109611594203453,0.146595514907618,0.0712074451863942,0.0257371694761275,0.0121070721812152,0.0250212702376302,0.0717597349321295,0.0232238465453794,0.00252890948411742,0.0183441204106595,0.00520178683683872,0.0108765202798376,0.0221211220570317,0.00170194835812336,0.00904635740827327,0.00729492400991075,0.0391793621101036,0.0313907233252762,0.0634883373325396,0.0424249951901039,0.0339864295572809,0.0390628340279679,0.026224094165249,0.0238015647160636,0.0487510363113454,0.0939991227530381,0.0815490320647307,0.0710526538405423,0.139707515479542,0.173683867898433,0.0671830190357741,0.00475235489159108,0.0317779148723911,0.0802159707349955,0.0357199834393489,0.0469737644417341,0.00581019660869258,0.01130489722295,0.0164775670672974,0.0110839129531735,0.0335298465506838,0.0459627597029048,0.036295435552224,0.00793972168394602,0.0159843190377569,0.0296534464446522,0.0114992506982945,0.00906375928096744
2.50996164099508,0.259491609181484,0,4.17855853037632,0.0648907918585507,0.121834135343772,2.23333635261758,0.200694061864744,0.0101396619961711,0.0201132525597281,0.0196456461405195,0.0287202648072231,0.00661532170139187,0.055956610026635,0.0304065098591744,0.0103413038752868,0.734029715121308,0.662863555942295,0.0279232058247398,0.0260869127478058,0.0284751957628697,0.196102359105221,0.0163178773924448,0.0332113912626893,0.0838005703830157,1.83489697786648,0.668576003597572,3.05660122710524,2.49880932135777,0.871686846414951,0.461054430421074,0.0566756303016564,0.36759677166404,0.126938997561241,0.0431799800348159,0.0418840007572082,0.0469021109837777,0.0548620051396327,0.0221986863798649,0.0162959119967828,0.175340164082065,0.0837046569256883,0.0226732605219993,0.029959296075158,0.00325194535437558,0.0114642988745948,0.0333288608822863,0.0148403778057436,1.06786009788158,0.259987177053937,1.81474608261604,0.260021230915556,0.0683441972163869,0.0598468032101937,0.600799443773829,0.0452089511560783,0.00521397721825854,0.0210980867677705,0.00642771314402616,0.0195357555681087,0.0397887343377813,0.00540982047938197,0.00984069366004411,0.0188131826573024,0.19442456632782,0.0824135668221403,0.101134149765285,0.0701341521985111,0.0413417727687135,0.0526688428819133,0.0179061210351167,0.00973991413140034,0.150754864773989,1.07867092161133,0.272839992138529,0.697170559837833,1.05787233511581,0.375714861941582,0.135342806579942,0.00181816334684524,0.166680927473461,0.100487745599488,0.0400374074014091,0.0194608393757851,0.00928084211466788,0.0229317514886766,0.0112197723948801,0.00362635041953518,0.0743580391884353,0.0882982556658754,0.0495514187352231,0.016437907476112,0.0161734283568444,0.0435527341280679,0,0.00204793696361275
2.48072211155389,0.400583519241575,4.17855853037632,0,1.15851303111309,1.98906801818159,2.52131545970898,0.397285689247372,0.0654987245403643,0.0957083300329967,0.077024470169006,0.0884487208412199,0.0363628529841781,0.070403549975903,0.108150537047347,0.0263581490727612,0.812182211586369,0.172871250270766,0.134745530311515,0.0812845991739076,0.0322228529787815,0.0662986497915569,0.0118368776450792,0.00636361718959036,0.0439138569460399,0.122404469024257,0.255243349691626,0.59065784876416,0.566402684139632,0.12195655522354,0.0592073660806606,0.00472870019918923,0.408954064215348,0.225654418308083,0.0673540458603625,0.0363735779774784,0.0557321173403847,0.11827782845435,0.0413894051843544,0.00709385709249568,0.484190936458966,0.383717902499735,0.108339775655119,0.0670657025234233,0.0388922027841579,0.0503806305584939,0.00492414907557761,0.00919861426680846,0.0952505846541765,0.0900464825893797,0.16733429258244,0.0613666176118547,0.0159828330810758,0.0189502583798569,0.0873626901624211,0.0139370375091618,0.00158821122835703,0.00845974516860297,0.0018067541255517,0.00967183538355594,0.0229095307979787,0.00238907969778243,0.000691356128167411,0.0103165247042898,0.0371689620255929,0.0153955918867415,0.0351462354090035,0.0262144248129581,0.0171565370343577,0.0185407732877658,0.00581195866255057,0.00458062958943729,0.0205408422029935,0.11229236243001,0.0766553421883911,0.0823778117352826,0.183963420324129,0.0907867735851899,0.0391906145450426,0.00352841071482432,0.0276688628305264,0.0416559985200356,0.0130059291391166,0.0119964012200076,0.0037216952411653,0.00704942633964735,0.00359817031978553,0.00282724490201321,0.0209221690373986,0.0278911050091039,0.0130225971124126,0.00800253019074102,0.00471311596081594,0.0147275917477723,0.00454623637420573,0.000509331162341176
1.09658828333581,0.248004494128415,0.0648907918585507,1.15851303111309,0,3.03323945575295,0.242178490974143,0.678021141455784,0.105876900337745,0.0360133729123488,0.138627837208916,0.0724467289440059,0.020572802385741,0.0611196893950155,0.0502169336759116,0.0194542122156243,0.0487458749656004,0.0173622744331143,0.0197214356730087,0.0265460976042498,0.00740667164053538,0.015336735183581,0.00520410213557709,0.00397498490153533,0.0117554274645405,0.0222479111224305,0.0509395533746453,0.0454887217194262,0.053275085993552,0.0275142456828697,0.00703516043970711,0.00272964095660301,0.68900782305372,0.0722302730713698,0.0174421151950782,0.0134850322877052,0.0438524529075923,0.0563076472384132,0.0182073854564672,0.00243162435497275,1.33466390530543,0.216279335023105,0.0323615887136158,0.0834357041574668,0.0435149248988005,0.0416945535128236,0.00183474003590985,0.00169803484999384,0.0243198619357155,0.045848932547575,0.0308558992725133,0.0160301263905982,0.00259865329841122,0.00451659739351873,0.0242828238501157,0.00396653002075015,0.00532838719753403,0.00239719340819167,0.00148190768889313,0.00364560157228633,0.00386873607481703,0,0.00257439017291196,0.00770464956577982,0.00924679599924735,0.0102911316520334,0.0134300934288118,0.0122554315910919,0.00352582708202515,0.00442906127405547,0.0035564594973827,0,0.00490137017091845,0.0292865691138444,0.0447512766793649,0.018215590555657,0.0329697089129225,0.0283079595571741,0.00848352479441927,0,0.00626891014137557,0.0232335579348495,0.00380106082683385,0.00121580890170063,0.00148036726959094,0.00773588663223634,0,0.000438287533232183,0,0.0105603578336651,0.0138312508412864,0,0,0.0101437683159894,0.00363105675636971,0.00045172342890459
0.756908766084618,0.625298314236408,0.121834135343772,1.98906801818159,3.03323945575295,0,0.980962827257083,0.952540331660967,0.476824080407719,0.275463947620998,0.336232974883605,0.291800984393498,0.0404111399023865,0.116866652063712,0.18872378201457,0.0525974002369423,0.211158727296826,0.0604051491468213,0.121076359627932,0.0627725551191025,0.0250759761673957,0.0312290530293695,0.0082162924024692,0.00308609267754183,0.00491079569195027,0.0325358925274321,0.0503801293676412,0.0340004151383811,0.0440883512630171,0.0380615260755609,0.0182752996722426,0.00920842603944427,0.72809864095882,0.12253539578467,0.0321921527245627,0.0152007499670267,0.0477776925607232,0.126286405551284,0.0327507927297911,0.0118252294775128,1.53579292061978,0.78625425271042,0.0963528164084969,0.334551448750943,0.101280533830731,0.116265792829243,0,0.0039289386884387,0.0110491874313754,0.0336721078427675,0.0196528978454372,0.00782317238372246,0.00176757641934033,0,0.0273777372365499,0.00422715371564628,0.00342293017056727,0.0117254808452271,0.00181111208135856,0.000706067558560841,0.00708276475788385,0.0010891684628187,0.000677990404911191,0.00579360307197362,0.0147228265869895,0.00465888333871767,0.0288624755083792,0.0121166092121425,0.00909210562875254,0.00707495360628062,0.00291824111900992,0.00189006823500704,0.0134065568750029,0.0248514858229887,0.0399455024919837,0.0117487546499066,0.0342543534598914,0.039169948717199,0.0161360622840739,0,0.00202409655269019,0.0219032504384813,0.00728161959320203,0.00185586469482903,0.0020780580596611,0.0107723875995225,0.000829726726039835,0,0.0161051285153337,0.0117921870993037,0.0129493636855156,0.00375633974828526,0.00912363948134409,0.0157911656033313,0.00118575293165338,0
0.282042252168702,0.651032830138385,2.23333635261758,2.52131545970898,0.242178490974143,0.980962827257083,0,0.467956756579244,0.319871295962035,0.309392573498324,0.25098018590132,0.356616326362245,0.0751108206714393,0.0616535958755143,0.249326639368362,0.0715958759278587,7.49893885842934,4.03683291425719,0.62670264063428,0.288499656030015,0.129727552797648,0.904839172148924,0.0655521146018129,0.106334970481085,0.0120697960524504,1.38189321188227,0.209941296001947,0.449133109011911,1.35819818380046,2.27746936020606,1.8000403028324,0.128803969817834,0.162145910582363,0.293576565304198,0.0738337337278046,0.0831903183351016,0.057689341201581,0.211840565803842,0.059694997634093,0.0483649632094007,0.228372056417491,1.20524603294422,0.248470600652118,0.283113488462428,0.112711398493916,0.183624085324082,0.0683695725316583,0.054355270853367,0.129157864432702,0.106750485810296,0.336703325315012,0.0811442447749743,0.0144610344568104,0.0136562710167476,1.45850104428955,0.0161303831606124,0.00345502825920892,0.0238275438209461,0.00316216887444747,0.0097203611626672,0.035934543423523,0.000528157796522401,0.0033247656337225,0.0103850921097371,0.597617286558711,0.14159209378478,0.100919460151724,0.0804022451065248,0.0569935789738213,0.136690681165511,0.0310006196051789,0.0190796453318661,0.0216861334628808,0.758890056425242,0.125052052904238,0.15240751835905,0.479483078748345,0.762541542016851,0.436048409026111,0.00740326202162088,0.0418732689903386,0.0783897362748219,0.0444967360668104,0.0250219565856095,0.000535378912571317,0.0111377990518197,0.0162282733987284,0.00317504298582894,0.0136248008705836,0.021762449819096,0.0476366632796954,0.00848112652458078,0.00150579476590867,0.0437829971647075,0.0042732784548361,0.00426218400905825
1.27959109582975,2.34474207263411,0.200694061864744,0.397285689247372,0.678021141455784,0.952540331660967,0.467956756579244,0,0.700597919042149,0.47485182885908,0.84817937691381,0.585575938780293,0.0470712544543922,1.1444189451847,0.56902509393496,0.0706975787324235,0.182117991659216,0.132975723268942,0.0476091263353114,0.0537377350974129,0.0287454547052005,0.0828798738192126,0.046380269556393,0.0270558455676779,0.268405347742016,0.0519163610816897,3.75748810484955,0.342307445610998,0.403971353379199,0.182264743891024,0.0696412523210164,0.0112318808242639,6.63025889131992,1.7475666062953,0.386644558559348,0.168968875046755,2.33000833937606,0.519338040833808,0.223980936642156,0.0255158919590187,0.677779270058699,1.22256419289607,0.0584888444146405,0.674933237164345,0.233440303063556,0.146222783162864,0.0088493992225267,0.0213333360687267,0.202105153228797,0.0882092859019354,0.0681176225813987,0.0246500517784662,0.010258096200742,0.0118538932689886,0.0467533444112826,0.0502830124589682,0.000864932352450141,0.00537835007919221,0.00175509759815628,0.00577863078768115,0.0190036879139048,0.0017734440303863,0.0021824837443318,0.00485144048066993,0.0275706023248176,0.015093801233006,0.0423491504380361,0.0155919200451375,0.0149131993267824,0.0190046611414617,0.0106678549795981,0.0162092432834443,0.128991445072267,0.0518565837976815,0.48982991601208,0.158454595353283,0.241315260381113,0.116433557520863,0.0499480832219971,0.00175806109602689,0.0891234849013051,0.0724345477629123,0.0271895564676542,0.0269768911063929,0.00224448890810216,0.00977561668556928,0.00845128167858401,0.0106264099657132,0.0103298772078861,0.0203810462800973,0.0152403811942524,0.0115571630203828,0.00411867355094646,0.0138471628100719,0.00497976683627316,0.00630763893563289
0.0332935080635438,2.26788442540239,0.0101396619961711,0.0654987245403643,0.105876900337745,0.476824080407719,0.319871295962035,0.700597919042149,0,2.22122507499646,2.75275720195252,2.32391711776543,0.0737356420936987,0.758237466181316,1.77376680280094,0.138142290224696,0.182998107046248,0.0630378180670383,0.0894720114463952,0.0549456204750474,0.0266349811164195,0.032626301339467,0.0170014229909458,0.00626550879561767,0,0.00137164575390925,0.0171719585383028,0.00847102757479949,0.00388945787730119,0.0207844912334526,0.0161077524191477,0.00307370123309014,0.0654124851742121,0.211898458643881,0.0453941880513969,0.0273402744666434,0.33416453148531,0.536471291546763,0.0884160809956223,0.00438730765344575,0.361580496799016,3.65701987198618,0.115038964141177,3.11175152043563,2.01892657817933,0.983948137719751,0,0.0108566301298466,0.00166635295367066,0.0024664553034117,0.00185379760719917,0,0,0,0.00315739387535686,0,0,0,0,0,0.00131027318685623,0,0,0,0.00205687541525962,0.00151749013019248,0,0.00440919668204132,0.00479235674906181,0.00390604236100228,0.00359755408708062,0.00849112685946176,0.00338305427668173,0,0.00808542430110992,0.00116201769987079,0.0101960273959448,0.0230610065844581,0.00763913893868298,0.00153693049088252,0,0.00105577893042788,0.00780535428149016,0.00192898638054478,0,0,0.00279938480531983,0,0,0,0.00318594046206067,0,0,0.00150039675899299,0,0.00165523505216798
0.0338204271639561,1.89448422460728,0.0201132525597281,0.0957083300329967,0.0360133729123488,0.275463947620998,0.309392573498324,0.47485182885908,2.22122507499646,0,1.62851102103014,5.16955116501197,1.60475854172955,0.510324694372439,4.39274514656432,1.29100775896001,0.45492197488014,0.187348061429791,1.46949431867244,0.893329011206186,0.369676896845476,0.294576400975727,0.117602177233043,0.0476347747639244,0.0058636071905387,0.00243287383147273,0.0420643377622861,0.00351752155316578,0.0042335545436665,0.0753365604779096,0.0723226144043441,0.0230722467930801,0.0634378962474008,0.354577014626481,0.10279725179123,0.106535089873206,0.235149177700064,1.05253970149454,0.32903955042776,0.0606507584517511,0.14226592816499,2.16235836383877,1.3970448618222,3.11413184396268,2.4675707431606,2.81158206210353,0.0205830531720393,0.0344314402077411,0.00309533753479749,0.00155101121049286,0,0,0,0.00104242965767637,0.00345007969173951,0.00123100924751086,0,0.00220483599493614,0,0,0.0035241658146813,0,0,0.00259194610676572,0.00183204285565961,0.00580033166691091,0.005980373533104,0.00323204564732582,0.00610482689652633,0.0254956186756556,0.018115436301279,0.0216773893552221,0.00485325326106947,0.00728395312454876,0.00826352128173935,0.00155221722182283,0.00331763774976247,0.0592389521238677,0.0562416010614517,0.00649377686689029,0.00378874296888369,0.00985314069884763,0.00744688586156173,0.0235963914672819,0,0.00405224305902976,0.00222764150081286,0.00233036504170539,0,0.00147230677687904,0.00195259588525087,0,0,0.00112616851044151,0.00848518609898423,0.00752172038014521
0.0517828554412174,1.94494330667486,0.0196456461405195,0.077024470169006,0.138627837208916,0.336232974883605,0.25098018590132,0.84817937691381,2.75275720195252,1.62851102103014,0,2.1150060500614,0.0306851917032142,1.81999121799313,3.12091418733908,0.160895283918462,0.107131306946837,0.0429995690903678,0.0702809679918759,0.0457745004884054,0.0312740611299711,0.0356040413142666,0.0221776773143465,0.00553049907130876,0.00452321614779572,0.00640857589333862,0.0175190198800428,0.0160854488937765,0.00691430353287083,0.0249406018653495,0.0212028261881636,0.00501857949065969,0.109459184415448,0.180040433116319,0.0553278162476181,0.0556934466591106,0.623113691819778,0.808544854122946,0.125816118783105,0.00965612677391208,0.313296518426712,2.07818920141999,0.0843479424867587,3.00437157941534,1.27857831724316,0.466734898273959,0,0.00913258601355081,0.00583717048567667,0.00499065623896224,0.00362620086319333,0.00042451966153878,0,0,0.00363392268890512,0.000504416888420234,0,0.00135436473344611,0,0.00133990026645861,0,0.00425838559677172,0.00224327808272767,0.00120632061372632,0.00194914597578198,0.000884235997223266,0.00490271983142138,0.00327304461384323,0.00116528396701826,0.00651483071936006,0.00274115502293934,0.00357545089477563,0.00814075044336282,0.00749766750959679,0.0217273849851202,0.00600950203099884,0.00776422423386783,0.0230312747861777,0.0104587112689833,0.00169777650513758,0,0.00364027331069827,0.00464552276867359,0.00694264956389198,0,0,0.000910866928777503,0,0.00204042294095176,0.00301616631924462,0.00172140475273735,0,0,0.00610297905688319,0.015292328002493,0.00181493160207062
0.0711167064291204,2.07158427934349,0.0287202648072231,0.0884487208412199,0.0724467289440059,0.291800984393498,0.356616326362245,0.585575938780293,2.32391711776543,5.16955116501197,2.1150060500614,0,2.45539221986941,0.821577059425517,6.67355179188412,1.9152906421835,0.285991364849472,0.15822779061106,0.293939387596767,0.637715989992023,0.308222930885319,0.398499147640422,0.163829230625034,0.0485202881120225,0.0068583060343187,0.00564752157914925,0.0470534745861912,0.00983079891287274,0.00869881857309739,0.0936991712260541,0.137161949433535,0.0396710994245511,0.0781260193573684,0.405098116834042,0.145192867755694,0.170134583709832,0.238193214267032,1.43522596478638,0.438700932945899,0.0579397904781915,0.142729422473819,2.23321138494535,0.286712967697214,3.44022055372144,1.85441914217358,1.43161803196365,0.0169150528518796,0.0569385912302482,0.00427134004265414,0.00279307360266259,0.00282027383752884,0,0,0,0.00486382689768087,0,0,0,0,0.000585226329584802,0.0075023410593341,0,0,0.00424886811496555,0.00454208199952908,0.00488449285660644,0.00889447631878386,0.0090023645872845,0.0073689538414929,0.0295535609295777,0.0167921225303484,0.0205070294219602,0.00261782677616251,0.00673745727141983,0.0259993374727065,0.00207291055765099,0.00559702439211271,0.0717909530809847,0.0591726445035482,0.0163067665852796,0.0028466626375908,0.012394730484317,0.0134469528827773,0.0307901374867468,0.00120625837128158,0.00160431569074282,0.00463795441979089,0.00710176842660957,0,0.0018751330576249,0.0063794763265515,0,0,0.000623404840361275,0.00814675256315228,0.0104306471396765
0.0136186282003041,0.0884202117107762,0.00661532170139187,0.0363628529841781,0.020572802385741,0.0404111399023865,0.0751108206714393,0.0470712544543922,0.0737356420936987,1.60475854172955,0.0306851917032142,2.45539221986941,0,0.0263373527368014,1.0864997663509,2.90999717346522,0.103022408990015,0.195066456211537,0.22740669479087,3.00887750625345,2.52669098732246,1.49942186300362,1.12048837297554,0.0883924834936325,0,0.00286802627241892,0.0277424538870131,0.00160535844515186,0.00583035671244824,0.0861215401908292,0.154480543812383,0.111483351462836,0.0208863345716808,0.190835943767366,0.13530304633221,0.257145138401353,0.0160486596620836,0.208979159931711,0.304275873281177,0.107297430955519,0.0248124278511439,0.176119742346631,0.358702433594499,0.0808186384686425,0.0700659592434423,0.82224468572004,0.0258039250171703,0.127442644952461,0.000933263476916692,0.0034116519634824,0.000898716034534452,0.000243363135050932,0,0,0.00223405261784426,0.000387771660090946,0,0,0,0,0.00361792191199256,0,0,0.0061446642142087,0.00146499164454877,0.0045586098912104,0.00138297614563215,0.0035964573522205,0.0104841501362101,0.0405594052368286,0.0266056874812488,0.0432673794287653,0.00309823669416415,0.00208747015465957,0.00577704152273982,0.00131683443161179,0.00174552112076618,0.0610575006818766,0.0724800229574952,0.0262235294816988,0.000887427970211213,0.0031094307559788,0.0100777639347734,0.0361543181815206,0,0.00376229269754702,0.00804404335852742,0.00881094888072405,0,0.0029720119083334,0.00200018139905685,0,0,0.00151736009979107,0.00895000463300083,0.0169632616887581
0.113922600468374,0.698505531436302,0.055956610026635,0.070403549975903,0.0611196893950155,0.116866652063712,0.0616535958755143,1.1444189451847,0.758237466181316,0.510324694372439,1.81999121799313,0.821577059425517,0.0263373527368014,0,1.63152607305627,0.0835013076106671,0.0458934924324465,0.0538193694131487,0.0531859235516793,0.03274348931239,0.0209297038597193,0.0209146023649271,0.0146537007410776,0.020845579358208,0.0227769836623731,0.0195663645159058,0.27666204396853,0.044694895034036,0.0589947538379863,0.0426196427489539,0.0177711697996921,0.0234307104194114,0.459781341537538,0.407603328680964,0.158607058476109,0.0441754319420863,1.10292080049459,0.659112685768133,0.0956512592036614,0.00296354018913191,0.160922995762212,0.50771778685229,0.047394713412371,0.827730926091676,0.44970415732909,0.146514717688189,0.00793213702684031,0.0092264629087415,0.0247547778401821,0.0136888927269737,0.0185262360971956,0.00600406226353456,0.00517140882287326,0,0.00850840960173587,0.00168937551000514,0,0.00219702812912295,0,0.00326982984803494,0.0115217611264314,0,0,0.00444521743179971,0.0057256731838245,0.0056626262539342,0.01441179542644,0.013183828973424,0.00933055985471499,0.00733651861496824,0.00797114063996601,0.0146870174360854,0.0121365673376931,0.0431455702666112,0.032300895716436,0.0178667034701384,0.0222979089217791,0.0433338718893338,0.0174240008090172,0.0144976029536291,0.00568707057993737,0.0138758092920828,0.0070880480814393,0.0116574704482568,0,0.014732392562759,0.00420305987061464,0.0052062058017442,0.0108574216478146,0.01661831632545,0.00879963466781652,0.00223139961742627,0.00477778801347931,0.00487642677685438,0,0.00228410347403107
0.0713248388961437,1.94339728636719,0.0304065098591744,0.108150537047347,0.0502169336759116,0.18872378201457,0.249326639368362,0.56902509393496,1.77376680280094,4.39274514656432,3.12091418733908,6.67355179188412,1.0864997663509,1.63152607305627,0,2.83491938098811,0.200289905560767,0.221158642152877,0.213557204999936,0.317648335386187,0.171959058460012,0.35740723277549,0.198898198340131,0.0973606064760549,0.000864778820687251,0.00499909621198741,0.0531443502133217,0.0203399916954233,0.0187195295489495,0.121646329275747,0.161286691516838,0.0845974527804171,0.110086017631202,0.391521502589019,0.2468600098792,0.313534890795316,0.447961693462037,2.58212235437129,1.75333418250819,0.131920895079173,0.162176895936262,1.6083038722732,0.294578637815227,3.43237628721077,1.90164242771584,0.905518272079393,0.0298535405095121,0.0954301958595904,0.0135434694598344,0.00799474656157765,0.00456700597609709,0.00096162519916862,0,0,0.00823175249088097,0.00229346361616767,0,0.00250220404167098,0,0.000694745518005579,0.00185132298135327,0,0,0.00773631398499011,0.00647413257542329,0.00631721426308959,0.00836155609747825,0.0150826310614489,0.00630606649220697,0.0372931186798636,0.0314082771352119,0.0526699605019487,0.00542383243099252,0.00242402781212696,0.0272524222870695,0.00549426218505384,0.00836513848733803,0.068718693702478,0.0670895102898141,0.0207391892835876,0.001172497118259,0.0120232002784385,0.0310181062599452,0.0443589392446175,0,0,0.0128182979285133,0.014584247806005,0.00454455203843018,0.000934059217875517,0.00238594339801897,0,0,0.00233883000179128,0.0174392253309689,0.0175482142852006
0.0194931471158035,0.12865908452247,0.0103413038752868,0.0263581490727612,0.0194542122156243,0.0525974002369423,0.0715958759278587,0.0706975787324235,0.138142290224696,1.29100775896001,0.160895283918462,1.9152906421835,2.90999717346522,0.0835013076106671,2.83491938098811,0,0.106089199048842,0.111332119859728,0.126224278856149,0.680651359008721,0.434650664061084,0.598361541117218,0.850399250298861,0.218326277435747,0.00804270463490134,0.00171250842026946,0.0330395637472038,0.00943092681612179,0.00468477041439416,0.112575419141874,0.178693184590659,0.16872820399947,0.0361989968293344,0.303624655963653,0.26379476826004,0.389622440503652,0.0577409341849548,0.909369820401009,1.90670081837978,0.304045347538843,0.0225645741186178,0.217022858885931,0.16504690316124,0.200358465150873,0.201356371381597,0.32634743197482,0.0823855480477635,0.303638356406064,0.00229854379472338,0.00442165153892535,0.00173664031281878,0,0,0,0.00238170937756488,0,0,0.00209476039852226,0.000914693838803333,0.00230119269856716,0.0061870178024312,0,0.00142672360671334,0.0119086976847607,0.00090386839954909,0.00112293464905107,0.00504605694392096,0.00749322141535214,0.00576906963880809,0.0560726905278291,0.0647026045785686,0.0819655916772942,0.00541602656253936,0.00297520793908292,0.00597833684811572,0.00121179900630175,0.00575265860035282,0.0546043928844486,0.0910361418021971,0.0513837169046713,0.00149126361999416,0.00545943703539536,0.0320326987201693,0.0801837144797414,0.00138694804579634,0.0012401739000804,0.0351698875264935,0.0164173088380785,0,0,0.00221072120143623,0,0.00141646845330551,0.00590506296917605,0.0482376050311873,0.0470708912052357
0.0854539492873922,0.346880250223253,0.734029715121308,0.812182211586369,0.0487458749656004,0.211158727296826,7.49893885842934,0.182117991659216,0.182998107046248,0.45492197488014,0.107131306946837,0.285991364849472,0.103022408990015,0.0458934924324465,0.200289905560767,0.106089199048842,0,16.0299810412761,4.04047734715781,1.87643115473546,0.456672169755495,1.82086741429913,0.0729619172164147,0.114141462757028,0.0110303861062257,0.651540116722141,0.150378550794095,0.188895185872962,0.660532373448859,2.48156692911075,3.21923243683813,0.171610162213852,0.0707958473215489,0.569231065236928,0.122067977646,0.108459710540111,0.0558185185502719,0.301371072686991,0.0977703222173925,0.0510524950353313,0.0793627435446962,1.01197387576135,0.79871456004383,0.180583805682454,0.154068565047527,0.422636765409968,0.0843402808944409,0.0640448949058274,0.0511619904065641,0.0403529839791869,0.132519116752961,0.0332285651293531,0.00517628908177678,0.0030956235795914,0.999477161259742,0.0113451442321937,0.00105794279451258,0.0132419691002143,0.00109234235805627,0.00724744642411556,0.0343215695727069,0.0019058313831932,0.0049135689312625,0.0109118675308226,0.756174638441445,0.287225067746942,0.081681848172585,0.0810712415761955,0.0927279540249526,0.235361112285586,0.0333063837256265,0.0100070289250007,0.00987140752614017,0.391117536870318,0.115295880139514,0.0508793793308304,0.23901157861807,0.891355172865738,0.622546321881185,0.0112900406817706,0.0247818329394674,0.0751123523369214,0.0490012177494062,0.0388217684151688,0.00117304691740588,0.0208130380379098,0.0215409338442991,0.00723422156464823,0.00537976288087887,0.0161330611890004,0.0418236018338315,0.0041230431582447,0.000853171918315403,0.0263965631742319,0.00777490411062873,0.00398936540215906
0.0567187122964702,0.452245789702502,0.662863555942295,0.172871250270766,0.0173622744331143,0.0604051491468213,4.03683291425719,0.132975723268942,0.0630378180670383,0.187348061429791,0.0429995690903678,0.15822779061106,0.195066456211537,0.0538193694131487,0.221158642152877,0.111332119859728,16.0299810412761,0,1.54445685380541,3.60848091366169,3.58738447096109,12.3224903490601,0.247866575204301,0.468537194478672,0.012291946660527,0.636496705301432,0.247265932235479,0.220808027246737,0.77056598373724,4.98986292873038,9.53850001926079,0.789499629525809,0.087093232182856,1.40407799837547,0.334432010258684,0.337276307652641,0.121956019171102,0.575908446555524,0.246476421521448,0.137487509349711,0.0631623126666023,0.302454189899123,0.609620779924657,0.145955270716135,0.240945518701905,0.391021700993763,0.415114629247146,0.207486222153215,0.0342292223378375,0.0442085062231511,0.104315289308782,0.0206085752160852,0.0108886917313913,0.0164290204237965,0.635132366669656,0.0211246263286808,0.000883644389806294,0.0167922741953386,0.00336460287032775,0.00573929820579345,0.0723149083009444,0.000635674219032371,0.00205288490490384,0.0227404026044566,0.404809074767162,0.330838711475313,0.100818740542402,0.11925876613341,0.205818890964067,0.557534586818514,0.08739938670425,0.0558006511986915,0.01657623039999,0.397220963329343,0.190900021851819,0.0571848451324383,0.217790395301623,1.84575777720807,1.50196852229188,0.0600037605022781,0.022585110793862,0.12340194797236,0.173063788795844,0.107292420333257,0,0.0359797451739921,0.0448674337372767,0.0075819312346892,0.0110197138597024,0.0132599981199269,0.0519221683340977,0.0095400696740577,0.00615775809797316,0.0245342164033323,0.0218565126759821,0.0179831749775873
0.0192817106468215,0.148985758969569,0.0279232058247398,0.134745530311515,0.0197214356730087,0.121076359627932,0.62670264063428,0.0476091263353114,0.0894720114463952,1.46949431867244,0.0702809679918759,0.293939387596767,0.22740669479087,0.0531859235516793,0.213557204999936,0.126224278856149,4.04047734715781,1.54445685380541,0,4.60038416216409,0.821634771709231,0.357560059573516,0.0264693034800542,0.0128357092014372,0.00937740782961922,0.00732913019597069,0.0564438291569717,0.010727981547226,0.0293104145663295,0.171532808034212,0.1277751723569,0.0247547923596397,0.0247519416689087,0.33417259204732,0.0801660148535841,0.0434557007216826,0.0489867764138485,0.247921904012347,0.0805817839677047,0.0122501015621135,0.0596489100659749,1.08745082833696,5.4810761473424,0.108342909897841,0.118019743295882,1.77344881934901,0.0245853262268847,0.0125569939283709,0.00138299713040014,0.00529701542137899,0.000348217104030862,0.00118017395313547,0,0,0.00616346456474352,0,0,0,0,0,0.00187705092774892,0,0.000889489428177237,0.00183895349865837,0.00602359461260513,0.00364704695937812,0.00524596618872059,0.0096223563789368,0.0101221668708354,0.018342951856199,0.0154082003948569,0.019687197670733,0,0.00297294115787242,0.0279610721336117,0.00111676755093355,0.00648630682642826,0.0698519129724166,0.0540757375610552,0.00270018964614881,0.000500598466353808,0.00608562939969737,0.00928766537213802,0.016479332055021,0,0,0.00264845363357726,0.00061333583024422,0.00177208436497156,0.00073954215343594,0.00169415564242251,0,0,0.00122433039010647,0.00331029842242123,0.00120215976257373
0.020600782456438,0.104614289096218,0.0260869127478058,0.0812845991739076,0.0265460976042498,0.0627725551191025,0.288499656030015,0.0537377350974129,0.0549456204750474,0.893329011206186,0.0457745004884054,0.637715989992023,3.00887750625345,0.03274348931239,0.317648335386187,0.680651359008721,1.87643115473546,3.60848091366169,4.60038416216409,0,9.06523901757068,3.48130467309687,0.311612333601172,0.0427616519322,0.00646807232958467,0.00687016577987287,0.0353138781604279,0.00421801506213063,0.0125929139136686,0.20062253297566,0.273282244632045,0.0860890899867101,0.016790729805081,0.371577868117047,0.108413607335445,0.131530618032974,0.0495527955682694,0.249366495113037,0.141541154502748,0.0324223819936123,0.029623159816948,0.435370398583753,1.97050585567841,0.080277847870253,0.099210019430724,1.0623491155718,0.00997546569607377,0.0546347167870442,0.00320440419095755,0.0053821251445018,0.00269026599345315,0,0.000503573834913652,0,0.00352117816587457,0.0013840519335049,0,0.0010467899503965,0,0.000345045939493529,0.0114911043806271,0,0.000564824996943991,0.00797860631073982,0.00930775787215531,0.0111652788436467,0.00344289625310366,0.0074824810786103,0.0139776126835947,0.0698351931366038,0.020785057982551,0.0152728060373203,0.00492491421093461,0.00166950052391864,0.0246139410765132,0,0.00731727197492496,0.120788792586859,0.107372538277961,0.0211445728316402,0.00335011212959099,0.00992551067578834,0.0215300771152948,0.0259941091905668,0,0.00582089164455678,0.0144325097501497,0.00363408394692503,0,0.00120918098428772,0.000710277336734483,0,0,0.00458760231690903,0.0102743298840873,0.00898006913582678
0.0105883382549163,0.0835025135018642,0.0284751957628697,0.0322228529787815,0.00740667164053538,0.0250759761673957,0.129727552797648,0.0287454547052005,0.0266349811164195,0.369676896845476,0.0312740611299711,0.308222930885319,2.52669098732246,0.0209297038597193,0.171959058460012,0.434650664061084,0.456672169755495,3.58738447096109,0.821634771709231,9.06523901757068,0,9.64171976365982,0.628803115566659,0.121987884479192,0.00549653458495419,0.0219096135361096,0.0374980507119874,0.00807041569386929,0.0186707889952243,0.326726849135385,0.668111834461907,0.142564106860998,0.0147228103724029,0.208198380806488,0.111214281573075,0.151760639524413,0.0145368885515421,0.183030220557881,0.123621218547911,0.0432608209902443,0.00935048120401078,0.114197752872612,0.759179591887911,0.0455312221343269,0.0624249477921465,0.569171490145477,0.103881326408999,0.0764829613390133,0.00208285335456893,0.0057942046961308,0.00123514083494636,0.000234342559368318,0,0,0.0121521368430116,0.00234352658393572,0,0,0,0.00239216848033367,0.0101793925668357,0.00066812620236345,0,0.00571391488067902,0.00830125041170433,0.0170400390604708,0.00440212410992384,0.00386428972159022,0.0207681461953438,0.060680383862915,0.0212178384784048,0.0125657814739614,0.000877973304192738,0.0104604358277118,0.0122084969979124,0.00239794083020693,0.00558372076769462,0.127780255159587,0.151553212555614,0.0226618314857397,0.00656468532980739,0.0164120880366539,0.0198487452046337,0.0325957425769514,0,0.00126888932146814,0.00668349704938009,0.000786139477457516,0.00114473491902276,0.00134619920960796,0.00246618364704717,0,0,0,0.00555737389273218,0.00633108598147798
0.0436224105860893,0.159239555512582,0.196102359105221,0.0662986497915569,0.015336735183581,0.0312290530293695,0.904839172148924,0.0828798738192126,0.032626301339467,0.294576400975727,0.0356040413142666,0.398499147640422,1.49942186300362,0.0209146023649271,0.35740723277549,0.598361541117218,1.82086741429913,12.3224903490601,0.357560059573516,3.48130467309687,9.64171976365982,0,4.69878657042131,2.02954160328278,0.00894037714339697,0.141110270813823,0.104551634494611,0.0568230419117034,0.264232385910321,3.2178190905303,17.0541202882142,6.5177512150854,0.0454137849372449,0.65481008757756,0.312896302487106,1.26007611265169,0.037869589053069,0.454221763328192,0.426560193603718,0.754267841995783,0.0250077986107229,0.14040190280284,0.402787246727733,0.0679163079933169,0.0977016384381528,0.300724078711505,1.09155202900892,6.04378993250945,0.0193494568094293,0.034371709481108,0.0358788437088428,0.00709430927514194,0.00270721644874186,0.00311223587634565,0.197278640625213,0.0146589968028264,0.00260374941245496,0.00919460129927997,0.000914126839244633,0.00857997604508467,0.0834825166470934,0.00231162409245855,0.00277068739066665,0.0324727159136662,0.142681186642477,0.412797700471412,0.0497396703367814,0.100797852137121,0.239128433350149,3.67006230219273,0.30180829332977,0.19350986194361,0.0128300657113707,0.0664716934093988,0.0871884817024109,0.0193870526713945,0.0796739671718269,1.58883568799254,4.09431260637301,0.58245746245464,0.0164741857784224,0.070722991894133,0.152840859736924,0.270597613639455,0.00344109085868139,0.029973236229819,0.073592465382065,0.0220701155753715,0.00238781398342274,0.00831272632466159,0.0356730970451921,0.00350048902313256,0.00199928653319663,0.0184032300815374,0.0866661044703994,0.31927756118471
0.0080754986239532,0.045206226907338,0.0163178773924448,0.0118368776450792,0.00520410213557709,0.0082162924024692,0.0655521146018129,0.046380269556393,0.0170014229909458,0.117602177233043,0.0221776773143465,0.163829230625034,1.12048837297554,0.0146537007410776,0.198898198340131,0.850399250298861,0.0729619172164147,0.247866575204301,0.0264693034800542,0.311612333601172,0.628803115566659,4.69878657042131,0,2.88537727038348,0.00464280224052465,0.0160418532004364,0.0329668794968519,0.0106414139974263,0.0463452258324013,0.371418719728168,1.33264051579132,1.85340708330297,0.011233698193459,0.183857111352854,0.165980202086333,2.0811974665515,0.0157583579725117,0.191390832171434,0.683049519152515,3.78189989924923,0.00672231785414265,0.0366873496255685,0.0335920852135769,0.0228265566741861,0.0181690724454883,0.0433064880035708,1.12111338369789,6.12781777356138,0.00232948552428631,0.00948645453368048,0.00487231107215127,0.00127926498746238,0,0.000750910865950749,0.0146931605585678,0.001210572791228,0,0.00204478407411852,0,0.00252602545352037,0.0124221162497253,0.0011319024193058,0.000878206284928452,0.0165645859540008,0.0134834674584812,0.004646687007072,0.00559968503657407,0.00790320808383348,0.0134760117069799,0.170382245026299,0.173740066742312,0.429847143056971,0.000812900617510909,0.0130948816099238,0.0130604834520687,0.00149493737690884,0.0161233943095535,0.15601510177743,0.3882292964284,0.184709708932916,0.00668607191266357,0.0159073414911527,0.042369390983415,0.328491933656763,0.000657753941859966,0.00821994170975429,0.04541222942878,0.0605303430755228,0,0.00256365571758116,0.00236599964259895,0,0,0.0050495385631618,0.24363948086044,0.269194042083277
