0,2.27561576495992,0.961734400687998,2.8396010931968,4.19209471436479,1.97650726851886,0.221632724745734,4.66460010000703,0.0745433563884293,0.0234391761714532,0.0799373467935608,0.0305533264687928,0.00475868879617264,0.102692442605082,0.0222701471149703,0.00412710008803871,0.0308220985811003,0.00330263060498987,0.010849948864571,0.00959703246262716,0.00514134493459415,0.00359920834164396,0.00227951640332064,0.00104229221279669,1.05225820512091,0.00562780312564804,0.405664514106529,2.78070474554209,1.31823844110482,0.00672712207268021,0.00581173908590789,0.00116393199699165,4.39670905056872,0.129258040496988,0.0244935292706664,0.00895958784437532,0.09005166785724,0.0333297943331294,0.00901097060503864,0.00149425162976016,1.23967715235702,0.37010877922738,0.0128133281212133,0.637348785422156,0.0205913110328798,0.00969161181923428,0.000465359646158348,0.000673755825921202,1.87328404060316,0.0476044372904072,0.661727127895532,0.181831485577595,0.0475760693989846,0.0380926266260151,0.0275891912777591,0.0664332082272872,0.00815432110001853,0.00514986711437983,0.012825617595627,0.015831621820827,0.00214562893782769,0.00871801953443038,0.0223856658472574,0.00230274607343947,0.00939136564194363,0.00281819831721571,0.00333490178545803,0.00150439916943272,0.00156786755385405,0.00165341213934416,0.000678879245198652,0.000171623868852779,0.45934039113343,0.00363586956463439,0.253761952759844,0.863462942946763,0.427845942575785,0.00536804050960476,0.0029093564256046,0.000767342964763551,0.191549295028588,0.0643530579247119,0.014391532303297,0.00364207873716859,0.00985497230419107,0.0120399884052945,0.000705037997764994,0.000936184007623477,0.0278609329507254,0.0183252569407075,0.000690948044801055,0.00489276107696372,0.00272683474485595,0.00530704775669256,0.000231785130497153,0.000702299376494245
2.27561576495992,0,0.731289424282132,3.45346521095275,2.01277346851492,3.40131591442111,2.26615819994876,2.82763365785641,2.11428533122241,1.32684334081168,0.830487025372302,2.07261229122639,0.36944525145769,0.311202909316786,0.602009083809053,0.217281156563653,1.77067213778896,0.242992248450545,1.08010960154445,0.640904174030692,0.402249857595485,0.201727689541842,0.0620521624866743,0.0621244013181544,0.163041504841107,0.130363256621154,0.744718426690903,1.46497191748528,1.55054472027516,0.298889845730905,0.255591095478614,0.0939552555045107,2.68911405015284,0.474959470529262,0.977334750612988,0.249726820895355,0.155664195724661,0.762551184484408,0.323980627475417,0.0769761990356802,2.33964138238347,5.52074605815408,1.7499474751392,6.52208911340481,1.59499497374651,0.989358607894796,0.048781360379811,0.0621818945206769,0.151306560250138,0.112058642135553,0.392193069316707,0.136780813330558,0.0406504374163028,0.0671762632573936,0.101359675413794,0.0653961644792713,0.0250643075357119,0.0540959967741875,0.0313343995158816,0.0750017647538841,0.0485162869527121,0.0166387263865525,0.0636688389078264,0.0428514760916718,0.0727768131605033,0.0311189788474384,0.0658982502322699,0.0452310880194242,0.0442113468954316,0.0270356646202398,0.0369177291520628,0.0404908254489781,0.0203159442963092,0.0753282113228724,0.34217742348289,0.387463919802897,0.504145198536089,0.147513052258237,0.0760151289271253,0.0379033534967635,0.106615301855457,0.160691232690313,0.0892476204232697,0.104757022489299,0.0264193590412143,0.030476795930817,0.0293126276705952,0.0192379953615915,0.0395156588142331,0.0752238860550897,0.0440536245185365,0.0250098942335787,0.0173248315071976,0.0398753323712035,0.00131168282203083,0.0294698386961639
0.961734400687998,0.731289424282132,0,4.94567711921235,0.117556605238493,0.152544915472184,6.84446309224754,0.250857097933178,0.0993021669347695,0.058643807243572,0.047486189726087,0.055866884146086,0.0465647205910986,0.0311051813812906,0.0328560616372847,0.0100595258255267,1.30302757559122,0.325412682441267,0.241105936884915,0.258183519991195,0.158689362006834,0.106664777434573,0.0198712644266615,0.0197529896883376,0.00869315969035491,5.10149102258525,0.179489571157504,2.7784022049124,1.71618027146142,0.520351089548353,0.246343319984456,0.0293941479508272,0.195458264926858,0.120832704536879,0.143430351929978,0.0851093685731077,0.0336866544707271,0.0706512082649962,0.0367147304705557,0.0109008047128223,0.137166962637128,0.275756431046894,0.201220998897701,0.378311442452748,0.063764304937475,0.0864504131858912,0.0173701133836593,0.0154688915392186,0.384793173333165,0.0800340680188564,2.70576270656911,0.328945890116611,0.0493046101030949,0.0613389833464234,0.463620495588626,0.018624812638685,0.0162993556488881,0.0251866347815708,0.0135540509226891,0.0197569441156886,0.00812496893586082,0.00486103695667902,0.0148428174028932,0.00799968978050564,0.103223972473255,0.0285029940354454,0.0266864184875531,0.0222915691341259,0.0139683693182757,0.01183492474974,0.0101398429259943,0.0070409900142999,0.00474772390542288,1.46955488568546,0.0851799364108726,0.52443438907017,0.699788874074408,0.199526574133561,0.0678012786958054,0.00896910795104888,0.060936675904494,0.0739009699118365,0.0398234113587694,0.0256808421325639,0.00600715857162721,0.0163388330230401,0.00620223886982781,0.00280580859162907,0.0378540297367814,0.0489925149951751,0.0124356803789795,0.0178939145616478,0.00960397131853089,0.015069738548376,0,0.00817891315801823
2.8396010931968,3.45346521095275,4.94567711921235,0,2.73208630009499,7.94203417358028,8.96899796688852,1.05327058841714,0.38964083946733,0.296593684734335,0.109680232066451,0.359985133983472,0.103379515221352,0.0364053062860681,0.0798160235779795,0.0354231756231254,1.64105330566184,0.269967080555089,0.606782427648843,0.431555509102506,0.25285148905768,0.0749015611609692,0.0244929323587084,0.0102822283958139,0.0208145472736449,0.253777262090856,0.130586764179008,1.38540175459322,0.986977995244131,0.131056937444529,0.0823230379764716,0.01392518383764,0.852284410907628,0.113808947375475,0.148143893769013,0.0570057406231632,0.0216480472957027,0.087267933694129,0.0592382632961776,0.0239317254835967,1.37519354166811,3.4192754885743,0.651005380312641,2.48856444918049,0.418317041491352,0.31515414359777,0.00681895316291169,0.007936159240298,0.126907750832079,0.0280035889125434,0.338781566584254,0.0766161877916504,0.0198140139445142,0.0210691514799212,0.0320032939559376,0.0136507523094783,0.00520090605497665,0.00983099341195573,0.011404369144044,0.0104976964272452,0.005918621277107,0.00683957496795698,0.00843179090822555,0.00245816599822379,0.0153620867521821,0.00354023952042008,0.0107999941152993,0.00479016238842007,0.00388878130258384,0.00313898058296729,0.00280840649008659,0.00220332299665861,0.0023579919872109,0.0420470415068816,0.0692223409606796,0.201242766774706,0.290274652484315,0.0448504681114532,0.0140488797222605,0.00495781242911705,0.0251232839795066,0.0423341357952519,0.0138171063861611,0.015044913134625,0.00359758895831708,0.00429130743347184,0.00315383653920525,0.00181549391818936,0.0129666240394859,0.0122382100759953,0.00643230231176006,0.00497428338535498,0.00233766163173193,0.00410278236436089,0,0.00362249018105064
4.19209471436479,2.01277346851492,0.117556605238493,2.73208630009499,0,11.3453453461782,0.299444000781308,1.88550167226558,0.1655390125477,0.0330864684387133,0.0650614956695163,0.0427258082294234,0.00533731101727052,0.043184149369912,0.0332765580830732,0.00420257118673533,0.0224002368035344,0.000650439690771012,0.00940187142051696,0.00855156439100915,0.00119429016544199,0,0.000795322270775133,0.00216265339640737,0.0427803785774205,0.00134533821095583,0.0798904626146392,0.387762376375755,0.279777269244863,0.00124116018812399,0.00047535712428836,0.000681809764296881,3.13840760308549,0.0549054582025844,0.0184329523207318,0.000962125934178513,0.0295849977359619,0.00593607301176489,0,0.00244738927352106,4.39312027327275,0.904737547686133,0.0225822982992341,1.11446866206827,0.0523856308204661,0.032294912912121,0,0.0010835704346665,0.0274743851136315,0.00813162492817965,0.062414876571166,0.0208196148156938,0.00332588959416463,0.0026673502891164,0.00216039151856699,0.00456764526480678,0.00534568616813444,0,0,0.00172682093618777,0.00188661283741193,0.00458787213396799,0.00141190773666131,0.00131024308427662,0.00173484102156367,0.00090569552679353,0,0,0.00090332692141315,0,0.000602773574381411,0.000933326721986899,0.00659783075362375,0.000650883899616719,0.0234512398968545,0.0778481546941304,0.0670988675879512,0.00244941529183761,0.000386673088514783,0.000826307994768703,0.00676788885721464,0.0141135626216826,0.00220022346549476,0.00303721258841791,0.00413380033063518,0.00171409558320217,0,0.00126724216635121,0.0124358736880145,0.00203135673920317,0,0.00600182070339722,0.00187489466394641,0,0,0
1.97650726851886,3.40131591442111,0.152544915472184,7.94203417358028,11.3453453461782,0,2.40574168778751,1.87633837282746,0.492104793912762,0.282400601595899,0.136344743389419,0.215609873195296,0.030625504905696,0.0737647893163154,0.0564326068055929,0.00859313505490808,0.22496993634604,0.00980429611152929,0.140705407918639,0.0513517237322896,0.020133667819889,0.00431163725713815,0.00165090258900633,0.00325147254287633,0.0216045945505481,0.00553227516234961,0.071071866661913,0.352261231799573,0.247350247757703,0.0117917581174126,0.00647965952807669,0.00851031610281297,1.3188377649213,0.0532315724348468,0.0563939727886738,0.0092518660691635,0.021448691994833,0.0755013804499606,0.0117488278284097,0.000508169206768223,4.40692253507579,5.32425323792963,0.133445484960245,3.95509235091024,0.468770039954281,0.135267291731047,0,0.000923737235568139,0.0227818974558429,0.000972371356832979,0.0466274218682337,0.0072166552591562,0.0112716694689257,0.0113044351695066,0.0044726708307455,0.00580142606325662,0,0.00167503080380133,0,0.00673316530373236,0,0.00942632381037599,0.00232698070306193,0.00321224243290841,0.00155259676044469,0.00034804488110711,0.00127034897719608,0.000819712054664246,0.00674638950617493,0.000978499474325462,0.000872166770064992,0,0,0.00276475944132224,0.0261280474148598,0.0490749138522345,0.0433402406480691,0.0157910320801244,0.00257348983191361,0,0.0115938163450507,0.0135976580470808,0.00255722105795796,0.00409292224077956,0.000822544262882439,0.00231465517088088,0,0,0.00391392142520317,0.00512840489512965,0,0,0.00113351192189012,0.0013355814352226,0,0.000886240953609028
0.221632724745734,2.26615819994876,6.84446309224754,8.96899796688852,0.299444000781308,2.40574168778751,0,0.397514112465966,0.998774695691189,1.04965714460635,0.169086850085908,0.927615897910826,0.28538893897808,0.0485402397918705,0.184243101168182,0.0683411890222514,14.2887011780152,1.96668153922683,2.63492146991088,1.72307701403442,1.11390858308297,0.511251837635483,0.0578050688926046,0.063137377552909,0.00460848791799998,4.42277548004028,0.0438218837364973,0.123779813193212,1.20394947494689,2.92239823487268,1.82166504952338,0.128686290787086,0.124059979126391,0.106233516074268,0.334000006471626,0.251975462454319,0.021691659621586,0.201844421134359,0.116177785425978,0.0457238397601651,0.305397153628195,5.54118677104396,2.50144634255069,2.04217131179186,0.966319820536858,1.18170511214155,0.0503024193417434,0.056344898606039,0.0125088855172717,0.0229115455442805,0.701055975791112,0.0473512204362661,0.00360700564390945,0.00385146643765383,2.52066642813309,0.00849422048553334,0.00140890407821671,0.0178744695776782,0.00130006788151994,0.0169799723820789,0.0178393819351133,0.000458881304216695,0.00791329853744196,0.00578075055573488,0.553318911711208,0.136742743195655,0.0628173223894868,0.036218147505738,0.0317042760864347,0.0409861849227513,0.0173883385441857,0.0196653460367831,0.00154431767781516,1.28178402809905,0.0170668432989874,0.0307535243773088,0.665321075786536,1.52431157511543,0.651858456840142,0.0206617288983868,0.0078146454262541,0.00906154078476725,0.0325051579036483,0.0881331267409411,0.00119037812168206,0.00273229644336292,0.00826889970407057,0.0107250366716675,0.00558042517976046,0.0249604858361659,0.021311166148711,0.00401259031963579,0.00920893136199273,0.00907201645667631,0.000981785784696716,0.0215971517239227
4.66460010000703,2.82763365785641,0.250857097933178,1.05327058841714,1.88550167226558,1.87633837282746,0.397514112465966,0,0.683768085723341,0.108993561714,1.45843939831968,0.400205511739477,0.0603337339758347,2.15093472869529,0.578168868480093,0.0588526505443137,0.0672046689554435,0.0112888557816391,0.0311229865856617,0.0313281499134419,0.0313252698773573,0.0224310881580522,0.00832263267312218,0.00961962272044024,0.702491661794564,0.0192749238926324,1.82398943116118,0.919902865465499,1.03277926172034,0.04663375022643,0.0426943308749167,0.0260226146802684,5.48508260788563,0.848934517320298,0.223650699170277,0.048057107257685,0.930103494597756,0.445465059924645,0.0990754912913634,0.0130244256285637,1.32405116605272,1.11985789168367,0.046327419737654,1.70270870073436,0.0884764634954054,0.045545254977163,0.00222019782058583,0.0179141617533658,0.476196271750653,0.113961403159065,0.204858705108967,0.146363600142301,0.138934682584227,0.119039523506121,0.0765648918894534,0.551381221854608,0.0626264192523831,0.0726028819415153,0.149014589102012,0.131869726893037,0.0304489461181786,0.0894656170445744,0.0909878884679034,0.030190415488903,0.0519514237435567,0.0115643395068361,0.0419673547530016,0.0359452492351415,0.0317879610063178,0.018023866410961,0.013773713602393,0.0108118774738005,0.219745526780308,0.02996391495416,1.47916354108,0.378693615818875,0.378838901745044,0.0414931425450326,0.0435553253311421,0.0113969496894523,0.706855312538806,0.369034420264572,0.123079839307677,0.0366783323018443,0.0698754376859743,0.064261313268282,0.0250684630311356,0.00509765776737549,0.0652568754477559,0.0847277360283409,0.0322585796705386,0.0445216545671459,0.0243557038607838,0.0276801621771152,0,0.00956300634319683
0.0745433563884293,2.11428533122241,0.0993021669347695,0.38964083946733,0.1655390125477,0.492104793912762,0.998774695691189,0.683768085723341,0,4.57131454576706,3.29599066774519,11.0605261126083,0.662352453068508,0.868018381873346,3.11161259155367,0.655792290328765,0.67019388776527,0.0475075353702354,0.406429346936746,0.214884907144129,0.0782972622019901,0.0512776567788481,0.0588685959000559,0.029798252305966,0.0695679632914602,0.0527458813048433,0.206098700881537,0.106696808946814,0.163995364317505,0.0585253909076364,0.0508258344648261,0.0328342011206368,0.220084449638709,0.514707775050967,1.34666915350892,0.105984106885837,0.339059916857923,2.47427917238052,0.651296504321962,0.0479869880993007,0.273250028911815,5.14933858280804,0.798274064852843,7.65237877264854,4.76369827593678,1.49083662549461,0.0143375713654053,0.0184020177037407,0.0163033621560031,0.0400250615508236,0.0481629300034908,0.0294488778830698,0.00507958296807651,0.0184298183027043,0.041702445499789,0.0463586253817447,0.0171899911649743,0.0630958168396283,0.0273219786166541,0.0566600001608432,0.0659361968402147,0.0232119246695969,0.031782432722497,0.0336206409677846,0.0382305450713699,0.0153024141661241,0.0562483711042288,0.0493954757750711,0.0570956606293436,0.0137657806004572,0.0168650335678399,0.0228962088617913,0.00617660945207606,0.0347148215938265,0.218574597925301,0.0241001251092212,0.0825905372169528,0.0637098181723093,0.0349951732965191,0.0309078012608515,0.0675852604445131,0.0409750737434298,0.118272957555285,0.0458192285892145,0.0262859492415577,0.0375317980107949,0.0288265375390633,0.00743543910863086,0.0146064600667651,0.0433966686981049,0.0243013593786996,0.0306755507271948,0.0285515374685641,0.0261386475188324,0.00335324440570023,0.0185794567013947
0.0234391761714532,1.32684334081168,0.058643807243572,0.296593684734335,0.0330864684387133,0.282400601595899,1.04965714460635,0.108993561714,4.57131454576706,0,1.20094383499486,5.07203821279552,1.52009654838778,0.108415420716872,1.36554881230112,0.828875920360646,1.01169026038309,0.064327231719114,1.00744579024036,1.40641966325275,0.486831465363661,0.0970790363942087,0.103403894962418,0.0137126553339634,0,0.0120344924295929,0.0296026442745306,0.0158874490786973,0.0316666160452127,0.0267207307667073,0.0230454134474665,0.0147429149874135,0.0347171698661247,0.107427145897842,0.498088544373415,0.0877639073697262,0.0303592618653422,1.03646079621381,0.499302075568412,0.0608278150290508,0.067639717866546,3.84596707507533,0.962931198640949,3.58247720718794,2.09615110758025,1.55685494716429,0.00485826535528,0.0132768934783119,0.00258640998567379,0.00146377384459319,0.0073332661742663,0.00816323761461177,0,0.000631927101616761,0.00581034561375286,0.0061725190885772,0,0.00659942349458223,0.00546372784834437,0.0120150545829638,0.0135896060207558,0.00477806192622984,0.0068672250475106,0.00777334424159201,0.00556320342916787,0,0.00790725389018898,0.00773441514652824,0.01078073516474,0.00356125072440807,0.0015268812810927,0,0.00225621266653347,0.0136842558060396,0.00554483850343698,0.00488728537562945,0.0109908901483234,0.0276835040188872,0.0105116623095567,0.00609725416014928,0.00348293921788824,0.00612462731546914,0.0077295659905537,0.00990149843512589,0.00477871333214153,0.00370273201263729,0.00319383370777936,0.00616416221723318,0,0.00128685051340718,0.00497888071880213,0,0.0109453991374896,0.00217580304910232,0.00275791990668914,0.00957985939689157
0.0799373467935608,0.830487025372302,0.047486189726087,0.109680232066451,0.0650614956695163,0.136344743389419,0.169086850085908,1.45843939831968,3.29599066774519,1.20094383499486,0,4.99514360109841,0.276191052152014,1.73683157917473,2.33702957511388,0.382023995833508,0.117214639597511,0.0251676969127752,0.0760804087892659,0.0986953687485223,0.0294181186296518,0.0180840903563459,0.0195284825811522,0.00120879309754773,0.0496365238169672,0.0403165320276948,0.297821070581645,0.089188095677178,0.0948425901424207,0.039662748930307,0.0263547375661589,0.0158311563452797,0.31316890614632,0.487289247919079,0.649821416729137,0.0655780512974135,0.513910789079722,1.27543625742597,0.301277860934019,0.0224649177918759,0.135282912319241,0.88632485374556,0.08151306055681,2.65987121780546,0.963471061056574,0.274425313595479,0.0313551614756637,0.00985481847490513,0.0346858247591951,0.0434992490372264,0.045297529909379,0.0208522141989939,0.016053778078849,0.0218145323391266,0.0398891575380021,0.0784133748134673,0.0269072092103598,0.085534818671644,0.0355158279309739,0.0757361736224591,0.0555150389969629,0.0116007111883466,0.0382234009735168,0.054880335502034,0.0412826929901387,0.0221432061308951,0.0669832799093737,0.0528742278813995,0.050411517925445,0.0222546174162482,0.0145335316383677,0.0182060524705545,0.0105150180438173,0.017308337037205,0.240201398947228,0.0456370182107848,0.0777899686115586,0.0496262799797885,0.0471285939064478,0.0279827705186479,0.100632978165289,0.0747704031216134,0.0822178602809383,0.0465218529023002,0.038514441026429,0.014551264368816,0.0135875078394245,0.00875278594154802,0.0268379166331338,0.0407418465868975,0.0484116333182406,0.0170360681074196,0.0540165709015407,0.0305502835960403,0,0.0206823055447985
0.0305533264687928,2.07261229122639,0.055866884146086,0.359985133983472,0.0427258082294234,0.215609873195296,0.927615897910826,0.400205511739477,11.0605261126083,5.07203821279552,4.99514360109841,0,4.21966266302138,0.872922467814764,12.9570634331841,4.24148368132126,0.646824363294497,0.0382787792842373,0.402978229115956,0.35839118401723,0.139685947276685,0.079034770353255,0.296137576094945,0.0180013599008136,0.0129415433883421,0.0212951814058456,0.0453400007618643,0.0403749574556313,0.0448081392179375,0.0642231131612548,0.046765235833662,0.0261278549199637,0.0811900821330162,0.297464629643662,1.73234190026926,0.201522074556494,0.136343050932493,5.53993748961839,2.65522811590062,0.177709094316738,0.0745781941827568,3.44677415171816,0.51564427253032,6.61873078605764,3.0852121935685,0.87915981574487,0.0114606791663327,0.0331602484667794,0.00491445524033247,0.00953606505682353,0.0177128911174399,0.0060007896952794,0.00225003104258347,0.000809956499649447,0.0177082431188788,0.021983046190086,0.00543256065650488,0.0402628764484021,0.00629140677519946,0.0666379125372849,0.0454389495019799,0.0167515513656811,0.0181434314829138,0.0353123066685433,0.0210996116775245,0.0136446588296089,0.0408548053037924,0.0393437485582808,0.039722868905054,0.0181522239806241,0.0160368638674399,0.00443609031844672,0,0.0124354862085326,0.0240339469095467,0.0072445163245306,0.0212218827819715,0.0422893962169283,0.0334117226329092,0.0197616256355401,0.013517606167639,0.0198698377334745,0.0571508514083548,0.0376112644378935,0.0053012820391469,0.0127363738604986,0.014746995494171,0.0130603477581661,0.000860679168022627,0.0195681034450677,0.0166646441895386,0.00645528651366349,0.00615953374651441,0.0138948111390582,0,0.0132010594261416
0.00475868879617264,0.36944525145769,0.0465647205910986,0.103379515221352,0.00533731101727052,0.030625504905696,0.28538893897808,0.0603337339758347,0.662352453068508,1.52009654838778,0.276191052152014,4.21966266302138,0,0.0851077260953604,1.91333881839101,5.21945515992435,0.407321248623777,0.366264482273256,0.780991628581196,3.56236058240835,5.56012717400011,3.56541928862182,3.68133076439108,0.220190411548876,0.00124096048181171,0.046666286452845,0.0187323844195949,0.0102706363517777,0.0529469936429887,0.190695554679715,0.417477157832769,0.130417592015387,0.017817780120449,0.0669617249437867,0.593220642392838,0.881197236602847,0.0139494839021894,1.45078822084713,2.18726806434278,0.76909882396001,0.00483269423026525,0.310079646593082,0.789674511708852,0.669784924559337,0.25295701470564,0.63856885748085,0.207170772576712,0.28775525674258,0.00137691361487605,0.00532474273934729,0.0086377383975938,0.00285009491011441,0.00164417526976118,0.000719841573697429,0.00310546281402437,0.00155025500622357,0.00196414228570946,0.0071209324581348,0,0.00867426212101562,0.0126966783091288,0,0.0102238567844779,0.0128036092504257,0.00389191782198921,0.00555967016632401,0.00542202485679007,0.00492215438257132,0.00314598695008729,0.00795719045086489,0.0152662045927544,0.014403513657534,0.000493812180506446,0.00630752509622218,0.005732855756308,0,0.0177661785596581,0.0599019753591353,0.0185190822493543,0.0133133074232261,0.00224112700406242,0.00670962984860866,0.0274456653326893,0.0550181952103182,0.00202511516954396,0.00775423791950976,0.0118359793693148,0.0206834195308036,0,0.00598907346232333,0.00248649784901549,0.0029462448467802,0.00293781624321279,0.00397555053969242,0.000936402869932684,0.0286923581865004
0.102692442605082,0.311202909316786,0.0311051813812906,0.0364053062860681,0.043184149369912,0.0737647893163154,0.0485402397918705,2.15093472869529,0.868018381873346,0.108415420716872,1.73683157917473,0.872922467814764,0.0851077260953604,0,1.04924700387789,0.122608163205965,0.0343573345166906,0.00605023755355613,0.023507508132587,0.0159151192549414,0.0121176794125323,0.0103768728310585,0.0158975666662679,0.0208453655794129,0.123934300758162,0.0372459409021512,0.44092055781581,0.0805656062006947,0.116879613763275,0.0308067418469811,0.0355824499164931,0.0115546733645379,0.356013372364814,0.441847120913583,0.294603652557043,0.0436074250841957,1.05101133309432,0.560532663297012,0.15176936255488,0.00585962158440731,0.0474112924789301,0.195184587375986,0.0224344376040975,0.955169463923205,0.123949135155675,0.0406568078206456,0,0.0152083900311702,0.0731444794961454,0.046697577998112,0.0400412958785328,0.0399666310628576,0.0589234269980499,0.0607150717951007,0.0400099485055236,0.2657608076965,0.0784376366259373,0.106636332988998,0.145179349036627,0.136195539624434,0.0812444828299212,0.107955657467081,0.043740939792431,0.0508351671330714,0.044220049261386,0.0184911919645488,0.0659677892246602,0.077985709391979,0.0679552019781833,0.0265411778236476,0.0244377094591992,0.00886738074620946,0.0744111871324481,0.0287051606534864,0.45276464579909,0.0717924690658621,0.0796789905302628,0.0461350408618454,0.0521731631009574,0.0220146890024335,0.216244102654694,0.154157029517534,0.144963471459465,0.0442899923862053,0.0694036067834391,0.046582321818282,0.0384105865855801,0.0113689645468156,0.0518243490764528,0.0652676531208318,0.0867709065831705,0.0175061431570206,0.0466206498267566,0.0625457617161944,0,0.0186562992352182
0.0222701471149703,0.602009083809053,0.0328560616372847,0.0798160235779795,0.0332765580830732,0.0564326068055929,0.184243101168182,0.578168868480093,3.11161259155367,1.36554881230112,2.33702957511388,12.9570634331841,1.91333881839101,1.04924700387789,0,3.63235398357407,0.140196514171617,0.0212470664233757,0.0737487426846082,0.11027194100728,0.0554002016661539,0.0561527264666026,0.306472378850503,0.0374125969358347,0.0042476844683947,0.0210682887341622,0.0778513464368086,0.0165755076481731,0.0439716287312045,0.0889226693298036,0.0939343072469398,0.0581360952147377,0.0660889963580304,0.352226874432861,1.33893257259855,0.192822301974229,0.188671503047295,4.20125406428893,2.70201847606378,0.22040867510494,0.0304526879542773,0.647197385197787,0.119406606298276,2.19241166199071,0.628497848920294,0.225225731081954,0.0153875634428338,0.0599694495210222,0.012791653210718,0.052248663461328,0.025199857214798,0.0234250850180237,0.00634034504148166,0.0250159361090457,0.0448138216525277,0.0642320372353485,0.0155163324589217,0.159614989238739,0.045386496517934,0.20276683831223,0.143823380978593,0.0165701176673525,0.0667748735750918,0.111173912275357,0.0570189316157058,0.038423128547973,0.116133127467687,0.128275887173229,0.15040770345002,0.0772646563182414,0.0773320448096683,0.0513914684204492,0.014655224759454,0.027588490088213,0.0568953080571508,0.0142350747081687,0.0324340841291133,0.107567104663479,0.126794071546664,0.0660849337534955,0.0499955237030072,0.0788204385250107,0.171289111978676,0.111210963597787,0.0238373513143395,0.0474001471937228,0.0480078290170119,0.0259021153167396,0.0020502125138197,0.0771362969805087,0.0759245796870314,0.00576928648289218,0.0405784252112542,0.0622681509324794,0.00808592858597695,0.0413589157061196
0.00412710008803871,0.217281156563653,0.0100595258255267,0.0354231756231254,0.00420257118673533,0.00859313505490808,0.0683411890222514,0.0588526505443137,0.655792290328765,0.828875920360646,0.382023995833508,4.24148368132126,5.21945515992435,0.122608163205965,3.63235398357407,0,0.0695045719274349,0.0531403866218798,0.0869684623955433,0.302309581744431,0.311690675950403,0.540465101645055,1.73846655460243,0.0494517379205812,0,0.0126246098511144,0.015796607153056,0.00927084662624512,0.0104074079507022,0.0269097089052122,0.0827359711513479,0.013976153368179,0.0243446355433464,0.0543871765186498,0.548495381483839,0.228722309360163,0.0431989491446644,3.05211785159156,4.97905558009994,0.776688109185377,0.0107271044881042,0.224192423967945,0.101323436004152,0.540658503595511,0.171520619913717,0.0991621762908449,0.0332705510081723,0.13479114055049,0.00140665252858059,0.003967210451679,0.00221471913508856,0.000812772801597972,0,0,0.00489389956865707,0.00144995232217449,0,0.0087179664590404,0.00571261421165785,0.0110709454115533,0.0110170297128165,0.001770538906831,0.0123474506635818,0.0160258721916569,0.00360421041105959,0.00134904961078275,0.00165649293723553,0.00587787726151917,0.00288663738243226,0.00487647463289742,0.00558401806938059,0.00226173051706042,0,0,0.00852140623642228,0.00397981477876583,0.00328574767212677,0.0127063343916657,0.0146059381173607,0.0100765290036299,0.000556928699818118,0.0102652685000457,0.0137179128893851,0.0302377724466625,0.00518606799414116,0.00383834668813175,0.0166446711535176,0.0127357659385573,0,0.0044890018856292,0,0.00747108440557762,0.00398755350923333,0.00333149373564537,0.00100666227591438,0.0243873209673299
0.0308220985811003,1.77067213778896,1.30302757559122,1.64105330566184,0.0224002368035344,0.22496993634604,14.2887011780152,0.0672046689554435,0.67019388776527,1.01169026038309,0.117214639597511,0.646824363294497,0.407321248623777,0.0343573345166906,0.140196514171617,0.0695045719274349,0,8.32361804904881,7.54719745244187,5.22474486445882,2.86088288684729,0.963559988013651,0.0788197275778264,0.0875872213201801,0.00152070730749878,1.12766555784605,0.0188000529755085,0.035125393129932,0.600492203287118,2.37924953429478,2.68078165217609,0.212423111674168,0.0278230291706249,0.0510393151038713,0.326982904327826,0.336442342036836,0.0157688322032991,0.151886347877934,0.130497386891953,0.0514841578207225,0.0316677549728681,3.73331307676054,4.62290390565001,1.13583770623371,1.0301831592693,1.60698754268188,0.0838958140067809,0.0623215856818352,0.00277975735548154,0.0114352821749316,0.104927342295297,0.0215419756107608,0.00177050564376956,0.00105578662957073,1.04633376856944,0.00752918445084762,0.0018570513734135,0.0164802796277561,0.00254339710508915,0.00718787304032108,0.0135901561611469,0,0.00833806222128712,0.012238061111388,0.499855919727274,0.0834399832466951,0.0398728260733734,0.0367796869073634,0.034585656060566,0.0348603740256382,0.0191356760972839,0.0245147282055846,0,0.242786680176247,0.00961738301345555,0.0100222168312468,0.343992775212636,1.19634676905151,0.637814733113428,0.0397439019823293,0.00666488888021758,0.00761316417366743,0.0288170289553997,0.103945392435437,0,0.00123636613109581,0.0146836649552232,0.0122003905679523,0,0.0201069447775052,0.0144985297522296,0.00303067487703271,0.00841680039804295,0.0103979980252841,0.00219605658915099,0.0272987259442664
0.00330263060498987,0.242992248450545,0.325412682441267,0.269967080555089,0.000650439690771012,0.00980429611152929,1.96668153922683,0.0112888557816391,0.0475075353702354,0.064327231719114,0.0251676969127752,0.0382787792842373,0.366264482273256,0.00605023755355613,0.0212470664233757,0.0531403866218798,8.32361804904881,0,1.31049981950946,4.01658875562911,6.33344927701346,4.02713511831289,0.118562450073352,0.166174145712701,0,0.455442743409697,0.00404201600864842,0.0146218325946103,0.26926004944565,1.46166708046094,3.12137112686344,0.346170523127068,0.0112392123818501,0.023012220936937,0.283943605684772,0.396732005911621,0.0035020011494975,0.0437746032688606,0.114938644292742,0.0611552116207435,0.00479189740320831,0.266533037396016,1.30460956773114,0.117366528589959,0.108407544309507,0.430759316448203,0.255598975454439,0.0805525193760137,0.00102259665647011,0.00430802485398019,0.0234088056835639,0.00901670188934135,0,0.0023399924769081,0.0546538612592433,0.000945792142624753,0,0.00537944645833527,0.00129947068077096,0.0116361283187225,0.00710605050126059,0,0.00482958114812536,0.00166537300077818,0.289885196320037,0.0149186141820675,0.0170379343530338,0.0183617575389982,0.0133076456030107,0.0183791366216955,0.0110456785669581,0.0255041073699939,0,0.0436768082202492,0.00133285966689591,0.00654205538097908,0.133522065785276,0.474665288009174,0.644322566413296,0.0357910968288002,0.000837793491827356,0.000987675256977155,0.0284744718179253,0.113906465928675,0,0.00767441215525009,0.0156772603121103,0.0128674170697793,0.000774755677514338,0.00600751166002367,0.00753144339495647,0,0,0.0136876853404744,0.0047909810068239,0.0227601228371586
0.010849948864571,1.08010960154445,0.241105936884915,0.606782427648843,0.00940187142051696,0.140705407918639,2.63492146991088,0.0311229865856617,0.406429346936746,1.00744579024036,0.0760804087892659,0.402978229115956,0.780991628581196,0.023507508132587,0.0737487426846082,0.0869684623955433,7.54719745244187,1.31049981950946,0,10.2361948780411,3.88768099952692,0.394113014192412,0.0829495724477639,0.0271275297553142,0,0.121449248523015,0.0125350097321178,0.0153343769210353,0.0981533569692725,0.204045666373504,0.153056809871235,0.0323222375479166,0.016866622461838,0.027694573362882,0.234590460762549,0.125399529075376,0.0103933031606763,0.1114643304726,0.101310965757163,0.0383788622202233,0.0329370956964868,2.19712935276747,5.94262304017706,0.76509366980081,0.930880205135495,2.03565632284664,0.0453517947481783,0.0277224106606108,0.00137151530611534,0.00439918526007135,0.00959772101225489,0.00129679969785652,0,0.001028786985299,0.00958862017434725,0.00163137694106866,0.00101204555023358,0.00376897253966391,0,0.0032703897926391,0.00632122037205033,0,0.00105080586149326,0.00484656117470326,0.00457046788774888,0.001188694167254,0.00306115441698604,0.00368648654923649,0,0.00218178444423552,0.00341107478513156,0.000720497152568271,0,0.0130424467051196,0.00714142760962784,0.00105339430046129,0.0275239447383251,0.0645034146810015,0.00896133752863953,0.00988992765001484,0,0.00484970521687415,0.00720968625291106,0.0238334521404406,0,0.00236393592601833,0.00156624687002095,0.00248317247453756,0,0.00139914310749577,0.00249376435877339,0,0.00272565975179599,0.0056716083654911,0,0.00321081334837018
0.00959703246262716,0.640904174030692,0.258183519991195,0.431555509102506,0.00855156439100915,0.0513517237322896,1.72307701403442,0.0313281499134419,0.214884907144129,1.40641966325275,0.0986953687485223,0.35839118401723,3.56236058240835,0.0159151192549414,0.11027194100728,0.302309581744431,5.22474486445882,4.01658875562911,10.2361948780411,0,13.2290336525483,2.71599112080355,0.474849380840044,0.137865579130952,0.00143946316654663,0.204411925492996,0.00746489910661946,0.00870610864604394,0.131251398629497,0.627137568523643,0.644369366213454,0.104614239754219,0.0183122171823313,0.0142169763413473,0.398314727718172,0.635086012457218,0.00694133953218507,0.182807808789663,0.33753114709295,0.214847871963181,0.00863338146732565,0.828427970825732,4.72538295139633,0.352184757327166,0.477286699632293,2.46951475294959,0.217793314652277,0.119897623814611,0.000812364293796831,0.00518620725564856,0.0166674016176631,0.00331830125872653,0.00193473859673526,0.000545864602057959,0.0247281260094922,0.00197458650277595,0.000923311153130588,0.0102435563626861,0.00103070075673608,0.00856878206161094,0.0101085408506994,0.000957107168259773,0.0041841226583447,0.0068535596831705,0.012498526420405,0.00320981478176459,0.0072164583052059,0.00834465991396681,0.0157148274029632,0.00741424051325358,0.0119277735039543,0.0283717917184106,0,0.0201585242522788,0.0055654831847453,0.00593785258980272,0.0653552947214751,0.179745066856054,0.0352107986641545,0.0333338389526081,0.00150758870783957,0.00177639945816568,0.0221960907993668,0.0773527786395023,0.000740489884805511,0.00157971750246216,0.0159714664429802,0.00877845265003044,0,0.00496789922005926,0.0061005655580284,0.00442731699567841,0.00600227537300446,0.00471198174921436,0.000789216128378629,0.0128807519888599
0.00514134493459415,0.402249857595485,0.158689362006834,0.25285148905768,0.00119429016544199,0.020133667819889,1.11390858308297,0.0313252698773573,0.0782972622019901,0.486831465363661,0.0294181186296518,0.139685947276685,5.56012717400011,0.0121176794125323,0.0554002016661539,0.311690675950403,2.86088288684729,6.33344927701346,3.88768099952692,13.2290336525483,0,7.28247210854523,1.10967133300942,0.230133648712207,0,0.214956954581357,0.00452293517565733,0.00922353476443502,0.150626668510925,0.747957551026064,1.20057171467988,0.218727143967494,0.00565329851509565,0.02347981773306,0.447680108487625,1.02758803581293,0.00285398945900921,0.0946218078985624,0.531365668899451,0.342047814686492,0.00242519370248948,0.402265292161782,2.83817506639546,0.237121842800442,0.282561318280234,1.48675504602539,0.380214926813103,0.20766003617546,0.00165345932385237,0.00605686983335759,0.0130332625432915,0.00527315595875882,0.00075931328699002,0.00141776704088451,0.0206243272989397,0.00070716164064601,0,0.00869392327798854,0.00188794698105749,0.00656080850078823,0.00737594559610157,0.00271101167684878,0.00775320644381428,0.0124608617687115,0.012759939418256,0.00499059439046646,0.00832131884534305,0.00855724096355225,0.00780447721807471,0.00850693517156205,0.00756196557867465,0.0157484058310146,0,0.0211119012729827,0.00151998281825985,0.0045705314851587,0.0689490415379252,0.240786840840197,0.0593355387971148,0.0310430987514774,0.00189102214716626,0.00444213714357114,0.0338973964506647,0.101267528587207,0.00365463169026359,0.00460460126787634,0.0117910668372554,0.0121288644114021,0,0.00765131967071084,0.00626228821356168,0,0.0039764423781766,0.00308388748858332,0.000907811436891282,0.0211150476648589
0.00359920834164396,0.201727689541842,0.106664777434573,0.0749015611609692,0,0.00431163725713815,0.511251837635483,0.0224310881580522,0.0512776567788481,0.0970790363942087,0.0180840903563459,0.079034770353255,3.56541928862182,0.0103768728310585,0.0561527264666026,0.540465101645055,0.963559988013651,4.02713511831289,0.394113014192412,2.71599112080355,7.28247210854523,0,8.48776298558625,3.66610415536276,0,0.131754465907106,0.00712770018314185,0.00703663031283029,0.125187283585403,1.59049538377986,7.59012727245737,3.29587883050719,0.00911955035133868,0.0286645086987275,0.56228092948093,4.64213068354331,0.00664366859796881,0.0751417256226187,1.49720683449678,2.72460076283304,0.000536806717836857,0.103846950229275,0.612902524865113,0.0836850775124108,0.0562840028126486,0.28906507957153,1.44754537617202,4.70394391141911,0.000446505549020496,0.0111384202848011,0.0164412087620727,0.00791347350348442,0,0.000513161048141419,0.0404221320613036,0.00117571910375864,0.000736300117463784,0.00714073072894322,0.00111200455115002,0.0130303080981812,0.0216684699689757,0.000325342038218721,0.00779138585790398,0.0321620737100186,0.158562876784299,0.0294173646606036,0.0137467005123323,0.0205594383450886,0.0314271856526598,0.0936587308680462,0.0627962618604466,0.169803412401963,0,0.0297807586039303,0.000789157685581111,0.00237560346422229,0.0551242832777718,0.74498942573979,1.39176816985892,0.18840923543668,0.00119091191950105,0.00555846884448047,0.0563858022563069,0.569110304060851,0.00132039722996383,0.00332901241894765,0.0353863729412396,0.0788500286219163,0.000410400031685085,0.00946907375900074,0.00689982804488532,0.00194054087058491,0.00172545122460223,0.00348060053363714,0.018352762115619,0.173485588961926
0.00227951640332064,0.0620521624866743,0.0198712644266615,0.0244929323587084,0.000795322270775133,0.00165090258900633,0.0578050688926046,0.00832263267312218,0.0588685959000559,0.103403894962418,0.0195284825811522,0.296137576094945,3.68133076439108,0.0158975666662679,0.306472378850503,1.73846655460243,0.0788197275778264,0.118562450073352,0.0829495724477639,0.474849380840044,1.10967133300942,8.48776298558625,0,1.21354607461654,0,0.0203166659791421,0.00280809678933163,0.00371438875154463,0.0218712476718739,0.114904860902769,0.504273028953232,0.280752249247114,0.00555730499293422,0.0139434940225248,0.190616059856771,2.44439474559976,0.00132690820807621,0.195746156158172,1.61542372326053,5.20133347435005,0,0.0357891529273691,0.11195335466216,0.068589764150912,0.0326907950413809,0.0857286279965221,0.378822520135284,8.99278215339808,0.000229549291333351,0.00305758350843014,0.00571287094950444,0.00211605612591936,0,0.00103377227893655,0.00560833885274391,0.0016230547909053,0.00370560632349699,0.00454912803150441,0,0.0102461479488877,0.0103605298835505,0,0.00359185753641699,0.0109070041486871,0.00540554793887492,0.00569581245605924,0.00222354019702931,0.00855902846410186,0.0208594986695282,0.0316882392327055,0.0507208190001639,0.0492623553578513,0.00056694767205092,0.00420172128026086,0.000825392160376207,0.00228234511502071,0.00711965677496572,0.0777610162145373,0.045040849918065,0.0322220147775104,0.0031607820793398,0.0051996403897126,0.0318280969516295,0.222250823251403,0.00130085198485619,0.00456800636639842,0.018707308491372,0.112297816167153,0.000449825879238308,0.00374403062597328,0.00361438460898785,0,0.00111995454132052,0.00357675218837013,0.00354010116437673,0.232692400443192
