0,1.16613218674551,2.00035923935791,4.80041418740727,3.55161357964356,1.21195085329417,0.790109663448044,0.924505111168816,0.176446753980946,0.0790217577898141,0.0936578677026146,0.120814296502242,0.058283938930545,0.0221620588893375,0.0182437850923352,0.0132765005590711,0.276899893187707,0.0508988887554724,0.0536893256938682,0.0716894902290244,0.0367743372151804,0.0567622479207951,0.0203206783957817,0.0235651680900373,3.89593864881817,0.0738160893349109,1.89001599181121,1.98392619455217,1.37374464743103,0.152569641108424,0.0663986614896169,0.0121153020063306,8.37139729392064,0.142312976869956,0.0448503705546643,0.0268433765175282,0.0144443413717616,0.0142209076111864,0.00683259160933349,0.00572153374922215,1.25844242665265,0.619948956286398,0.0723309355633601,0.194899515419296,0.0953054620267564,0.0432261875438257,0.00696436434691815,0.0151651466141862,2.64012574572548,0.205715416001766,1.0943042529658,0.123782845857938,0.0531188421013062,0.0253746815448145,0.122791818992279,0.0846799994946863,0.00379737864370041,0.00850321969358517,0.00283370708237612,0.0221189346505593,0.0106930071734662,0.000692433304584683,0.00403248178142347,0.00203985374784399,0.0505454838635588,0.0272720160686078,0.0132371245479246,0.0113169352157656,0.0123594758980365,0.0261544121135804,0.0110881691419766,0.00450014935909523,1.835747081693,0.114208461176878,0.940227305507669,1.75351398293268,0.928401555876503,0.191980548902729,0.0604585325311902,0.00570013011432159,0.367457793615721,0.0676982991829602,0.0466999262963705,0.0118660089598624,0,0.0114571347089912,0.000932497063239061,0.00254520843086666,0.0325787031193463,0.0365703635316607,0.0198243988090593,0.0124051948549193,0.00901048981840057,0.0244777367275426,0.000978226233599399,0.0082622282051534
1.16613218674551,0,0.206191874113631,0.510010515142962,1.77931658834371,1.85999535877026,1.39934613253048,3.45794977421473,1.90894665504001,1.2777484527235,0.674993327850395,1.04874445605361,0.411603953261004,0.178652718763899,0.143832009362298,0.0733106057567559,1.53231278812407,0.157140045864474,0.701658275561549,0.539619093521052,0.268820350520493,0.180473548289607,0.0798838504991463,0.0878137664312841,0.118942910039994,0.0402002655453029,0.797108143802969,0.175982645471081,0.272644691174058,0.192025876015138,0.130573900860053,0.0632493025489041,6.16687169769522,0.433320371424004,0.157958189290955,0.0850451697641332,0.101460588178631,0.111527935124071,0.0355303263103263,0.0236998100085391,2.83999458004482,5.56042777200873,1.44252829984636,2.73641354203522,2.56281748628697,0.73802981267464,0.0287888776127815,0.0635693195284988,0.024107674794256,0.0427267076404681,0.0430225176996644,0.0170399170379821,0.00273025857739121,0.00526016029782735,0.0303800753508583,0.0230304157472708,0.00496561501071473,0.00661184709312169,0.00318462285166937,0.0212384257198799,0.0271534689320231,0.0010891495236048,0.00306578343757009,0.0031014904078181,0.0282200426163935,0.0337470263013213,0.0126044632448488,0.00757788346476988,0.0177688143895365,0.0489819550867824,0.0214026643635002,0.0215285608200783,0.0386964072001883,0.0267053979043331,0.147231731316426,0.0211579435889862,0.0750856343328439,0.120726005789281,0.0652109589177577,0.0283049925798043,0.033067233019687,0.0361470256611436,0.0392450508561654,0.0208988876230171,0,0.0126102157599043,0.00358622507932463,0.00587651518480168,0.00532691045176753,0.0139577713521212,0.023404007437127,0.00852372299733023,0.0133117377572749,0.0205208741962472,0.00630276419304451,0.0227579477842327
2.00035923935791,0.206191874113631,0,4.67620736459005,0.318159712967104,0.377734783973525,2.20438532342598,0.0686321117889023,0.0383649848845264,0.0580056710888529,0.0109236516790708,0.0456218040995966,0.076975776006596,0.00589153089539109,0.0177970360122801,0.0221601805415833,0.443357561521456,0.163142217387082,0.0802740023029499,0.102079668077462,0.0644019311888889,0.0917662974613841,0.0226543927909024,0.0114778847707164,0.0662173861206496,0.907407058006647,0.187206311984789,1.96480656999787,1.11007440385589,0.272129643118378,0.103697335968473,0.011412709245184,0.144219984622919,0.0580929453129253,0.0160933744442137,0.0184135398063475,0.00143469311365881,0.00742853804973054,0.00956800329231993,0.00268280811502906,0.158193043414561,0.266947278949864,0.0740091652658917,0.0402231796657474,0.0530774295443901,0.0343853234071469,0.00599177457098318,0.00771219039407708,0.674269162995678,0.134517118157116,4.2737987419601,0.189011817974783,0.0568987281654148,0.0370749564962631,0.344413666445936,0.0179528750190483,0.00178967098929776,0.00709061792688297,0.00344971723532517,0.0138745958733146,0.00903817979063833,0,0.00285460277749853,0.00371186449912228,0.115046338602382,0.0493001905471064,0.0271242500185121,0.0130103175285962,0.0139579382046993,0.0347641192607291,0.0108729580349676,0.00402317154414942,0.0789197175557352,0.866537186000504,0.171273780383801,1.61428273026308,0.93020423913211,0.288450568848601,0.107784895745749,0.00287801740246386,0.0446466029004224,0.0566450701352532,0.073606631934481,0.0104905387880376,0.000537588004934697,0.0140456401938269,0,0.00448903371161616,0.0459211797164197,0.0415561189961474,0.0220062376406424,0.00522219338014993,0.00826440563725332,0.0193239623401683,0.00265091304041593,0.00459442802716785
4.80041418740727,0.510010515142962,4.67620736459005,0,4.21623628389047,5.56343490369355,10.6880329138514,0.195309660545504,0.294634596475109,0.171011553134501,0.0739032930847629,0.130407158830357,0.205207461236556,0.0189023438350595,0.0333489714473406,0.0568621962381643,2.24563383127854,0.343057533378753,0.587086986526495,0.385253436120279,0.190750217542273,0.154757415631162,0.0421987578424839,0.00576014890712998,0.00872705141057952,0.117201236598137,0.100854931258222,0.298798143226818,0.721899750707649,0.144939110131331,0.0595565498461772,0.0044518976270902,0.340017839594587,0.0284906649373546,0.00808512556230365,0.0103520089900107,0.00134268684205859,0.00699870912752397,0.0107426546213559,0.00214979174798731,0.796785250670658,0.841715260688899,0.226218948281009,0.126099084537405,0.16940479498527,0.0837519717583996,0.0025074363146994,0.0065665862583808,0.0262104442434215,0.0452263801084238,0.14840479092118,0.0595457382344993,0.0148132647274705,0.0106150914067102,0.0716545908333462,0.00432158033825383,0.000401373253389943,0.00295610921083409,0,0.00544630409154889,0.00404288768683908,0,0.000307282346029367,0.0018119900703649,0.0321372767049321,0.0146229181252942,0.00554153388314788,0.00516459711541316,0.00812496870615623,0.0111074998285578,0.00102381505362253,0.00196340236604328,0.00505560544468397,0.0614365644167396,0.05803951009668,0.0305556477368717,0.373940976744203,0.100704197411136,0.0166300415229985,0.0012520910008933,0.0140725999680311,0.0202448512386642,0.0349330646754961,0.00486804187126607,0,0.0125179670442931,0.000266752942132837,0.000314118277155708,0.0134174019015374,0.0184870750767488,0.00694679281672557,0.00224361551198251,0.00487400242974306,0.0113631164666504,0.000968767581531416,0.000459628889542651
3.55161357964356,1.77931658834371,0.318159712967104,4.21623628389047,0,7.49235779533534,1.98632080815879,1.90576223517988,1.30256596581665,0.34508535582618,1.25833177653404,0.385852047973277,0.108567653269175,0.107969932042943,0.0495932222251737,0.0144746353252833,0.709646023807729,0.0894020605226237,0.253283098461917,0.146185755051196,0.0800592756052754,0.0354860275312326,0.011660089876789,0.0116687796003195,0.0139112393220416,0.040335548229131,0.135005770393697,0.189210613764469,0.219173529710971,0.053512847308738,0.025050487916439,0.00819554073893142,2.87043654363408,0.0254879246313273,0.0130591055892605,0.00977468510042845,0.00762442580199973,0.00216081544252261,0.0048265065236729,0.00301381461004466,5.79486741002784,2.01651021557834,0.26539986048418,0.903828607451261,0.34637820526135,0.145230507912344,0.00512891694895157,0.0063564549098636,0.0108624186682897,0.0149124539239037,0.0435935397539629,0.0169799791338256,0.00388971299692951,0.00222814472810535,0.0133816974258187,0.00134050558770752,0.000947944974458284,0.00312986008442295,0.000602344080200462,0.00410100705637676,0.00110977779048354,0,0.00113831090676003,0,0.00499578107051519,0.00401351200707256,0.00234564534740156,0.00518953514873743,0.00481850278175147,0.00208646926408685,0.000837548134256405,0.00333538783203885,0.0111281976310359,0.0263158458598653,0.0535598109502669,0.0171586551389088,0.0838517205873142,0.0249066942840475,0.00519594026916754,0.00285699976226111,0.00360830733747573,0.0141553230810569,0.00995054739106575,0.00139638143627156,0,0.00129118783108834,0,0,0.00360783550574374,0.00456839266819886,0.0166099274517929,0.00079967021986288,0.00343844411812176,0.00596527578259487,0,0.00229254202680343
1.21195085329417,1.85999535877026,0.377734783973525,5.56343490369355,7.49235779533534,0,4.30495646860358,1.59820005175074,2.06674971760407,0.679858732174365,1.51127841244411,0.659249541878066,0.199592995726602,0.0874818837306435,0.0613221357906103,0.0388356939239811,1.83754202609527,0.145967572713922,0.579662809454674,0.346245397501754,0.183423308856401,0.0858162768597648,0.0266778660325019,0.010997199751835,0.030104840476755,0.0502964485144584,0.0822618340121507,0.141417729587867,0.221574876496367,0.0665408100032956,0.0353339369413523,0.00779793515184589,1.50156499031242,0.0209546951533173,0.0111984184594877,0.00612878145740361,0.0107043186393431,0.00586523921359067,0.00719810783454882,0.00553366733206884,3.31903593337514,3.79636298324732,0.616994844938593,1.12351447011824,0.772880148251215,0.369394582441285,0.0043639592309567,0.0118567871590275,0.00748577196472188,0.0199027177948637,0.0406038953833353,0.0147530127213469,0.00593719371584308,0.00191645808484053,0.0114971074901057,0.000379576051204152,0,0,0,0.00517467693282269,0.00277646217463647,0,0.000614884151991041,0.000433247017805879,0.0087803747194022,0.00719937637712573,0.00555445834089856,0.00696016235763043,0,0.00537853375751963,0.00161556451651771,0.000606168677307645,0.00454110233922508,0.0340274680080067,0.0401459560899116,0.0153950064090225,0.0856004393808624,0.032367714497433,0.00971738326446437,0.00219539242257511,0.00400460257435684,0.00881789968292535,0.0125407604944841,0.00139161435530406,0,0.00124164316654048,0.000895321328376428,0,0.00478406683240508,0.00538442394443136,0.00462078442656822,0.00307381979000126,0.00373949998449104,0.00626848616780283,0.001559139148615,0
0.790109663448044,1.39934613253048,2.20438532342598,10.6880329138514,1.98632080815879,4.30495646860358,0,0.634510971235804,0.873284098957072,0.731646578720608,0.170950590277734,0.467464824866713,0.3436656103045,0.0257245126031651,0.0576480586611141,0.0624955958726022,14.2084248577807,1.54459741097717,3.50938547640616,1.72212642133228,0.658479782800419,0.523512615157401,0.0865348992369487,0.020524801247598,0.0171800837470315,0.715211547758446,0.123286878029398,0.231796284041954,0.598179199303215,0.916944785506142,0.610662504941881,0.0228193365428973,0.554221184068005,0.0426481453244589,0.0181391049400245,0.0287987128243267,0.00525647034105884,0.0115856923745762,0.0220732430250253,0.00591222672146149,0.807127351615223,2.95760168550521,0.846097853750384,0.3623509311407,0.574369565814001,0.327036227745679,0.00438077736396206,0.0161068391786282,0.0383987580502347,0.0788045766671948,0.471414679651456,0.0598912152656279,0.0102342576572709,0.0127073971927924,1.01505629772929,0.0127316899304069,0.00142069729598183,0.00516983947646958,0.00162224802319753,0.0103000590091998,0.0107119169849814,0.000446961151953085,0.00320513672900842,0.00238094649435883,0.480764013747212,0.147361161749492,0.0299297392983891,0.0142557014916376,0.0154000415722619,0.107986719368309,0.0117549763256526,0.0106104708875135,0.00674643879338127,0.808084400378593,0.0738934702251475,0.171948324769827,0.43198163071991,0.622320443303976,0.486292521398194,0.0113204917247549,0.0244529675920901,0.0415198074760405,0.0717159367497381,0.0165200300863771,0.000244424659473646,0.00878971975873932,0.00160116867831423,0.0019591596475237,0.00735005614506725,0.0294478231387163,0.0303877731923031,0.00760615572033632,0.0127197539913352,0.0173917375300084,0.000363055453335797,0.00590028359583556
0.924505111168816,3.45794977421473,0.0686321117889023,0.195309660545504,1.90576223517988,1.59820005175074,0.634510971235804,0,5.47096338212384,1.30024919710825,10.9032022863888,5.30711468526044,0.43025561568365,4.52668721460643,2.84643845946408,0.316618862428504,0.428166534799327,0.0447130794596999,0.0782428142807977,0.112234770330733,0.0690773151504937,0.121639123931213,0.173609588498013,0.2102196329294,0.179699950206393,0.0131298620905973,2.21643510815889,0.124053086704471,0.23179041356266,0.307345809316698,0.179871055236723,0.101002048594142,22.0895937080102,8.55517323636005,1.3493783191383,0.289606854269144,3.47412092323361,1.80525690761357,0.187275205876055,0.0668531011516302,1.01193863667031,1.89515498551138,0.121196807948269,4.68601334276502,0.583800116045493,0.249132995278691,0.0480461358838332,0.100809643350813,0.0147334699264924,0.0324558563450843,0.0148662087215132,0.00842076268465598,0.0010797856848082,0.00298482502732225,0.0145299844398862,0.0147989424676349,0.00273846479977916,0.00478415256340872,0.00217478534591671,0.0179845841100397,0.0337782660554595,0.000390858989324727,0.00388217186664544,0.00647162010219738,0.0151589727595865,0.0157859063088866,0.00506252888631033,0.00977182420961367,0.0210470451142802,0.0472899597944086,0.0283571531441258,0.0375822035713825,0.0571327568699357,0.00666213679233162,0.377096313779605,0.0180226924937121,0.0494790384336745,0.206499145563359,0.0824158643646454,0.0448353136234629,0.0586369594130816,0.0807536631493607,0.0442273474228808,0.0640736214765557,0,0.0205724785159533,0.00237627464102756,0.00894484746886769,0.00373696074976728,0.0103481440532276,0.0146557239156196,0.0158455841477403,0.00708593290801062,0.0159136515467262,0.0113652821110564,0.0367665401026902
0.176446753980946,1.90894665504001,0.0383649848845264,0.294634596475109,1.30256596581665,2.06674971760407,0.873284098957072,5.47096338212384,0,5.31102701811148,9.07650836990011,8.06157295730277,0.915620811013804,1.95212437919414,0.905107368084995,0.152393339307249,0.620681549806788,0.0586057570294418,0.196036031971106,0.296469146545682,0.130434644145175,0.0774670222344705,0.0669815459938878,0.072760916254026,0.0217597518063867,0.00591561876372212,0.164333843411434,0.0348751583609863,0.062190916919309,0.0608709577340228,0.0542132439516196,0.0386957333037836,1.7892823762019,0.0616452697810441,0.0347662077506722,0.0408001522900657,0.0438778514560252,0.0406511173369927,0.0284606947546977,0.0220328565623118,1.27290437160342,2.91547238133672,0.454530175098482,6.41052029644913,2.49460372895985,1.27317760120377,0.0506413153379814,0.0376111333425176,0.000674255504071941,0.0110121819918012,0.0060644679869242,0.00201826171818368,0,0,0.00174856535154846,0.0030176780074464,0.00418186951715555,0.00636514013279221,0,0.00381985902743946,0.0120167111916373,0,0.000493217182038475,0.00365411100829314,0.00600619124990737,0.0138254466871176,0.0117435316590505,0.00110511326289337,0.00786842489414583,0.0140023583645283,0.00530377556562438,0.00936203730497586,0.0169893696067512,0.00893822642861961,0.0323709087071849,0.0038858814284936,0.0199820214273914,0.0373727240735288,0.0252431431954171,0.0193953441986632,0.01151152746037,0.00760426781089804,0.0125762718126953,0.00854134610171463,0.00219987408999267,0.00168976901052294,0.000924573246643579,0.00202391090834919,0.00417063949476715,0.00227304555343485,0.0121968188277616,0.00653899538339092,0.00485885886813164,0,0.00699249077778019,0.00618012525365341
0.0790217577898141,1.2777484527235,0.0580056710888529,0.171011553134501,0.34508535582618,0.679858732174365,0.731646578720608,1.30024919710825,5.31102701811148,0,2.02619637301666,11.3174806586687,6.58656644071004,0.755446931426936,0.989174006247732,0.518963205470399,2.25603857949539,0.247944269519114,2.22280645715533,4.79569314093692,2.34279994513818,0.520020120363376,0.377704741155909,0.0603999401280007,0.0249802315732189,0.0166087068856727,0.0822307502557826,0.0265351282070055,0.0734007754106691,0.129336892440757,0.114058171394214,0.0455801213042677,0.556081372817143,0.0481921628269457,0.0366946586823969,0.0407198875955931,0.0474641014468894,0.042724167435723,0.0581951217340879,0.0311419544799564,0.408308959732309,2.66051105446806,2.67961333232034,3.79736888322411,4.15194776785413,5.34272090274729,0.0183193813169912,0.0374138499781308,0.00111852392839042,0.0126871805369105,0.00875815089414775,0.0035601489952429,0.000608982372810374,0,0.00919320290608844,0.00841280338941006,0.0047364925981796,0.00997869945413827,0.00186174566600777,0.0117311376516828,0.0244477359030058,0,0.000846083119305618,0.00172752637135209,0.0134728496091658,0.0229040150433205,0.0121480527005685,0.00589466432707809,0.0121259948640349,0.0382386927232691,0.0167898787732889,0.0118768888482732,0.00122730350840811,0.00463057190989424,0.025681805150383,0.00341658323040069,0.0176448142990124,0.0504391443453096,0.0428748419975235,0.00998862465990789,0.00948405352414356,0.0222048854601612,0.0260954898826299,0.0105550155519178,0,0.00646536394005284,0.000563120193324065,0.00339890894287567,0.0034184427762618,0.00439626368225497,0.024988604008933,0.011816832113301,0.0168635515182111,0.0256016604897186,0.00408110575893729,0.00737956093484168
0.0936578677026146,0.674993327850395,0.0109236516790708,0.0739032930847629,1.25833177653404,1.51127841244411,0.170950590277734,10.9032022863888,9.07650836990011,2.02619637301666,0,11.4743931287934,0.350011396063105,8.03143317684865,3.5871163795027,0.19098633736859,0.136200470873412,0.0246015889389415,0.0386734521185356,0.0663803305803919,0.0365584106353594,0.0368958125569075,0.0498963648453326,0.049714433474597,0.0264710520160269,0.00281440582844335,0.108030775307277,0.0208039341034755,0.0299361532627764,0.0468888893011423,0.0280770247061811,0.0344556234044018,1.18832993644369,0.168768024490864,0.0821942077314454,0.0394015930103108,0.351029000403502,0.71957648434993,0.0406408519612238,0.0185328403186102,0.401271193682703,0.734204523817361,0.0765220463846486,3.5228951043604,0.513153681298756,0.271454597910169,0.0210194150516811,0.0258938275718093,0.00160729864813114,0.00402510482456934,0.0020528114162375,0.000799497058377646,0,0,0.00121955838898635,0.00146493993100208,0,0.00408469997895466,0,0.00448792760011807,0.00915872041149116,0,0.000619203570267207,0.00173397883836854,0.00133005557467359,0.00167970168791487,0.00345192661364971,0.005077578336938,0.00536115399616843,0.00904480817231865,0.00559385773230734,0.00504957721654599,0.00323698198465024,0,0.0349496871785593,0.000869212405325455,0.00252125903528177,0.0207085106951772,0.0113120348779717,0.00817266713015682,0.000912660419743298,0.00326811243803608,0.00660354211055437,0.0108397528815663,0,0.000804213243939977,0,0.00107191872287406,0.00193368973930849,0,0.00455630943057,0.00281225690350207,0,0.00462851774518647,0.00172824831515479,0.0123461657269667
0.120814296502242,1.04874445605361,0.0456218040995966,0.130407158830357,0.385852047973277,0.659249541878066,0.467464824866713,5.30711468526044,8.06157295730277,11.3174806586687,11.4743931287934,0,7.51216980403072,4.38806326050416,12.0057082415265,3.77395402549264,0.750050595116799,0.182259382684017,0.397735020531968,1.47090999554052,0.767128541465117,0.479716321156503,0.680773359978336,0.128456968180703,0.020452023511121,0.0127639912570361,0.126850900311389,0.0318121131027886,0.0535757031178407,0.117134800884056,0.136031643557445,0.0808247326124291,1.05459959244449,0.207446459587757,0.0972174194734905,0.119026497441234,0.515213944060567,0.899906522316926,0.343481493625953,0.0902683225549163,0.278208435391432,1.33948802145147,0.663863887558485,5.91205829984757,2.97670216650469,3.01968289783876,0.0433110935616548,0.120180114233786,0.00251274203194166,0.0173591301148621,0.00697287471174611,0.0029477900952932,0.00149149358331986,0.000966753647995179,0.00843950935864451,0.00781174157859098,0.00603549118166208,0.00189505528159124,0.000932206639500409,0.0181881785663539,0.0175100343103255,0,0.00112830467108013,0.00376166757868862,0.0113770015794139,0.0245976564798295,0.00794805252392347,0.0109200748910867,0.0181366104251886,0.0419500861567435,0.0315160856127022,0.0233247777045982,0.00934350201016642,0.00233181321126747,0.0404701261710114,0.00532623623070768,0.0128191461427149,0.0710751020468546,0.0605650889091783,0.0337467959019251,0.00891240363988309,0.0101805791184902,0.0162748356975035,0.0346259977298931,0.000580122901160576,0.00242257207395277,0.000549696849725348,0.00302298703951352,0.00234176641466551,0.00268938363937403,0.00906323623861217,0.00945046365817344,0.00801858248340553,0.00821322785557295,0.00330844214800986,0.0255614806121475
0.058283938930545,0.411603953261004,0.076975776006596,0.205207461236556,0.108567653269175,0.199592995726602,0.3436656103045,0.43025561568365,0.915620811013804,6.58656644071004,0.350011396063105,7.51216980403072,0,0.451307054582629,4.34512764531503,10.0155209527968,0.746681589499426,0.870879361757028,0.958002867824305,5.54566993489659,5.04707069192948,3.18795372000727,7.79584503289159,0.149523192031331,0.00850135361599207,0.0121415693991968,0.0605431601414145,0.0249767622115156,0.0532302714953296,0.135868878239728,0.158187210949217,0.0650028138949906,0.222243250208762,0.0943715870890106,0.091045072974411,0.269843846954817,0.138152370379473,0.592842408379342,1.7257727124837,0.352661571464417,0.100544689087379,0.514275358622293,2.00474323681538,1.06955341034202,1.48083773538518,3.0350714069704,0.0283817468359426,0.118129282616517,0.00423563787060729,0.0118746628319125,0.00689405424223318,0.00442428820814514,0.000648766221541995,0.000795370595514655,0.00743139434721193,0.00480165979184819,0.0038595897407193,0.00604365634170814,0.00170675151087221,0.0139484324960959,0.0212435981537884,0.000596431284619864,0.000721726217065621,0.00354034638790482,0.0110121750903674,0.0183585797975887,0.00527716221711244,0.0126623853593692,0.0215852782038873,0.0344000028792924,0.0123091706515003,0.0150697611569752,0.000397057733158009,0.00686375513109291,0.0223872269544429,0.00400193286549187,0.0179899205979794,0.056709548292617,0.0526905168232544,0.0170333345226121,0.00563757590043993,0.0129486552907569,0.0204701490015467,0.0284634134162228,0,0.00356655586510402,0.000953498052501514,0.00526872606268503,0.00109080575452987,0.00532917080723401,0.0124523945308223,0.00586487883642542,0.00855133787279846,0.0182584355109313,0.00701174970667218,0.0175729621046085
0.0221620588893375,0.178652718763899,0.00589153089539109,0.0189023438350595,0.107969932042943,0.0874818837306435,0.0257245126031651,4.52668721460643,1.95212437919414,0.755446931426936,8.03143317684865,4.38806326050416,0.451307054582629,0,10.8403120225854,1.08892108267513,0.026753665678863,0.018504008433466,0.00724995312944992,0.0380602091325019,0.0351391773219732,0.0599914237481881,0.184577569065897,0.106391428700125,0.0173077308504145,0.00326484860633681,0.174415968268568,0.00677685257772028,0.0429068940480965,0.0805588999031683,0.0538376521259263,0.0657232812955733,0.495245552002583,3.03156112277207,0.944040066412126,0.138560244444562,5.91671149298557,6.37017414654037,0.37478218030911,0.0484560608483347,0.0757441416128918,0.0687014108218952,0.0247044704003485,1.00975225038168,0.15478907483714,0.0725341214666954,0.0301227440926347,0.0449259703428549,0.000737932612863684,0.00369372161225094,0.000931607756270644,0,0,0.00115467983756782,0.00236160705717941,0.00153866046496191,0,0,0.00129698614491941,0.00406839778914111,0.00970022277922228,0.00518818611310409,0.00196794767740542,0.00430562773440614,0.0013342673561699,0.00614384039326222,0.00061768441429657,0.00250942975616397,0.00313874435523274,0.0125389176757563,0.00699884011871696,0.0261232372779373,0.00788708858892595,0,0.0394298836557317,0.00472711310873038,0.00878473094136254,0.0626813308219837,0.0158301143009913,0.0370306308175084,0.00627149466178798,0.0117043408946333,0.00963921219092109,0.0298857265999424,0,0.00922446155628637,0,0.00442461465170412,0.0015395581335178,0,0.00351553222168066,0,0,0.00108267683161523,0.0129716223899909,0.0188029903027017
0.0182437850923352,0.143832009362298,0.0177970360122801,0.0333489714473406,0.0495932222251737,0.0613221357906103,0.0576480586611141,2.84643845946408,0.905107368084995,0.989174006247732,3.5871163795027,12.0057082415265,4.34512764531503,10.8403120225854,0,19.4818293368313,0.0696140776677643,0.066311938800335,0.0179481021891591,0.194875103856868,0.170987718390479,0.289676191568606,1.77364460740435,0.152761975852176,0.00783504162066943,0.00297777303858306,0.0997486250540032,0.00842488244158432,0.0203815920350609,0.122728502999422,0.0815130778642711,0.0643401354071843,0.2915599447787,3.08993008546737,1.39687903727658,0.444858539076598,5.80206980434792,16.2661451247401,5.11022940261508,0.512184330053949,0.031015384624536,0.102932238096859,0.0557902126558961,0.656407821701807,0.219776206470088,0.162571746748937,0.026257266887832,0.127837796650264,0.000493874633058333,0.00607025792244597,0.0029726460849247,0.000760040809607884,0,0,0.00151560170666767,0.00168316073796093,0.000557959998805854,0,0,0.00591029837735976,0.0140146521178606,0,0.00387819607404041,0.00338906924800995,0.00243417640784156,0.00703460626007983,0.000745690638323353,0.00878443801721623,0.00893719731028811,0.0160252299878999,0.0115371864155981,0.0296475583069658,0.00355020030134091,0.00261352403741678,0.0284587118965247,0.000764480989189686,0.00622373974878843,0.0691539438117871,0.0413863740149188,0.0312526067504775,0.00326501626393798,0.0115308124181464,0.017535188831441,0.0784004024399955,0,0.00788018019735945,0.00566300025226091,0.0096865100309304,0.00081825078481422,0,0.00110383205037683,0.00102572061353595,0.00884160807209711,0.00375962749174154,0.0145264130063307,0.0252183857607573
0.0132765005590711,0.0733106057567559,0.0221601805415833,0.0568621962381643,0.0144746353252833,0.0388356939239811,0.0624955958726022,0.316618862428504,0.152393339307249,0.518963205470399,0.19098633736859,3.77395402549264,10.0155209527968,1.08892108267513,19.4818293368313,0,0.0888348847016533,0.146707340897572,0.05061831049715,0.381522088734148,0.432542774303074,0.768921612429306,9.13111552912381,0.294324575565771,0.00518754085393064,0.00419322713371434,0.047843353669216,0.00482686816278226,0.0147630344063668,0.0992740917502422,0.085244239129409,0.0558658713663699,0.0816445141649226,0.774562079873516,0.662725229776221,1.14938318172664,0.755160994376676,7.01400244438088,18.66607036944,3.17006475392314,0.0109705560145687,0.0584157035854501,0.137094283013526,0.19092019929922,0.107706094110255,0.190932502982553,0.0277492627524692,0.318656434137629,0.000558425899642744,0.00380731858584293,0.000295033431791563,0.000504288207181645,0.00046329642507768,0.00102596019683709,0.00181682278768342,0.0010456206355385,0.000817394646214498,0.000750804664018168,0,0.0016938959089203,0.0140826132487379,0,0.00252651257989865,0.0108492097193586,0.0015567575237992,0.00230522611801776,0.000440855665557356,0.00707919276996279,0.0115654694048379,0.0194203194472226,0.0184390797798534,0.042549390614032,0,0.000871326091387861,0.00814976300930096,0.000972870923822616,0.00882303313554914,0.0480879084860038,0.0411225440016014,0.0293801102007213,0.00256765978328029,0.0174423219790678,0.0368028763273855,0.237652465297002,0.00210309343571619,0.0220509512070051,0.00941695356527277,0.013059928274043,0,0.000473797238506296,0.00637625853985984,0.00411059910019608,0.00291711562973064,0.00251401607341439,0.0247450428206474,0.0392877211472871
0.276899893187707,1.53231278812407,0.443357561521456,2.24563383127854,0.709646023807729,1.83754202609527,14.2084248577807,0.428166534799327,0.620681549806788,2.25603857949539,0.136200470873412,0.750050595116799,0.746681589499426,0.026753665678863,0.0696140776677643,0.0888348847016533,0,7.65750914901608,10.6488589367052,7.91310193052512,3.12604884329892,1.788077509507,0.14650887302164,0.0237726188222089,0.0138002405591701,0.192853910154506,0.112058916632584,0.0950874793820887,0.278825520495656,0.527750444431144,1.51942196266986,0.0325083436029312,0.391851982483989,0.0257037219935967,0.0143815049242059,0.0236674183025674,0.00641738767924844,0.0116410024333974,0.0210544871478802,0.00442048678230542,0.486112103489765,3.3060213863477,3.15208613976032,0.411027842382534,1.28450151300981,0.994801660700037,0.00604344468985161,0.0154543479043312,0.0177690628789526,0.0530302363477932,0.129101510411776,0.0246113871935416,0.00353795094005633,0.00941553571075934,0.445895603448566,0.0137415829741792,0.00230023990963675,0.00934814142425027,0.00236662331829875,0.0184322112645474,0.0155487589839798,0.000765545915789256,0.00286400406739106,0.00136376964806159,0.373865775886331,0.122920285902481,0.0252185513470977,0.0163708088021815,0.0180840132607051,0.109459051313577,0.0171524838008129,0.00936669438484031,0.00750019877315089,0.238492389366695,0.047811488125769,0.0501992009424918,0.157481146101687,0.293426934963082,0.276636164126832,0.0123723424653874,0.0149240564698914,0.0376131600972168,0.0585890148198942,0.01255361535001,0,0.00874499301817706,0.000368520107673631,0.00242678570091982,0.00563352325197852,0.0184933425978679,0.0278917300711537,0.0100060759204987,0.0118662786378489,0.0210668511924805,0.00178500399461005,0.00714945508237251
0.0508988887554724,0.157140045864474,0.163142217387082,0.343057533378753,0.0894020605226237,0.145967572713922,1.54459741097717,0.0447130794596999,0.0586057570294418,0.247944269519114,0.0246015889389415,0.182259382684017,0.870879361757028,0.018504008433466,0.066311938800335,0.146707340897572,7.65750914901608,0,1.42080842426199,4.79195366201095,4.99484197543049,6.37245239971472,0.335291427378058,0.0242078024034764,0.00656697991280263,0.0389363866119536,0.0387826159364563,0.0252633093588394,0.0707689190084946,0.25016325530358,1.92688337210415,0.04619196236217,0.06426429521015,0.0241352125464705,0.0193911069978622,0.0221300078286378,0.0107881964301032,0.0245653447697118,0.0414463194302111,0.00836099754688208,0.0602993326840279,0.179946454833776,0.538335247257396,0.0755562578429125,0.151970378480137,0.273619643130276,0.00949187019509848,0.0218430615116056,0.00378238614132019,0.0190912903649719,0.0179631590053119,0.005418000826011,0,0.00182087053684485,0.0309983705050013,0.0104046926638085,0.00440759528723344,0.0123416973593967,0.00207409887830476,0.0130233698516728,0.0303721722704715,0.00138000393399296,0.00461109781958143,0.00521622242098982,0.0327552186155515,0.0338653648186453,0.0105984185084581,0.016944978266757,0.0190930187052629,0.0580716516497179,0.0210557664889831,0.00330817005057906,0.00196383984830608,0.0129015376939375,0.023329121470756,0.0124304616780726,0.0343527584085195,0.0840621698694928,0.0629010261543513,0.00665095544109418,0.00968688906588748,0.019804416399426,0.036559488900353,0.00477731090175017,0.00267212913109582,0.00561542069235678,0.00248133163258055,0.00176142687800088,0.0018816395260214,0.0151678571937605,0.0176517266714756,0.0118738928876959,0.0122137064227052,0.0123500603780925,0.00277490238087778,0.00618910082749948
0.0536893256938682,0.701658275561549,0.0802740023029499,0.587086986526495,0.253283098461917,0.579662809454674,3.50938547640616,0.0782428142807977,0.196036031971106,2.22280645715533,0.0386734521185356,0.397735020531968,0.958002867824305,0.00724995312944992,0.0179481021891591,0.05061831049715,10.6488589367052,1.42080842426199,0,12.1995878237036,4.1377875412125,0.746607670393531,0.089850705457134,0.00992514254091557,0.00503797688601271,0.0238621582597662,0.0427224473469083,0.028364314311342,0.0673503148739631,0.139189699907401,0.075840748571443,0.00937295765921664,0.121809326606935,0.00700477104978624,0.00688268988553219,0.00585053446485212,0.00053078471427892,0.00406489344623624,0.00844059264204319,0.00040998662038591,0.218059917571025,1.42100107382454,5.26034889440167,0.182059040185315,1.0875543214196,1.22025601335698,0.000869067179325438,0.00429944480653074,0.00229372847601027,0.0111901293232503,0.010599524927798,0.00528069358785054,0.00095318715512048,0.00183040838050773,0.011326354890904,0.00423759017670309,0,0.00128620521674981,0,0.00395833411170411,0.00454107277905812,0,0.00150601679651563,0,0.0144509994209999,0.0246658077085618,0.012702716456423,0.0038061942108086,0.00428654419743839,0.0139649955833841,0.00309264303607787,0,0.00658201417366987,0.00421800935014831,0.0177287027198388,0.00487397509135995,0.0297498506121076,0.0322434976590437,0.0148811930869832,0.00313438841987717,0.00268121389741431,0.00224227147128632,0.0102078131958033,0.000726807697167924,0,0.00104771898369336,0,0,0.00265436523036995,0.0022721269106865,0.0052095672941741,0.00316529578448453,0.00515713431054452,0.00823447788280934,0,0.000331090148409527
0.0716894902290244,0.539619093521052,0.102079668077462,0.385253436120279,0.146185755051196,0.346245397501754,1.72212642133228,0.112234770330733,0.296469146545682,4.79569314093692,0.0663803305803919,1.47090999554052,5.54566993489659,0.0380602091325019,0.194875103856868,0.381522088734148,7.91310193052512,4.79195366201095,12.1995878237036,0,13.5053292357898,4.32004367220959,0.972289954944283,0.0191805260202353,0.00654082924795127,0.0264376069506735,0.0465869034022167,0.0296198960134154,0.0632490063035682,0.145639718565023,0.172849993506537,0.0255997094582922,0.117505889940196,0.0151457753080624,0.0136990484583969,0.0158307097621273,0.00662725805967771,0.038906519087624,0.0739133068881817,0.0129525123782723,0.154792955729451,0.847623416991078,4.90732656619657,0.294746227305921,1.08549839860151,3.21602389115166,0.00759515519859435,0.0186181563984719,0.00147477184418351,0.0116582848896112,0.011094563495062,0.00577919598852972,0.000322808218282809,0.00155262341097882,0.0126741176051876,0.00417398346621258,0,0.00267580249542355,0.00157817236204448,0.00504989385470236,0.0113706446430243,0,0.00140058909355528,0.0025227263654166,0.0192519914487761,0.0215258421360527,0.00709481853125802,0.00734992859447616,0.0104112662815934,0.0281644042030429,0.0056011210149376,0.00156158920968628,0,0.00696100064983055,0.0108566658837176,0.00309914821479348,0.0381340240023361,0.0472950409901809,0.0390751950357447,0.00488123692163087,0.0023986493259275,0.00841994018490729,0.0130249983830054,0.00343424415296328,0.000603694827012655,0.00101377037429169,0.00112426901959092,0.00140799940725913,0.00201165904235204,0.00433188795681183,0.0277184157883773,0.00618459999656982,0.00951674641428112,0.012735271787031,0.00167743737055932,0.00290661012706553
0.0367743372151804,0.268820350520493,0.0644019311888889,0.190750217542273,0.0800592756052754,0.183423308856401,0.658479782800419,0.0690773151504937,0.130434644145175,2.34279994513818,0.0365584106353594,0.767128541465117,5.04707069192948,0.0351391773219732,0.170987718390479,0.432542774303074,3.12604884329892,4.99484197543049,4.1377875412125,13.5053292357898,0,8.17965717358497,1.79190777352065,0.0221435764584684,0.00379492557524752,0.0168278316982178,0.0221907421087146,0.0171250769563158,0.0384767647397061,0.117310524966902,0.117419550485736,0.0371484949803763,0.0621150765273373,0.0224111021113459,0.0148653062714933,0.0206147717038938,0.00642989106498599,0.0360682939569028,0.104642802776806,0.0135190852683321,0.0712878280230215,0.414711387798582,2.69277124434196,0.178709669699321,0.507272777825028,1.60732534465412,0.00568119632049856,0.0161898539639479,0.000703904191424075,0.00866061848315789,0.00741871612092693,0.00468958697614741,0.000520052750004392,0.00125055597573615,0.0082798777993231,0.00336724103152267,0,0.000823195561186957,0,0.0049347317268613,0.00808041519364528,0,0.000719054544710135,0.00218675260095803,0.00952010964141792,0.01420795809355,0.00761052655614876,0.00521272649897501,0.00345909562639912,0.0197818088542716,0.00864560624314211,0.00432989052372566,0,0.00510160355409571,0.0121181610392348,0.00187049825614868,0.0139986571114537,0.0332739942329153,0.0212322746120337,0.00637247830642823,0.00250470460431653,0.00393201845510821,0.0122956793426587,0.0053756283340896,0.000562151913782852,0.000713990293010419,0,0,0.000445025067817052,0.00291081825882242,0.00671644426188979,0.00191860682688859,0.00759071270874839,0.00966742287042743,0.00141209577105708,0.00294397038699373
0.0567622479207951,0.180473548289607,0.0917662974613841,0.154757415631162,0.0354860275312326,0.0858162768597648,0.523512615157401,0.121639123931213,0.0774670222344705,0.520020120363376,0.0368958125569075,0.479716321156503,3.18795372000727,0.0599914237481881,0.289676191568606,0.768921612429306,1.788077509507,6.37245239971472,0.746607670393531,4.32004367220959,8.17965717358497,0,9.0241950577423,0.429531912074086,0.00642176217357649,0.0194490961168069,0.0750209741802504,0.0221624661879219,0.0678118383291699,0.380942741712391,2.47515187140399,1.16493336150606,0.123345116717604,0.0688122466829081,0.138663285168303,0.442487518671373,0.0253063678322946,0.173877915020463,0.438124459992528,0.286826239990489,0.0331444775587093,0.148793226965734,0.778646836787065,0.11144186406124,0.185113733519099,0.475764073562743,0.0727711988426465,1.81504954611693,0.00682940632181869,0.0346768935473838,0.0143968794908645,0.00577729891145596,0.00101501730370204,0.00134454026757246,0.0265568537995309,0.0357526113999654,0.00365679714263169,0.0153352030575954,0.0108599240824854,0.0525392761622043,0.122449554980666,0.000869438740009928,0.011360799193204,0.016815078756015,0.0359016263442718,0.0501625668303858,0.0122824781811407,0.0342214643560459,0.0727156152162026,0.33063525675496,0.217932058075124,0.0779624128692933,0.00663452256644498,0.0125798835881042,0.0316796240118671,0.0134654141862971,0.0235061291604775,0.242096116334527,0.413559702157134,0.113164140264589,0.0210357779042151,0.0264305610668924,0.0449779604547809,0.100423765722379,0.00161419029642351,0.0120801415837148,0.00937860479966637,0.0313754588291269,0.00228281743905656,0.00820926677850427,0.0162994797388443,0.0179949418182985,0.0124940330109389,0.0300239930863347,0.016013474782436,0.0979749381225493
0.0203206783957817,0.0798838504991463,0.0226543927909024,0.0421987578424839,0.011660089876789,0.0266778660325019,0.0865348992369487,0.173609588498013,0.0669815459938878,0.377704741155909,0.0498963648453326,0.680773359978336,7.79584503289159,0.184577569065897,1.77364460740435,9.13111552912381,0.14650887302164,0.335291427378058,0.089850705457134,0.972289954944283,1.79190777352065,9.0241950577423,0,0.645198322682361,0.00325017622892793,0.00670609148570681,0.0325244243171812,0.00826725578036275,0.016624799833597,0.110650859062827,0.13532087581173,0.103850009958129,0.0699666280339989,0.220105215254904,0.351036338864466,3.1432058650805,0.102965839793203,1.11753600535002,7.39316531631595,14.7420492019362,0.0114997718463097,0.0652593447403142,0.282121219248921,0.113095215675102,0.100473963899689,0.248573365878959,0.0171347590837601,6.13359047400494,0.000735124868816353,0.00322527803535321,0.00192788970291909,0.000684342690754791,0,0.00059111302754658,0.00377303683670793,0.00212925054884723,0.000333538257992941,0.00332214887087909,0.00206192677375684,0.00667433894611131,0.025538514175221,0,0.00759447487746431,0.0192855452504099,0.0019143768651929,0.00985761881103863,0.00251161086795163,0.00533489571689688,0.0116918880054325,0.045573009321139,0.040728813840861,0.0323440068044422,0.00116755768223156,0.00231279758327799,0.0154087843670006,0.00123879120020165,0.0055086631845919,0.0702890513245456,0.0520507843632194,0.0444870720788203,0.00219283090168564,0.0158226122812291,0.0199275674970814,0.392747172097015,0.0013278947130198,0.0289503965081151,0.0247591774139422,0.105509518051949,0,0.000905064027841546,0.00340050619112704,0.00537969681131643,0.00373845616921582,0.00358200189611026,0.0147395776311168,0.13307278364702
