0,2.30706205130322,5.2706042583668,8.69607629704421,5.23510899730369,2.79188426581058,0.962201834801976,2.42454056325189,0.0107911463352146,0.021196738578902,0.0292362742096126,0.0204804371085889,0.0240724938994287,0.03300396873368,0.0289593141722167,0.00715226968057833,0.254189749786989,0.0883113748420535,0.0839937483818145,0.0825613457140329,0.0459752543970639,0.053189770752123,0.0209375092531295,0.00601724236916295,4.8270580528084,0.239030864949199,1.14191784149905,5.57746194293609,3.88059169006324,0.235090019233505,0.063572393927577,0.00533987091786881,2.2553664214786,0.397622165365919,0.0293829284328056,0.034446581494658,0.212402310889118,0.0798750224997016,0.0262660994405187,0.0118772519796049,1.32183848959387,0.500471216247082,0.160106855865314,0.137848271476684,0.135077955220753,0.0672187238784577,0.00534596037665326,0.00708880549208432,3.97006680537188,0.213640428845221,1.05673068846477,0.261333457262353,0.118228399446756,0.0948562791232322,0.299653560819857,0.306136422417653,0.0382391809411037,0.0626055683282038,0.0348811861239415,0.0857818816446462,0.0191070605957664,0.0223707186784327,0.0531224601568332,0.00975880192513571,0.194493074344568,0.0239504818537276,0.0459616010257266,0.0314791315567603,0.0173496794034159,0.0259175533668858,0.0140116620713485,0.00527107378989031,2.03932134915803,0.0873301633924001,1.28625348107464,3.36529969009305,3.37968900141252,0.130853837888562,0.0391315966218818,0.00144872397317324,0.706611660105958,0.15038549071116,0.0466599544997559,0.0242469575930849,0.0146914015550953,0.0338633479172728,0.0205930438587055,0.00698436383490494,0.0807677216056765,0.0897569999286064,0.0383634839702621,0.0240341964256211,0.0186363708318081,0.0535025002647639,0,0.0054107922196956
2.30706205130322,0,0.873486945460742,2.37770632865131,6.6196521792799,10.3139127097841,3.25381361821772,8.94903822072732,0.10379905989531,1.3788241806383,0.284514467531515,0.505145653710278,0.561964732784919,0.282541028073844,0.565548563651533,0.205345383947392,1.52991959370831,0.603405476858775,1.14293580756075,1.41057739137619,1.09329852201057,0.432242193762731,0.19722075370879,0.0262488852496874,0.0893394012498331,0.984640896110187,0.881517182772205,0.345621724707725,1.42435278823175,1.43549163964659,0.332720931415066,0.041267985302606,4.65955575292256,2.56068326228701,0.940584517733294,0.441115148846848,0.911798233994869,1.08821062068606,0.495330401635608,0.0685793491670234,7.4176143606438,10.1795789059106,4.71032122087465,4.10217034499991,6.84698024874419,3.12337347168881,0.0687260547305373,0.0345665168639058,0.0870347715317433,0.112350910522172,0.167951470530034,0.049420723058924,0.0601580839043681,0.0393326499419192,0.176635300293186,0.178848161379736,0.0290863031603544,0.0851886704842978,0.0351812926477414,0.0831904376451308,0.0452407907458609,0.0234218750300478,0.069138247071272,0.0353442428893145,0.105939445186813,0.0313605595697707,0.0543562778521633,0.0584199909039071,0.0259507080046651,0.0404764533989493,0.0370910521478076,0.0138623413355762,0.0388476033156117,0.228482526098385,0.340220167226259,0.148990995113097,0.372345707251639,0.266842250943003,0.0765363240271631,0.00612658448849889,0.206251085652491,0.388896494333764,0.200089264015078,0.0694972861126097,0.0212872881353913,0.0573996915480096,0.0654242317433634,0.0328989511221712,0.01904490529792,0.078499000355008,0.039433828640101,0.0256561051655729,0.0167252491073567,0.0591258278520405,0.00666685673098052,0.0230338905153419
5.2706042583668,0.873486945460742,0,18.9990113475858,0.587336723476401,0.812798548506578,4.47755057642238,0.103562335830351,0,0.0617471486074612,0.00800123902919112,0.0165712302887839,0.0344275215570635,0.00326799154110416,0.0117746111385312,0.00654005035826598,1.19755724617609,0.715843126835229,0.251874376029864,0.24173805369968,0.119672581396336,0.208857974317768,0.0204728755493351,0.00199892569733059,0.114153929368502,2.62712882239172,0.192015145856364,1.78924308145184,1.75390357536937,0.609622990256259,0.151879267875726,0.0119673258751915,0.336907421897877,0.184799527776892,0.0378983366638262,0.0547765733741884,0.0308408334858392,0.0427781332778468,0.0178857205283129,0.00757675564660762,0.389512846159888,0.476697834292206,0.316623091525266,0.0745732837162799,0.178882873062548,0.141723899646983,0.0122916539790705,0.00623698820684872,0.613289718851181,0.0650013666858094,2.15995398430684,0.207726954981718,0.0349667246441537,0.0248542902389738,0.810636462297836,0.0278084428873228,0.00829460437963613,0.0150889410086994,0.00660338275742151,0.010023685218641,0.00348035417286889,0.00604464600218624,0.00890543762077476,0.00290634826015537,0.237325052896531,0.0226481119210524,0.025488259704695,0.0123977113661302,0.00926127660161464,0.0150992709513363,0.00186400044303901,0.00188669049131454,0.0332930406806076,1.0878089917166,0.106513874892076,0.963531092642329,1.01629357819091,0.243880510184949,0.0385500346011024,0.000550832943876471,0.0532764750932219,0.0646356666929264,0.0319196144396798,0.00776483495216715,0.00650873556514458,0.00979269597800529,0.00420490132540086,0.00324195204396105,0.0267882616689281,0.0504999413998187,0.0351152698075794,0.008706918376517,0.0111365636819508,0.0211351388404681,0.000803405370595058,0.00293709759763323
8.69607629704421,2.37770632865131,18.9990113475858,0,5.5666007105185,6.53641346272989,7.5262028321332,0.377119842869301,0.00180566873403398,0.115133512935226,0.00239355868460517,0.0429360731490976,0.0351740227161048,0.00562179987435366,0.0156888853698019,0.0173893563962844,2.26960497431336,0.90886441427903,0.802403421298679,0.615067078639785,0.238056154801481,0.194337630195162,0.0222459276598897,0.000717391039080362,0.0660521577532673,1.36931935393523,0.239779892661044,1.00747352579814,1.24643329141827,0.486611793808368,0.103614061630033,0.00211411865003036,0.68174280727667,0.178855091710242,0.0294361100136856,0.0535815721402549,0.0445436910908263,0.0342713990259982,0.0385685059384113,0.00360240596722329,1.90254505993828,1.73693167763202,0.789618674212217,0.189539252050919,0.467809054480969,0.239399834878832,0.013017435760647,0.00451255787037669,0.0494982127140644,0.0209501015402318,0.345676363926002,0.0372509191170049,0.00959901454416911,0.00426484511293908,0.263163977988843,0.0221869824546577,0.00319986892363278,0.00809190333699078,0.001851669391105,0.00613651651552672,0.00283933777117976,0.00203188262954996,0.0113538557531642,0.00393249862235906,0.0692186561906281,0.0074372648544678,0.0152266971373848,0.00626238234731383,0.00866907424543307,0.00424515647202542,0.000648453365645896,0.00122862500363524,0.0212095395820699,0.289646516598248,0.0912299276348129,0.177787237570002,0.404329404386501,0.122667907787886,0.0303597902536792,0,0.0303661247646058,0.0510187888935745,0.0190952803296569,0.00658629396612407,0.00277373429656893,0.00494769576543385,0.00420600975202788,0.00274865209812653,0.00414905731033975,0.0224804264049876,0.0201281031225454,0.00431645116746186,0.00381079713752022,0.00637601708150873,0.000691554707672626,0.00224379869408223
5.23510899730369,6.6196521792799,0.587336723476401,5.5666007105185,0,12.916790926959,0.926066185455365,3.9080328268283,0.0448189263925939,0.204067370695802,0.0352566842573107,0.0473298523099248,0.0440884289412206,0.0570820931384462,0.0497334179229109,0.0134485661508051,0.258261809632696,0.122086762950083,0.276836410211479,0.151122525154882,0.110120777119052,0.0378651761829515,0.0165734836433158,0,0.130309060790955,0.256323052614679,0.4297626687006,0.351913217544931,0.424487841811849,0.107939623993435,0.0278035717583246,0,2.67194290756453,0.305782630895672,0.0208594637605678,0.0295442852739662,0.394414438037238,0.0829546066735209,0.0338688940903569,0.00690925640431763,6.17533397898367,2.18148412106938,0.768458341124287,0.813534760839195,0.926057043837519,0.367277848621635,0.0101938927775213,0.0020160094620092,0.0218103935166617,0.0275431213459818,0.0668867533963001,0.0196598558363528,0.00530891486652876,0.0201499276617199,0.0343948243747335,0.0503852117068498,0.0149107267950623,0.014409410206417,0.012848333293397,0.00693683019690798,0.00258667848216402,0.00152424527061476,0.00370566142382664,0.0128991452802891,0.0185447801894991,0.00648674854724203,0.00564319068109925,0.00389515152424001,0.00367102216294364,0.00382988778914597,0.00283481565213145,0,0.0239468837863449,0.098851813063022,0.170113277898999,0.112687238646515,0.229152877851115,0.0383018034028679,0.00291657825000316,0,0.0648597783892306,0.0619584562117344,0.0104966702467749,0.00266902395049941,0.00184966189107627,0,0.00135584877645195,0,0.0114901276037391,0.00956572692656532,0.00980741892681547,0.0100364191979557,0.00444739444372352,0.00663913595032577,0,0
2.79188426581058,10.3139127097841,0.812798548506578,6.53641346272989,12.916790926959,0,2.79013407126448,5.15847837063317,0.0420403905861605,0.353327452042339,0.0650671140773649,0.1047099645036,0.113560356614843,0.0551116852847041,0.0551413963510309,0.0587508310370473,0.685309713143388,0.245246978336349,0.611809078069028,0.424428749034273,0.243235075339441,0.0564780981315991,0.0436588784596603,0.00106090130428754,0.0605419733669013,0.3996325720405,0.322890057825226,0.2421649481232,0.513709962537428,0.240090707956459,0.0688026908119503,0.0147927531879553,2.3995218514387,0.337608597368387,0.0565542297686792,0.0848042091275874,0.245930003443469,0.108566712013073,0.0827354525357124,0.0106717579308513,7.89980600084057,7.31557865523596,2.20308972630916,2.04950918407455,3.05242045783262,0.889898434243134,0.00310790263532371,0.000987322634668095,0.0175660022636072,0.00799958788367064,0.0629065305275429,0.00790650229726183,0.010465308109225,0.00585454213613215,0.0472018807679037,0.0233044163421023,0.0093892644160268,0.0107712970798715,0.0056067731577801,0.0201233483034748,0.0040872646958432,0.00189908554648101,0.00415820507755803,0.0104566180252813,0.0207719437995312,0.0019230010704957,0.00549398920192912,0.0041875330055276,0,0.00263876546906799,0.00158557506234064,0.0108833602787078,0.0128067760368961,0.0984100670413299,0.127379681480439,0.0574757445190387,0.123391981638577,0.0577184134419421,0.0107798288555426,0.00141327930474186,0.0343454658559194,0.0796605412177097,0.0283896156483876,0.0185953532024945,0.00446471981324265,0.0019845792834851,0.00189494332628945,0,0,0.0148703083151413,0.00662126460794204,0,0.0122228084024505,0.00135000875832983,0,0
0.962201834801976,3.25381361821772,4.47755057642238,7.5262028321332,0.926066185455365,2.79013407126448,0,0.167440954654332,0.00072648269630636,0.318017360151294,0.004022588216327,0.0819390143261661,0.149760813431271,0.0135763828454354,0.0231625151869047,0.0234511717139539,17.5270132229568,8.20519426791971,3.48575161574103,2.82059948261674,1.02657932722386,1.29800697244379,0.0886140598988821,0.0206183531055963,0.00786775031781014,3.22199024433483,0.110285149662727,0.513560174744906,1.16369749647318,1.28349189649421,0.484022737053957,0.0226997232652798,0.292896222335729,0.209024617887534,0.092059616767029,0.16324919426234,0.0306967652811435,0.091355153881305,0.0783568555313437,0.0235757472373023,1.13960007683656,3.18970816715597,2.22365347647556,0.343333340176787,1.08563648602942,0.761076062566994,0.0470660486136203,0.0294296918345829,0.0244522556347789,0.0686723908084388,0.855192947325369,0.109726092269708,0.00852010929213448,0.00804341870993811,1.85608351125043,0.0246637330409053,0.00814139915745514,0.0229810900509404,0.00775981789614315,0.010864806028412,0.0056561431920412,0.00350325369895019,0.0169865271803309,0.00963099172794897,0.513414921222259,0.0308116119932499,0.0577627729067765,0.0259451769999961,0.0107728750411266,0.0262552854692552,0.0023362095092942,0.00946129883632214,0.00464642348841228,1.179933273749,0.0382618809354165,0.170476471824311,0.585606755341712,0.460457601906508,0.0856156893072894,0.00659536837415653,0.0209991136886128,0.0625105224376881,0.0457811124006341,0.0190478522735197,0.0054886880069354,0.0211039243504517,0.0136360222817371,0.00606310682504524,0.00258770737892459,0.0406218723996396,0.0504813010128501,0.0097731830941247,0.00899602905686944,0.0310904139456878,0.000860518766028353,0.00363101468790449
2.42454056325189,8.94903822072732,0.103562335830351,0.377119842869301,3.9080328268283,5.15847837063317,0.167440954654332,0,0.242842050428273,0.157472403559921,0.595578338314798,0.907992920989687,0.0986089181409689,0.653406655031371,1.05721519466972,0.100505062433285,0.0556025603516925,0.0444394385477441,0.0355911166705896,0.069739771761295,0.0507896522992599,0.0338699685385773,0.057666938279535,0.00902140611613769,0.0888240619162194,0.0474710694664361,0.652056421119895,0.0887031203451357,0.246707122413723,0.207251047127866,0.0454048360696876,0.0106181029457625,6.17743779810373,1.73123406537332,0.225098729624455,0.126056604035618,2.27733827398998,0.898477754002078,0.210331764809843,0.0422537628520987,2.96138018077413,0.718672472826148,0.157907885961556,1.6550649104762,0.296663122705749,0.172936772662955,0.00513802229858852,0.0181053400208292,0.120399278930154,0.104794782874839,0.0385795908637453,0.0445153971299456,0.0222816263019497,0.0324039062688782,0.0622977892958691,0.47290370736926,0.0453538898732353,0.0722742323433528,0.0551030112506492,0.118427648922552,0.0312616657050184,0.0555412959542208,0.137125878170514,0.0531455627576833,0.0627530312892079,0.0198894730429479,0.0286432908902775,0.0225407045759318,0.0165947555372874,0.0236518440005318,0.0328406469163654,0.0214135113654584,0.0316213101295529,0.0257829023990433,0.317912982552708,0.0809738158881247,0.148005368927979,0.0845473050521223,0.0305871500014901,0.00758719685566528,0.334540525677618,0.318281220711583,0.107152953074847,0.0537326803103274,0.0274863749241852,0.0875600204046582,0.0479543575219127,0.0263921606661681,0.0222484588114577,0.0603116787965699,0.0213677102227694,0.0502683945013687,0.0219469989571049,0.0403432881118613,0,0.0183898675576457
0.0107911463352146,0.10379905989531,0,0.00180566873403398,0.0448189263925939,0.0420403905861605,0.00072648269630636,0.242842050428273,0,0.0293390260592242,1.07952559794783,0.490811724988163,0.0136370415103368,0.0971212789934128,0.39032583224747,0.0264116637764253,0.0014348583010888,0,0,0.0153583456312641,0.00118449888034121,0.00111384914048098,0.00375746635463885,0,0,0.00218491170743107,0.0194195642048521,0.00141992334302481,0.00377929523235498,0.0190139033652842,0,0.0157671450613722,0.0421921318226814,0.0268055384583068,0.0425914206489667,0.0168661065710877,0.0163320175158144,0.0501756661951135,0.0441936562038191,0,0.00840420516689161,0.0390535309471372,0.0139773545670909,0.0663289498384634,0.0364493047285956,0.0246807967330966,0,0,0.00302318104865129,0,0.00298871903390269,0.000560834891931636,0.00823731931121091,0,0,0.0161682924266596,0,0,0,0.00780470422683646,0.00412157099180366,0.008949706226897,0,0.00512967955203847,0.000770705336028854,0,0.00118265673958755,0.00167865478231805,0,0.0016188838216327,0.00373593711965536,0,0,0,0.00536044096620086,0,0.00220947955793804,0.00364011647759793,0.00257170921178723,0,0.0182791165228839,0.0156206024992007,0,0.00602077094486238,0,0.00166451237817444,0,0,0,0.00308123350720929,0,0,0.00828509940731637,0,0.0156777053101226,0.00160108266291525
0.021196738578902,1.3788241806383,0.0617471486074612,0.115133512935226,0.204067370695802,0.353327452042339,0.318017360151294,0.157472403559921,0.0293390260592242,0,0.115915054107462,7.08861269105529,8.5445515193819,0.065578681750536,2.0257580440771,4.31038198551752,0.358363736801761,0.276253704819226,0.84195524382765,7.26824688494084,4.03318981145893,0.610184797525873,0.924758924214132,0.0445742874466869,0,0.104292203982863,0.0326754440822164,0.0151022715384354,0.111070785427385,0.316994873500022,0.160661225992974,0.0292550998696294,0.0620735813644742,0.435515667291518,0.952375256209858,0.531499231564353,0.0666161477495562,1.25086301295935,3.41741081768237,0.250383423973147,0.250831939555919,1.75053487334113,5.95421792045931,1.75969103527091,2.73753091529556,10.8500384017645,0.0641769062455969,0.012260802029929,0.00343658546792322,0.0217741199653604,0.0112930895252662,0.00283254804562565,0,0,0.0104079277496664,0.0124688385984695,0.00951432437948152,0.0237298951392638,0.0134377946479531,0.0209510504225799,0.0134118255545025,0.0027284679808614,0.0303697830995353,0.0197376829425941,0.0157739463585439,0.00244538364661251,0.0106870254186466,0.00523437406811934,0.00986288006310053,0.00870818217309901,0.00968559795127524,0.0066124304251735,0.00637183209668962,0.00528674052612687,0.0130455017975873,0.00250847534139301,0.0388709340327007,0.0764380985391035,0.0305059799391524,0.00350003937473084,0.00352687113437172,0.0173793480297569,0.0511626669586596,0.0540813855717066,0.0164679888704541,0.0115680745026232,0.0371706261958517,0.013557563809348,0.0018111784008083,0.00563337179603113,0.00706217338223368,0.00764921396833088,0,0.0115336721547639,0.00234117801342631,0.0235427326108721
0.0292362742096126,0.284514467531515,0.00800123902919112,0.00239355868460517,0.0352566842573107,0.0650671140773649,0.004022588216327,0.595578338314798,1.07952559794783,0.115915054107462,0,1.18858291911275,0.0603880882189775,0.275103531757934,1.68623503371738,0.0970734152035119,0.0013603968660382,0.0047911567001758,0,0.0545660446023361,0.0105880523148757,0.015016395044076,0.0260833603950801,0.0108198077874688,0.0102309744819495,0.00824223119682883,0.100231285167945,0.00976355259872091,0.0215029125149674,0.0673036433081177,0.0339478394584995,0.00861113794919247,0.216803281868794,0.132897329729279,0.231526774268184,0.118181199441888,0.122321771955238,0.287852106767163,0.215196086397958,0.031286613350658,0.0248037125572207,0.0272133000932179,0.0123821020338959,0.235572365590197,0.0881145939760519,0.0540316029788203,0.0188005051470421,0.0104685072137052,0.010727068863095,0.0125904165042011,0.00827458598674955,0.00988041763808366,0.016487320764883,0.0250616962224083,0.00579097099573909,0.0722704830882193,0.0108141216335613,0.0256214576621736,0.0417932292699524,0.0442279035226441,0.0226224153542236,0.00912449484026963,0.0671615433657369,0.0369102348409946,0.00707255413804231,0.00387676105053306,0.00762198612023757,0.0172409689336759,0.00321846420732816,0.00846279901123236,0.0179879391338628,0.0151384680193524,0.0200285994698401,0,0.0955324366937051,0.00956243638091862,0.00402026943817912,0.0318022689746182,0.0240489521084971,0.00974113317980754,0.0545773077307322,0.0770981223526228,0.0562894844755555,0.0588949595711798,0,0.019389782449728,0.0473411253858157,0.0125939882631165,0.00244217174636507,0.0229994025590071,0.0174691199857886,0.0305960163988279,0.00547287828508403,0.0122779012947801,0,0.0143319643326521
0.0204804371085889,0.505145653710278,0.0165712302887839,0.0429360731490976,0.0473298523099248,0.1047099645036,0.0819390143261661,0.907992920989687,0.490811724988163,7.08861269105529,1.18858291911275,0,5.26821980627814,0.102908686424834,2.94337768932955,3.70027197762555,0.0615607114011911,0.0548762902421729,0.120592006626576,2.58692737912273,1.33273878701622,0.233447495621896,0.719055780732235,0.0101191235700128,0.00436773855479577,0.016080218325678,0.0196592176548185,0.00486964726054966,0.0305141969067941,0.243851938992141,0.103102448600829,0.0346810767912129,0.0962078259434677,0.355457676590234,0.628249728421285,0.51817172127345,0.0982853737271958,1.27605281464875,2.97683841859434,0.163201361766213,0.0582140441831448,0.28062198079792,1.31409517645228,1.31040258427396,0.866573809992009,5.35233454685037,0.0362095422506425,0.021333865500917,0.00965703839731507,0.0160043432625388,0.00401206775987407,0.00383472410587071,0.00571623172129949,0,0.00991516194850618,0.0261616597810306,0.00153115739895773,0.0211639356579165,0.0255164567273431,0.0339797922053411,0.0277778001864326,0.0140670578770938,0.0366373716403662,0.0322709209228196,0.00879538841461876,0.00898437664562277,0.0119486883583738,0.0251711616841321,0.0231756722176276,0.0341536267432493,0.0380182806157444,0.0169093122323567,0,0.00178062080464253,0.0144602600961973,0.00374447839381864,0.01247966656357,0.083752652767811,0.0226752499705735,0.00684885837431679,0.0207883924477872,0.062808539312512,0.073192291694696,0.0792968434781388,0.0119805466982217,0.0377663980098944,0.059024748519999,0.0269893875890362,0.00206773573429772,0.0132928032570027,0.010202283425294,0.0200915715774812,0,0.020819286046192,0.00238751635503931,0.0339012952771061
0.0240724938994287,0.561964732784919,0.0344275215570635,0.0351740227161048,0.0440884289412206,0.113560356614843,0.149760813431271,0.0986089181409689,0.0136370415103368,8.5445515193819,0.0603880882189775,5.26821980627814,0,0.0321498022364631,2.19424232110085,6.92795849079646,0.185957332833329,0.191397789847773,0.345455109230663,4.34437107113563,2.6895708523482,0.605949535904434,2.03756732386431,0.0442175416005066,0.00366266267354508,0.0700033052271282,0.022635173087807,0.00713093942089984,0.095195030291866,0.321443495319465,0.169286839284295,0.0354344115459948,0.0288349206384929,0.230138199336035,0.72927571527527,0.5434988355224,0.034320921697275,0.997979184103026,3.85616407190959,0.444952219648456,0.0818335282633691,0.458928022359771,1.75012229324218,0.527074695582741,1.00504844056307,5.20745598003065,0.0665355650325951,0.0408639923762358,0.00134077694162872,0.0113212366691775,0.0107798321706941,0.0045826648230334,0.00207964845035657,0,0.0188076168427754,0.0170749623762115,0.00122394549626761,0.00567241959411655,0.00635068451235456,0.0168971554748362,0.00900427981279983,0.0032391959211482,0.0155577638608955,0.0118213134797878,0.0203606783522674,0.0107463673735803,0.00832767043503495,0.0193999992319014,0.0135233866578028,0.0218380245881242,0.0180261101084597,0.0203105272868951,0,0.00886528894634853,0.00750122082970969,0.00820298681324397,0.0277884824895267,0.080372650860051,0.0324109645674999,0.00249145487116467,0.0108812094590338,0.053004017876846,0.0430121176733035,0.0472903678683604,0.00848994719700633,0.0279347023262893,0.0346325638924087,0.00951053755979476,0.00174555760872513,0.0117080406177,0.00409450089436207,0.00952436939381684,0.00312983236397917,0.0071885950241688,0.00341207026912524,0.0266361538970033
0.03300396873368,0.282541028073844,0.00326799154110416,0.00562179987435366,0.0570820931384462,0.0551116852847041,0.0135763828454354,0.653406655031371,0.0971212789934128,0.065578681750536,0.275103531757934,0.102908686424834,0.0321498022364631,0,0.291760181802511,0.0473890448158641,0.00505609405708663,0.0071743027395527,0.0038284033050052,0.0231432757927263,0.0217848438172941,0.0103111585192217,0.00502520431070463,0.00773553213781213,0.0426384640950346,0.00407586837232632,0.178812567066371,0.0253723488350265,0.0345455020082263,0.0881144157690331,0.0162607095963031,0.00501580609926823,0.262352924326387,0.315076095366821,0.198449361988744,0.052412384482355,0.350706242091101,0.223890375732042,0.0791545654040886,0.0167088870528558,0.053625842752623,0.0656502216629477,0.0285008870393272,0.283107681335154,0.0511955607412136,0.0214955302914217,0.00615807224452392,0.00483424932531002,0.0150080260196246,0.0276787528591776,0.00982172541771353,0.0143755144851781,0.00960219465375511,0.0161248955634765,0.0119438742652071,0.102370152069783,0,0.0310139101072351,0.0261959140752533,0.0547252677462912,0.00854776230481413,0.036354011000831,0.0302844475762723,0.032719823021402,0.0119542635969846,0.000841247629056671,0.0105479337853046,0.0145696201678358,0.00693587926151244,0.00701451479015934,0.0148322121226087,0.0168136710400351,0.0163234782242498,0.0137500197068006,0.125622646719973,0.0145051229748115,0.0218812212687595,0.0293046112058794,0.0101133161375198,0.00807525270282561,0.0609144196447269,0.0555824287525347,0.0496620441967928,0.0288261299939409,0,0.0344464520872938,0.038044497092289,0.00254413039087964,0.0153253733849088,0.00726566507893192,0.00820223792911801,0.0144040812829252,0.0053120878236666,0.0430669229445867,0,0.008163656997806
0.0289593141722167,0.565548563651533,0.0117746111385312,0.0156888853698019,0.0497334179229109,0.0551413963510309,0.0231625151869047,1.05721519466972,0.39032583224747,2.0257580440771,1.68623503371738,2.94337768932955,2.19424232110085,0.291760181802511,0,5.31948315461624,0.0234837498930067,0.0313308662156333,0.0555090883043359,0.636648275160076,0.391102296449878,0.119061091029684,0.548925525273172,0.0408618468252164,0.0138041385938771,0.0185040082709196,0.167694792297489,0.00945833884179592,0.0731301947882702,0.247820455290286,0.0899127134469712,0.0404498724058178,0.27200505886844,0.515716510510667,0.649096245980695,0.457749639463058,0.235771876889747,1.38235244124188,2.33962863774365,0.171186068518283,0.0450163862299183,0.0854402553487628,0.348919319759497,0.808922403892965,0.365136630592837,0.876984158572583,0.0254716010775557,0.0501009173005365,0.0237037206324614,0.045490058553573,0.0107070876569042,0.0185563532025309,0.0227806464201864,0.00751595556148946,0.0249792773425274,0.0698353252356688,0.0209421291744774,0.0737279588167115,0.0353406093881803,0.0805782046889287,0.073328309712864,0.0503609092177841,0.112003770245638,0.146793828538694,0.0243075911421785,0.0162051318832316,0.0374772823546492,0.0462736405367342,0.0240478741823849,0.0310229035831165,0.0868345761960673,0.0363660964858532,0.006464620276288,0.0142960957673377,0.0884308529105742,0.019411625562604,0.0465842336903057,0.102854254954664,0.0615120906124568,0.0217339918209632,0.0722970797456668,0.138812471055758,0.175142221721943,0.141294067954804,0.0200630990050799,0.106252311466659,0.191999594449979,0.0681802518701458,0.00814869561062097,0.0224833352795953,0.0167504834624508,0.0117009993178658,0.0130348001665963,0.0475307277967144,0.016555171279025,0.0581760394539168
0.00715226968057833,0.205345383947392,0.00654005035826598,0.0173893563962844,0.0134485661508051,0.0587508310370473,0.0234511717139539,0.100505062433285,0.0264116637764253,4.31038198551752,0.0970734152035119,3.70027197762555,6.92795849079646,0.0473890448158641,5.31948315461624,0,0.0433792038630773,0.0343611779866078,0.0676257783192153,1.35972898849348,0.892047412230394,0.12488908739577,3.59615389032244,0.017346098567721,0.00227800595843433,0.0072063197427569,0.0155100543357855,0,0.00942581181375476,0.100639185736166,0.0301123534203395,0.0109369878199674,0.0329469100348826,0.238281173098954,0.574113252189033,0.271166172165293,0.0677511939110496,3.37673987629954,8.70558180769402,1.13669683772596,0.0327033408644528,0.208098893860745,0.599546947566331,0.469919881938553,0.524270813761056,1.88196138884186,0.0214338713843267,0.0250955847616764,0.000940038607477538,0.00249689271508058,0.00188735269491671,0.00234818087470128,0.00261496716528969,0,0.00173328146436324,0.00844113419236993,0.00173245746196785,0.0077218878580276,0,0.0113738134392149,0.0107257113881858,0.0124302403506556,0.0147283524068181,0.0338173080053622,0.00272794450097238,0.0129213598662493,0.0049588579277801,0.0195041295308276,0.00134342056192147,0.00585403048566131,0.014465976412801,0.00266914088518733,0,0.000783222356709024,0.02110469460792,0.004650660033878,0.0197907555313631,0.0481385406053996,0.0227165788862546,0.00962526070669248,0.00429334185294916,0.0194959627657729,0.039279714580654,0.0359111723412011,0.00360477518430508,0.0277050187922094,0.051174118877334,0.0197424922595305,0,0.000756786148458199,0.000971268659787805,0.00363870506445066,0.00684034777465392,0.00217089487083677,0,0.00468022357838362
0.254189749786989,1.52991959370831,1.19755724617609,2.26960497431336,0.258261809632696,0.685309713143388,17.5270132229568,0.0556025603516925,0.0014348583010888,0.358363736801761,0.0013603968660382,0.0615607114011911,0.185957332833329,0.00505609405708663,0.0234837498930067,0.0433792038630773,0,11.6491128299015,4.8937237974785,3.81051976553392,1.62449367787277,1.7407560973879,0.134116532907645,0.0284597591175917,0.00338092626279199,1.1656795318396,0.0478339947859386,0.201407158375411,0.650910912399414,1.05160236825591,0.608061769234046,0.0374182732720149,0.115965310818579,0.133284349491062,0.116975888899748,0.204424105835486,0.0263043737937453,0.0636368499995693,0.0766648307302345,0.048543709589127,0.345810654952552,1.81453139900238,2.63386902353178,0.183092892768474,0.806708938459706,0.794989787482849,0.0812753683561462,0.0255222574976028,0.0100855833811259,0.0276864942478164,0.29224367553361,0.043953298461458,0.00339196559972396,0.00547369637918536,0.772355147740075,0.0152399295758891,0.00306234368022149,0.00984278628337215,0.00110628567254954,0.00990346550319744,0.00443068631042286,0.00413289420301427,0.00478460783165828,0.00474432777788988,0.320934312534547,0.041402462082829,0.0260900730142993,0.014091335013361,0.0126475117360198,0.03110398215146,0.00805509119929163,0.00570889867152093,0.00231274460580452,0.44447821587199,0.0247317052542109,0.067280487912233,0.260781653752724,0.296565684245396,0.126076377873669,0.00680836572833994,0.0126064117170027,0.0318803589861719,0.0256273396300292,0.0294105584490351,0.00120105957900674,0.00726584546726158,0.0103975088660688,0.00213269758412036,0.00326823132237919,0.0125266592987062,0.0155428889170011,0.00685974157077841,0.000971123621149816,0.0112993099699163,0.00283179165765854,0.00812701281080254
0.0883113748420535,0.603405476858775,0.715843126835229,0.90886441427903,0.122086762950083,0.245246978336349,8.20519426791971,0.0444394385477441,0,0.276253704819226,0.0047911567001758,0.0548762902421729,0.191397789847773,0.0071743027395527,0.0313308662156333,0.0343611779866078,11.6491128299015,0,3.08246713133331,3.64686453274552,3.02543599986257,5.76477616376507,0.302597510017621,0.0912927738499452,0.00175195741174328,0.782520211137924,0.0320255727002584,0.144771706232019,0.477706843188332,1.14975204931525,1.74000491012462,0.272745566526196,0.0727537754318201,0.152618167810858,0.144699323215204,0.282516714705682,0.0212324326943237,0.0762077776868576,0.101115262989286,0.122821570992313,0.158168588703121,0.812786945216229,2.08965787991576,0.0874066043829017,0.39248041478759,0.789777349579356,0.184819722813579,0.106138524946917,0.00757800428584562,0.0191161960869134,0.160840906028169,0.0139118559348435,0.00156688522320922,0.00277763334865217,0.24695339225254,0.00795805911205235,0.00282806838685739,0.0170018580460295,0.0021775807663146,0.0129160923418455,0.0116133673629963,0.00092783853807079,0.0110447051966841,0.00731312749035206,0.179020893281334,0.0629833026218303,0.0235730750426927,0.0281680510401108,0.0321057310179033,0.0594921267240799,0.0121689297701744,0.022725511638534,0,0.259567978185911,0.00812461257267613,0.0553480575572503,0.186452924566163,0.233423571441069,0.257324430638382,0.0291955812493971,0.00821074236813241,0.0199349781161027,0.0527053275623493,0.0686778721178875,0.00592999720282289,0.00920165291544109,0.0219600599802972,0.0103746932781246,0.00091130315189536,0.00905901543808499,0.0222995056220913,0.00437930817090741,0.00581315357197332,0.00963381981550969,0.0126031271818573,0.0224774735356981
0.0839937483818145,1.14293580756075,0.251874376029864,0.802403421298679,0.276836410211479,0.611809078069028,3.48575161574103,0.0355911166705896,0,0.84195524382765,0,0.120592006626576,0.345455109230663,0.0038284033050052,0.0555090883043359,0.0676257783192153,4.8937237974785,3.08246713133331,0,3.04732813040384,1.87055316341702,0.733155922357681,0.160111304927068,0.0233822587917434,0,0.300828278311066,0.0204835947175871,0.0486451264881874,0.221258965363507,0.344933361374538,0.158666009040768,0.0376363197942894,0.0763982979518597,0.0934243282156611,0.101397249917156,0.114710819585334,0.0348170710880519,0.0306430514421113,0.11768001564307,0.0206157806686724,0.337211136805342,1.97352268067912,4.32492371076106,0.245285290731538,1.4567547932697,1.50736940514418,0.0740551582371113,0.0164888741239577,0.00238355488610384,0.0131658638345542,0.0332352889045654,0.00542983733421468,0,0,0.0395341077397491,0.00692193614517571,0.00167805336249294,0.00324097884854671,0.00164455418882412,0.00335490060619677,0,0,0.000957067587855492,0.00706675170295434,0.0189560931399779,0.00171975587954132,0.00408105543561228,0.0068687710492072,0.00227120989035079,0.004838978101987,0.00292833080731896,0.00576046183965866,0,0.0846134178140006,0.0146136343156236,0.0163171630822409,0.0688886893326984,0.0636218551743576,0.022140636295433,0.00169041619211177,0.00890744894380199,0.00669248430373534,0.00617709091132021,0.0132309894847053,0,0.0105743861432042,0.00232154395014326,0.0026054169061257,0,0.0176500492192422,0.00386684402364637,0.00132015091844817,0,0.00202660539390678,0,0.00347383112563661
0.0825613457140329,1.41057739137619,0.24173805369968,0.615067078639785,0.151122525154882,0.424428749034273,2.82059948261674,0.069739771761295,0.0153583456312641,7.26824688494084,0.0545660446023361,2.58692737912273,4.34437107113563,0.0231432757927263,0.636648275160076,1.35972898849348,3.81051976553392,3.64686453274552,3.04732813040384,0,15.1179435673796,4.50055374961148,0.972930514883202,0.117199945902335,0.000832458357940505,0.233011136105541,0.0375556279406907,0.0514462892975215,0.186436384384767,0.665428134210519,0.638488800558242,0.135099576707385,0.0450637508347529,0.195247942702782,0.595771200819228,0.594788224605394,0.0435177633010571,0.390639925719843,1.20981080556724,0.223913214299266,0.202564720003583,1.61061315262783,7.96338732646436,0.618426751071887,1.79127493185187,6.65665557615685,0.156313368490909,0.112502798838264,0.00542714870998021,0.0158589305516832,0.0332976993039264,0.00850454650151948,0,0,0.0534479744073203,0.0167394686553304,0.0051109883566652,0.00909922885706566,0.00470490566090396,0.0152687178925115,0.00727918597888323,0.0042995905411448,0.0147538912643124,0.0116657246346148,0.0430800788793606,0.0257629006329249,0.0112806223209685,0.0102304375975839,0.0219600443961081,0.0171707141700337,0.0125429860718079,0.0181936008597546,0,0.0444442810118159,0.0157991792243253,0.0181732753196905,0.0684120911477112,0.100692414844086,0.0980211716608448,0.00659095304144014,0.0136584635928207,0.0155353111034721,0.0300200367521229,0.0869162219814054,0.00345805531341005,0.0172315141702555,0.0227427197526717,0.010044072413859,0,0.00623951646937775,0.00722272807469323,0.00554228787436528,0.0037502936882168,0.00489664021911849,0.0116320613910414,0.0200340469177884
0.0459752543970639,1.09329852201057,0.119672581396336,0.238056154801481,0.110120777119052,0.243235075339441,1.02657932722386,0.0507896522992599,0.00118449888034121,4.03318981145893,0.0105880523148757,1.33273878701622,2.6895708523482,0.0217848438172941,0.391102296449878,0.892047412230394,1.62449367787277,3.02543599986257,1.87055316341702,15.1179435673796,0,9.72086386745723,1.51237460297178,0.29966837225461,0.00282050042499178,0.164678633666847,0.0197137685229492,0.033386483804197,0.198868423683471,0.854511409891923,1.23288512000551,0.319812214311629,0.0582338579192263,0.170889094922896,0.370821864745816,0.769760180901712,0.0284666052627131,0.347648307847383,0.974259712769668,0.398654681301856,0.150640407710562,1.01791061546466,7.08201684435215,0.406775555776309,1.34914795467905,5.56376073051191,0.270661054158375,0.216092502342899,0.0049731254271082,0.010779786423934,0.0437694123676705,0.00466255009747697,0.00109487303446218,0,0.0651059461250744,0.0127182854218131,0,0.0131983143815098,0.00282270585138265,0.0111743234287356,0.0220900738775889,0.00583159027904946,0.00840199488988391,0.018536708854438,0.0448679681683413,0.0422532921618978,0.0142064234311806,0.0323948637251464,0.0189982936330554,0.0345165112432219,0.0218131936187981,0.0521538494790944,0.000945974708648212,0.0523372140882718,0.0185948049877503,0.0187369507415461,0.0642113708262781,0.160884436871429,0.204765560703616,0.0298909690385802,0.00836867394505873,0.037871233838731,0.0491188747128544,0.121296468916303,0.0163329757838263,0.0160012866981057,0.0302572473260783,0.0335242276772062,0,0.0198965683919528,0.0153664032821225,0,0.00760499775600102,0.013984844620567,0.0280471514241039,0.0171164164677199
0.053189770752123,0.432242193762731,0.208857974317768,0.194337630195162,0.0378651761829515,0.0564780981315991,1.29800697244379,0.0338699685385773,0.00111384914048098,0.610184797525873,0.015016395044076,0.233447495621896,0.605949535904434,0.0103111585192217,0.119061091029684,0.12488908739577,1.7407560973879,5.76477616376507,0.733155922357681,4.50055374961148,9.72086386745723,0,4.47633795960161,1.98486527045635,0.00341253054542492,0.177230528503563,0.0266774819617645,0.0552789200090362,0.220032724316329,1.91905688771132,8.51858291145482,2.9233002253558,0.0349931951006051,0.172397952849339,0.251447791151104,2.11849931736772,0.0239089553101223,0.148729251616646,0.419964966155794,1.66659232853865,0.0416614502434138,0.33551984055265,1.56844246220737,0.0866523046717146,0.277117188847657,0.964997505587679,1.24108061762101,2.43606892383116,0.017446982563165,0.0364781023930475,0.101780216201641,0.0294279127790444,0.00857532451795028,0.00522703576723301,0.207210244070657,0.023224247799184,0.00575667351936014,0.042034796695379,0.00753649815259273,0.0465599838215665,0.0651477236686901,0.00832225250603547,0.0326844681962988,0.0603260188535989,0.356661983341425,0.200930155091159,0.0723629946910525,0.15731832147697,0.122695791434915,0.655193828825894,0.0912896282496974,0.434719328314055,0,0.0764591517712699,0.0127725651715263,0.0485413876273031,0.131947442661158,0.563974381618012,2.31374053097949,0.340786177953102,0.0192201997325217,0.0414691356871255,0.080013208641507,0.864134458077152,0.00546761597690254,0.0366858039797543,0.0843740217658099,0.105137289410039,0.00673709599210422,0.0306159549772313,0.0402017430408832,0.0103952392306307,0.0110041306220295,0.0496445364342717,0.194987195224097,0.290298407483635
0.0209375092531295,0.19722075370879,0.0204728755493351,0.0222459276598897,0.0165734836433158,0.0436588784596603,0.0886140598988821,0.057666938279535,0.00375746635463885,0.924758924214132,0.0260833603950801,0.719055780732235,2.03756732386431,0.00502520431070463,0.548925525273172,3.59615389032244,0.134116532907645,0.302597510017621,0.160111304927068,0.972930514883202,1.51237460297178,4.47633795960161,0,1.5051942299074,0.0034486258980516,0.0248323230890213,0.0100879155172943,0.00797577923472466,0.0304609176739553,0.317223744228846,0.957843491996393,0.803714055450407,0.0219832082854546,0.119156257293644,0.226988987677451,2.03198268773839,0.0490274645607094,0.490331279180792,3.32249030907443,5.46702327271694,0.0136950607211506,0.0939495549539983,0.394813962859681,0.131124916830302,0.199278622506295,0.612461666524565,0.628804890044265,3.61844237133529,0.00480751296386349,0.0139100180350571,0.0103768519564156,0.00490752069761854,0.00231823292753821,0.00176065755925413,0.0216261562974627,0.0238746546563906,0.00143182022422153,0.0244031143645876,0.00142916463603146,0.0251822577074046,0.0418231867393073,0.0180088401432514,0.0389990217684316,0.0513191775296704,0.0357129036271537,0.0250795544626359,0.0211357198177462,0.0456205853804432,0.0352161596210029,0.0703867480703664,0.0731157097244696,0.355204957743958,0.00141356893875421,0.0123623927123498,0.00612174362559123,0.00605457460594228,0.0235299026923828,0.129630576018394,0.236912363098796,0.0404737652886834,0.0136936502450196,0.0621193244448662,0.0710395732592773,0.959204059278426,0.0249861345792711,0.0317489347604723,0.076425800253293,0.212400158234492,0.00139341326666272,0.0137550555928533,0.0123424025333716,0.00798176474740253,0.00638942734788409,0.0209309342698159,0.16228803740557,0.23335814542775
