0,1.53749712249525,5.41375659071287,2.72565783114848,3.1474682504379,1.07984447850513,0.518310407361455,2.03813237567182,0.124465181054389,0.0853015416736088,0.148379032653585,0.228096617214787,0.0201101580342638,0.0780103242921583,0.133743249021524,0.00866006444631038,0.180088128860618,0.0622186463038962,0.0277283792696871,0.0506336556001465,0.0318872435865819,0.0706671239657566,0.0104842577187031,0.00986732614879359,1.46786022553056,0.860619232265869,0.390625097587539,5.91028811363508,3.08148600072518,0.129276296777817,0.0741031732788285,0.00411175925953927,3.28014373569797,0.200971666142778,0.0575373185709619,0.0266201315106707,0.0407889202768477,0.201097591926753,0.0263458737929339,0.00629560986349915,0.967132676438764,0.296248272243967,0.0277049753163404,0.29143516905521,0.0405824190714641,0.0536213266225152,0.00310478712521785,0.00423896706428559,5.80640063613907,0.166230361898346,1.54823570738543,0.396798121111968,0.0764562421858199,0.128475015276263,0.19231262289638,0.0666295769119733,0.00817416462413354,0.0182638446053554,0.00669576803562513,0.00758339087606091,0.00263868771443597,0.00149315744877138,0.00548370824009261,0.000833021034195315,0.131381926824929,0.0153522110131206,0.0263922863319638,0.0077142523528114,0.000729505429407994,0.00342428047596822,0.000520428134352963,0.000293564339315907,0.610190082643823,0.110620367558639,0.168371491426013,2.4124965312594,1.42859522764061,0.104151337580835,0.0544295749873291,0.000354408825236761,0.247856730228388,0.0409161163424008,0.0226581783471707,0.00399375154366695,0.00522888091743147,0.00879684725081338,0.00371216063215368,0.000615474059009403,0.0507007722578634,0.0339573812707802,0.0287957406583573,0.00634620354001293,0.00799177315375937,0.0249356250187351,0,0.000559788243775988
1.53749712249525,0,0.776842224847977,1.01712316882068,2.58161514366298,1.78392063138297,0.909322511440902,4.78561878250333,1.3379976988751,0.716978198079095,1.15563997029438,1.14877335697168,0.216684597983299,0.612035178944409,1.39004327761643,0.0668436899309543,0.855922260888288,0.193441662112748,0.694560835085545,0.581806220368551,0.330452470999632,0.181190971688487,0.0409301165694104,0.0201184300254899,0.0564626799209771,0.881960313399469,0.782597086832752,0.605984696966118,1.73904553070809,0.720504972409302,0.159688677051726,0.0142616654417735,4.36701285992356,1.37465697943051,0.745203790931636,0.145514238261789,0.200345635414124,1.58999687099042,0.281615712151685,0.01538558371323,2.2487253536474,2.80131378216958,0.990495849267897,4.00691076666016,0.465837982382623,0.769377310017553,0.0137778267527369,0.00607895041610764,0.0771260208223648,0.0879240726342111,0.156470216995362,0.143390515214595,0.0103695935494724,0.0536084013499089,0.129553984454079,0.0885095185076387,0.0184764539332092,0.0411814117629353,0.0370424377507588,0.046751847158731,0.0143069158750624,0.0201720260380294,0.0302612040135121,0.00886350428227331,0.077642789004833,0.0146065677442821,0.0226598794444656,0.00826867476772776,0.00842433975077963,0.0034346105914343,0.00796593611812974,0.00324822922506705,0.046135553793458,0.163590183105474,0.222510322598635,0.18913368875062,0.815844684380468,0.192259830715935,0.0370702398955133,0.00118529820276797,0.0822892488779105,0.116505531387603,0.061389287700535,0.014421813392404,0.025095823390862,0.041518283075858,0.0290077429034738,0.00276444686858014,0.0453278867152221,0.0373801819359883,0.0296178396070412,0.0150320015536639,0.0232431015259589,0.0481132475480828,0.000959012764148601,0.0120725952477299
5.41375659071287,0.776842224847977,0,3.36944109577952,1.1437265992156,0.844124395826244,2.03834954401827,0.336316969148989,0.0688172818158713,0.077603363059723,0.0390756813313266,0.171296065640077,0.0894018513257284,0.0221496915687448,0.0628857766660269,0.0304968457702382,1.50545323790814,1.10235142506176,0.180310736798298,0.23140957374229,0.321495259911086,1.00737385528289,0.053879600156112,0.0234921060303197,0.0296044206716889,6.89369393482736,0.11557193444028,2.7090856051777,2.16097257512717,0.715627556669979,0.687916316638301,0.0195101260655489,0.346334660852531,0.101616207185304,0.0908473049119761,0.0590304871047476,0.0179505192714607,0.101771613761524,0.0534898354067225,0.0122585792005028,0.476929389618354,0.322105443528692,0.115811776823896,0.204926143051079,0.0507944663825099,0.0950331153439847,0.0189226311579134,0.0125653230388121,1.46940403021082,0.0737198817685049,3.75953380191104,0.773057058942342,0.0198633131035251,0.0901027223496615,0.895719154257708,0.0120406455650219,0.0023423706398654,0.00374520504318687,0.00260371222490168,0.00367009885409927,0.0020546829032863,0.00354736460353082,0.00640135020749396,0.000363029794333281,0.244480713734126,0.0357984325673799,0.0295393487834133,0.00626367494431979,0.00355516648504307,0.00555168447999155,0.000197372651131428,0.00222997288196088,0.0103796543805891,1.42550582051898,0.0507538368853019,1.11333218749723,1.15877364744716,0.240431237077024,0.120790810100349,0.00146761835139476,0.0258329513953524,0.023785945193237,0.0268279228753113,0.00318003763885579,0.00301271971462016,0.0112221267897171,0.00543040999708102,0,0.036146236138966,0.0352638305146055,0.0227733627943708,0.00372530959906993,0.00226043398950908,0.0157848050730664,0,0.000442330774780814
2.72565783114848,1.01712316882068,3.36944109577952,0,1.95237392939109,1.51569505739777,2.04519085399914,0.418821473411753,0.128196123438671,0.19715932012031,0.055566952952144,0.323215789496873,0.0755488831033318,0.0128664978693585,0.0877068550114993,0.0238867021019846,1.25532938399063,0.256674972198278,0.336612657522768,0.257555966840497,0.179032751610386,0.259178439635636,0.0213528018302869,0.00740919622302848,0.0140953005184863,1.38468937957096,0.0640491249719715,0.692772715362153,0.90613227250407,0.322612213458112,0.124792102081657,0.00662469041809747,0.319527044837079,0.165838178787137,0.13123451186965,0.0338798664277855,0.00981750629479286,0.210583608806975,0.0546100776172115,0.00329668015786106,0.63131387773846,0.642815765926778,0.184752520195502,0.342382260785951,0.103325150257402,0.163632117716957,0.00626861369633566,0.00426360238182383,0.0701174441185375,0.0232643185147189,0.229001237799796,0.10629449437139,0.00650065080745526,0.0156661635897606,0.123316144595531,0.0235402361156933,0.00177577395462426,0.00726838385473732,0.00440735523635045,0.00563612360350721,0.00319867174887464,0.00367150096619557,0.00852039941795139,0.00200808236152597,0.0388677363838573,0.00779468704262921,0.0125946295940556,0.00255021946577011,0.000409568162728004,0.00194636854311961,0.00302254911257085,0.000536993711566493,0.00815629185768224,0.139175599950103,0.044260287708414,0.138274125126485,0.320652322487403,0.0716187639083203,0.0299842678407559,0.000933139302773417,0.0269646528943233,0.0309557269643715,0.0189951208848586,0.00440386190570555,0.00333283383185732,0.00823373025525427,0.00638276504966201,0.000380068628685268,0.00770366628373742,0.0121600417615731,0.0068570023823927,0.00483334252397969,0.0018418685615838,0.00633360775576691,0,0.00128194795095661
3.1474682504379,2.58161514366298,1.1437265992156,1.95237392939109,0,3.93518897406273,0.700710728848462,1.48737634622589,0.617985186008101,0.266875107073598,0.346447357806448,0.553477762226115,0.0382665628208695,0.0855006199194268,0.324177126497397,0.0117832099317851,0.254519594779062,0.0780027283513694,0.100424486367743,0.0673192118139287,0.0634002499083616,0.0582297165940789,0.00669812107490013,0.00513074251064644,0.0742089388069924,1.00254974231128,0.153081761269854,0.561686953224161,0.914697461675173,0.151748180419495,0.0568492207596633,0.00585315719345306,1.69504014280198,0.171527615130089,0.117961603044732,0.0294309105526625,0.0107795738719446,0.373055863299276,0.0338571186633441,0.0034910473710919,2.81657941957064,1.15993959669606,0.0951903931457628,1.33573995029708,0.185573699650579,0.17521620072319,0.00626843329519033,0.00290062070905545,0.0488443671051357,0.0225672573380283,0.115433952042625,0.0596352875722033,0.00425957565249949,0.0122604301126464,0.0501073726935167,0.00876029254715821,0.00622683431327706,0.00299143227470933,0.00787155614312418,0.00428031294591573,0.000817815538642075,0.00252566273971493,0.00270298797842676,0.000887068695978495,0.0175913023052716,0.0089302412538101,0.010694370584876,0.000941293750343145,0,0.000917352343614061,0,0,0.0172207553075595,0.128462116744581,0.045283803612755,0.131317780390651,0.288444463550115,0.0443348939187463,0.0152447434389246,0,0.0283845166343008,0.0159083462153058,0.0101203315604711,0.000871052048173834,0.00580456687189171,0.00183209568855917,0,0,0.0203913078772605,0.0144831218800675,0.00872345502886872,0.00899148697523747,0.00450031026206692,0.00994778248940952,0,0
1.07984447850513,1.78392063138297,0.844124395826244,1.51569505739777,3.93518897406273,0,1.21343068635761,0.875390236793668,0.505016381475123,0.397867575091944,0.151190245297987,0.790556012604177,0.0947740206354654,0.0348256302268241,0.233834113663504,0.0213024780268452,0.611612122847537,0.141890876167104,0.190894121381684,0.197890183094935,0.100842877538143,0.0715973507123738,0.0073430729472052,0.00420042254837592,0.0201770513414862,0.754964027926573,0.0902122514435015,0.286883724075775,0.544189424106006,0.184126888643784,0.0409296839629033,0.0024253295711682,0.500828121518061,0.231584516027872,0.181006498061021,0.0351355562622124,0.0226843854167286,0.404892538767954,0.0647537539972736,0.00376921931498127,1.51686689297978,1.31588170753666,0.251020775363641,1.3361494586744,0.297884760658881,0.387801742794709,0.00403992073785769,0.00342654329618183,0.0226328424856879,0.023560528177481,0.067766677342746,0.0312494043010124,0.0061255638862389,0.0137211422590474,0.0390731943505734,0.0201105732838968,0.00147613874787238,0.00692948937389475,0.0155308623148286,0.017937016526693,0,0.00739637432196538,0.0135346629766137,0.00395435366892076,0.0159880646930152,0.00320969641814842,0.00167824346576904,0.00261710481387321,0.00216567058820878,0.00222515568171933,0.00507814594606672,0.00273641836064653,0.0166787001809939,0.0834000708314016,0.0429338984958326,0.0675326971379901,0.2320847431725,0.0458712495006125,0.0071222029304419,0,0.0215502666032359,0.0295129154159791,0.021979513125806,0.00302093903632108,0.00746370673959208,0.0117028244185878,0.0107421161941382,0.00207427426638832,0.00758416994262257,0.00665442351247853,0.00558878398083367,0.00428638264570794,0.0022574290108035,0.0102105070830871,0,0.000751945570095676
0.518310407361455,0.909322511440902,2.03834954401827,2.04519085399914,0.700710728848462,1.21343068635761,0,0.393639699483055,0.301228817310943,0.361054937660828,0.0335842223831554,0.53489082144774,0.204436186767519,0.00876307307693117,0.0846255432767398,0.066128226317092,7.74498881115986,1.15350237152714,1.95215533250626,0.913048209128144,0.817650383727208,1.31643108984988,0.0854821363428462,0.0266115697955631,0.0081241492775324,1.62944688177594,0.0466239067362161,0.197644566230206,0.724260082085057,1.12092897585988,0.869055137180448,0.0140028784518153,0.119267667269148,0.198265586241516,0.246346300424806,0.107602945470749,0.0131625852739147,0.185819332088738,0.0985964826259163,0.0207569618949599,0.196481741274866,1.34978088802668,0.670007555265787,0.425379542221134,0.137032970532182,0.422002319475308,0.0197579089161826,0.0166809190052327,0.0203705675442656,0.0376091508695182,0.332285556713054,0.141412491929314,0.00319646505277385,0.0159643594712923,0.759245373838717,0.0343563433573136,0.00526728479061317,0.00747554884434559,0.00761624016989987,0.0144472561557281,0.00791539926673118,0.00624175824867697,0.0106771556560832,0.00494676716481424,0.229333166093168,0.0282984156704906,0.0130408405490093,0.0062357598246888,0.00239936453790454,0.007857091339966,0.00343396812771893,0.00288836907980065,0.00825697644411425,0.428591669431821,0.0248739391883386,0.0619385872528258,0.495894877989425,0.245439985696251,0.121088656150607,0.00214530667831228,0.026723833472951,0.0361907559660217,0.0291718574814808,0.0104450640944072,0.00744238549076884,0.0139042849227126,0.0115265891170941,0.00220378207201227,0.0075282897077963,0.01377585162679,0.0130259799101056,0.00500162857241059,0.00396308018911454,0.0102500374880254,0,0.0041218529168499
2.03813237567182,4.78561878250333,0.336316969148989,0.418821473411753,1.48737634622589,0.875390236793668,0.393639699483055,0,1.03446363223012,0.225285438088903,2.84230432853554,0.827312071804181,0.0289871440671685,1.60369041591742,1.79248770641028,0.0246505686048978,0.217153168125235,0.0461947319346068,0.0870093056830671,0.0621425399046635,0.0428490442476913,0.0386940697438087,0.0187900292983639,0.0109169953207436,0.385645468360762,0.305783215051353,1.23006606019616,0.41022371525227,0.899688941596032,0.16470311894077,0.0701162411386408,0.00683914791543285,6.41511588728215,2.4039524259028,0.234325667707836,0.0486584300948795,0.641373562191326,2.05347609470456,0.165483500664533,0.0096494819723987,1.13041392751173,0.814666050715365,0.0930810653982243,2.05200808615689,0.0788617411084857,0.133257314961462,0,0.00342934850557681,0.132829575464851,0.125995086233303,0.112106450360903,0.106791631462921,0.019480641224218,0.0631926315990912,0.114284276899879,0.0976743860636003,0.0233877991573948,0.0406365356417115,0.0278739415701746,0.0278067388952463,0.00834060535449297,0.0243980736033698,0.0300434215267396,0.00440754032383334,0.0666821578832954,0.0143515671089227,0.0361195499643317,0.00804668385312698,0.00109088271892868,0.00668586839294326,0.00449545081674392,0.00302726971465268,0.20945119203679,0.0669772715359079,0.451207570726393,0.188448409223552,0.416595528510188,0.0964218092515866,0.0332603981410203,0.00175394074119208,0.260255095490779,0.164194125382256,0.0669648218667203,0.00628881719415472,0.0233843436833518,0.0412965190525005,0.0110501567725242,0.00153389842116741,0.0310639084984797,0.04135079778143,0.0396732523119372,0.0175390549846254,0.0161361569474913,0.0445365332081948,0,0.00316712497256925
0.124465181054389,1.3379976988751,0.0688172818158713,0.128196123438671,0.617985186008101,0.505016381475123,0.301228817310943,1.03446363223012,0,1.06355581772393,1.28152754881723,2.01337983603598,0.0532075114643289,0.648004464188271,1.88255443019583,0.00471677076123389,0.207617569415837,0.0190387679011421,0.0930661212795716,0.095080348893241,0.0333239683716614,0.0128515622144724,0.00365616256929223,0,0.0166257792387465,0.0790912730063214,0.140732267453222,0.0489187276105654,0.14021455845975,0.0384409786995838,0.00566739163753348,0,0.492339826794752,0.316296144850216,0.0837967171295307,0.024910197852176,0.0795765749129401,0.67422356743013,0.0270261895747081,0,0.512176490596752,0.792583646860524,0.119676834162201,1.73561016667094,0.216527392808746,0.35456474376315,0,0,0.00279522981686482,0.00990624699310499,0.0139303309793749,0.012426923397615,0,0.00391759459773655,0.0122262680578622,0.0090134862022572,0,0.00822522833106584,0,0.00592551419713672,0.00281670921902171,0.0128784365587208,0.000764658765318747,0,0.00452904848652427,0.00243825258260397,0.000677685053524883,0,0,0.000678697097619989,0,0,0.00550200673923529,0.0130570386445299,0.0228482802720588,0.0152627435201008,0.0597125507127227,0.0163924115778853,0.00363758334145634,0,0.0142075328703407,0.0200669630978345,0.00862360124885623,0.00177270341572526,0.0127098281418963,0.00188236045546486,0.00876071271261569,0.000806917798985132,0.00219893144672381,0.00144956010753605,0.00185031522427083,0.00379865089790682,0.00421292147964514,0.00674069666414151,0,0
0.0853015416736088,0.716978198079095,0.077603363059723,0.19715932012031,0.266875107073598,0.397867575091944,0.361054937660828,0.225285438088903,1.06355581772393,0,0.160601867908642,4.71518918265371,1.48284574360333,0.101267947430905,0.723351379446752,0.179221223029887,0.495559156554031,0.124935195245473,0.885534888032649,2.5172594840683,0.461674137119811,0.155883562899057,0.0628867167393489,0.0420904929984237,0.027298308203508,0.0940957215832378,0.0981100453801403,0.0386692238515504,0.0705240648840111,0.197955099603931,0.0746545597192015,0.00417056797063571,0.109557806445794,1.00061360584416,0.646863484953714,0.596058227969627,0.0744007572275884,1.0749449093546,0.446727589907104,0.0411265566993125,0.0901367196872826,2.5041146659228,1.76288027661023,1.12406464578577,1.85490120379676,4.93521784908172,0.0183032316019278,0.00901507942389451,0.0223272023547475,0.0359601883314875,0.0131805222889375,0.0110801063164434,0.00517518389482625,0.0236145775405941,0.0200838767412638,0.124136702106587,0.0161770318296133,0.0427106803789008,0.054791038078957,0.0547606338216238,0.0506593687867014,0.0206088814428475,0.0731350963577278,0.0468718124482258,0.0219000000116072,0.0109904659728397,0.0205549605081998,0.0197836460709759,0.0158109260597512,0.028686785526825,0.0302117821855074,0.0231921742943721,0.0435339777112806,0.0131088097255425,0.0920905433085614,0.0218097833384753,0.0362207654635006,0.0718556506794333,0.034815903491601,0.0126947716050657,0.0915094471879655,0.139019481711062,0.136838911058276,0.0720610122170664,0.051318213933564,0.0819234859063108,0.0840287765627329,0.0255376056619848,0.00922503057256779,0.0182685767077601,0.0193274292693621,0.0133555846356228,0.00580740984307634,0.0382997190033295,0,0.0215567532870416
0.148379032653585,1.15563997029438,0.0390756813313266,0.055566952952144,0.346447357806448,0.151190245297987,0.0335842223831554,2.84230432853554,1.28152754881723,0.160601867908642,0,1.50919548020584,0.00594001366644149,3.08620740514748,5.77478066224831,0.0157064346271839,0.0143434205612946,0.00534722161294465,0.0166193105562384,0.0179398054889868,0.0067344855620477,0.00533913639269437,0.00160451769870677,0,0.0353861014344335,0.0437736992521715,0.205985784680567,0.0578916023584766,0.122102101204595,0.0125994225002875,0.00690786244490903,0,1.11247938974618,0.95652667752406,0.0677200367073488,0.0118585982433718,0.284163322134138,1.39256764950721,0.0387538410284529,0,0.219134838673787,0.189864254714383,0,1.82607433996546,0.0343592153347108,0.0440106267165397,0,0,0.00533792344035343,0.0168194110160229,0.00949446607041438,0.0154188690391061,0,0.0026637539188808,0.0122200715712354,0.00715374980711536,0.00570868598333329,0.00784723352764893,0.00399246560411654,0.000832826726376662,0.000857569322919985,0,0.00254111069493291,0,0.00574827432566716,0.00135837647124486,0.00483576673983155,0,0,0.000502950985763063,0,0,0.00354311140809294,0.0171247637792229,0.0775113344497811,0.0212804391022187,0.0625036525638558,0.0138453991050006,0.00658575912982099,0,0.0164845868304527,0.0273119890847329,0.00482385006094682,0.000663384562785245,0,0.00288399718299073,0,0,0.0119966790218457,0.00679709091978435,0.00482478214524278,0.00263290378729741,0.00482030754994275,0.0122823666537641,0,0
0.228096617214787,1.14877335697168,0.171296065640077,0.323215789496873,0.553477762226115,0.790556012604177,0.53489082144774,0.827312071804181,2.01337983603598,4.71518918265371,1.50919548020584,0,1.87264669100271,0.722329881456965,4.27563124257161,0.350775652227514,0.417272219637413,0.200139802098414,0.343477845055939,2.53473851090634,0.720954592324044,0.275549216961886,0.0898201687678959,0.0204867881502687,0.0314076159828187,0.142351265568925,0.164102987726062,0.0421838649890517,0.125315110602256,0.24219937470206,0.0926088052896803,0.0108073526783966,0.339291155489739,1.10150799764051,0.523126095888155,0.58802404451615,0.127186636510125,1.53663439506848,0.646973769349171,0.0435578019747485,0.147091790377598,2.04326655994373,0.905951181904873,2.16501567951174,1.81298795598174,2.59246492215268,0.0173969842957612,0.0101529100905593,0.0297642033824364,0.0442198749299312,0.020626401196867,0.0197772867786515,0.0116201089212066,0.0184428976067267,0.0339062142692665,0.10879297046189,0.0194095795085018,0.0385483580192017,0.0329585532614751,0.0456057698928768,0.0379310355684062,0.0195332343042007,0.0536084957553487,0.0214670513504717,0.0219969075194957,0.0230167801985348,0.0117417758044379,0.0215026079689474,0.00561247980975232,0.0217236852258619,0.0275310197637754,0.0238467496857269,0.0279859910535446,0.0314911747156792,0.0789713049191253,0.0246450464748908,0.0725648244471042,0.0951855495406276,0.0399564529979585,0.0230018063011732,0.082303583595164,0.10729790857383,0.133047483093699,0.0449137244903637,0.0365053740671401,0.0825768578459316,0.0544212767188127,0.0200382346899273,0.00980541429193979,0.0175543362383718,0.0260747642258364,0.0134825320798955,0.0117923518383996,0.0320787562841466,0.00282981811996894,0.0322225050740511
0.0201101580342638,0.216684597983299,0.0894018513257284,0.0755488831033318,0.0382665628208695,0.0947740206354654,0.204436186767519,0.0289871440671685,0.0532075114643289,1.48284574360333,0.00594001366644149,1.87264669100271,0,0.013790536175652,0.0993111090109704,1.31881754170785,0.435500709544656,0.402547438671092,0.398943078694052,2.38724352578412,3.76895197091049,1.71007801573958,0.897588642821337,0.191000957054951,0.00200726117287478,0.11538545187134,0.0114113344947644,0.0157683356642675,0.0878120423486834,0.71102015581883,0.540686378882271,0.0913119422589388,0.0181010935339214,0.168028831496448,0.315288984681109,0.818568357668335,0.00762266818467811,0.299033852472378,0.926571098393239,0.0988617842652261,0.0248536091390143,0.390284462433072,0.959455437195171,0.229211637431814,0.550615319790184,1.09061212211201,0.116032458852914,0.0160852634844824,0.00334135307797784,0.0147190153525957,0.0148764099766345,0.0103312414417707,0,0.00367643491583058,0.0443930825935017,0.0171093774007618,0.00295899128065258,0.0238143831539317,0.00446777973597066,0.0226075606046296,0.0165252324244686,0.00509971656659548,0.0175242827495621,0.00945245802933613,0.0208832235955482,0.0177944581792938,0.0136297067611616,0.0181065982698028,0.0101356055545457,0.0233601435395355,0.00995723088069516,0.0147720260588841,0.0117869932646543,0.0227220070056188,0.0188085059581288,0.00227604360463585,0.0821202346814967,0.0938236584586285,0.0462517155650769,0.00865277833504707,0.00812937228326805,0.0321993606752137,0.0671367160410374,0.0225700225057793,0.00459139048562432,0.0268572825047123,0.0226259103097137,0.00902356844620711,0.00111369573737174,0.00317892325447646,0.0112990685207592,0.00236195311784676,0.00622904386371156,0.0159369568289467,0.0013713823969892,0.0164931158093844
0.0780103242921583,0.612035178944409,0.0221496915687448,0.0128664978693585,0.0855006199194268,0.0348256302268241,0.00876307307693117,1.60369041591742,0.648004464188271,0.101267947430905,3.08620740514748,0.722329881456965,0.013790536175652,0,2.15723956565632,0.0298215815931903,0.00307879987994789,0.00269909899561438,0.0198428428106167,0.0205961944609073,0.00377696705240782,0.00389488436537493,0.00857838624217752,0.00419219740981769,0.0307519801650207,0.016929611085122,0.250263503676809,0.0474993115927255,0.0803628513801612,0.0112110901155586,0.00135044814703396,0.00316518507773814,0.866067350544799,1.53828417543416,0.168549763599997,0.0116270179582357,0.746447365467981,2.59829128967589,0.141740757839971,0.00339277970568211,0.0808476485071658,0.00955499855197595,0.0425858388670927,0.912742871206508,0,0.0516427311344407,0.00563248963177054,0.00518517823907905,0.00819630405394398,0.0269576675582766,0.00717378023493756,0.0154686191457842,0.00669677276198258,0.0112916080549819,0.0107722795417109,0.0111113012181163,0.00183976224659904,0.00779162025029242,0.00174047128450383,0.00452025367896524,0.000943212749559344,0,0.00223987489933869,0.00133157714377901,0.00548844854318711,0.00245028080646595,0.000777061661652249,0.000740841528796249,0,0.00058243258368805,0,0,0.0309137246237036,0.00487387663026637,0.108501037152065,0.00994958624855558,0.0459113077055833,0.00803515237774218,0.0011124417910719,0,0.0212443434643117,0.0235390685511553,0.0207122423541012,0.000870313424027075,0.0112464127925531,0.00201134510173379,0,0.000904395218788469,0.00798739775207852,0.00240032464278822,0.00535576830764649,0.0168617263418525,0.00833264281052315,0.0162736104564441,0,0
0.133743249021524,1.39004327761643,0.0628857766660269,0.0877068550114993,0.324177126497397,0.233834113663504,0.0846255432767398,1.79248770641028,1.88255443019583,0.723351379446752,5.77478066224831,4.27563124257161,0.0993111090109704,2.15723956565632,0,1.29847503625935,0.0613461316261818,0.0349987683892275,0.0776425779930536,0.126916614963591,0.0958928191261303,0.042994800833258,0.0126698410525007,0.0032997578518823,0.0232071426815916,0.0497330381916301,0.222607875005165,0.0351571739500615,0.125726529519685,0.0587956207141435,0.0299984740430002,0.00139359416738953,0.805918838939654,2.05123151962258,0.579970043796971,0.0688310907111121,0.525573215210868,5.1536228583047,2.68573601563971,0.0236267032988274,0.148335298237518,0.467769084020173,0.0901870097780269,2.83126509168319,0.166251801018389,0.178338129918541,0.00946657201084755,0.00274666869051229,0.012623126927451,0.0172796348246568,0.0131077139839219,0.0169671573386852,0.00298746375250495,0.0139104192904037,0.0101611569086333,0.0129576000750854,0,0.00937566076509725,0.0109015664891395,0.00257324691478883,0.000646293261985585,0.00333179575236239,0.0132169217154733,0.00311717122157268,0.0112986682813944,0.00287864664781871,0.00543847747306473,0.0015602343529622,0,0,0.00188834744412296,0.00292234064812547,0.0233536352253655,0.0125279190065357,0.0722264115276654,0.0130319330253839,0.047273155308989,0.03137141088857,0.00398621802856459,0,0.028894033759306,0.0277348738423184,0.0219019123539183,0.0078853670757401,0.0114589569839153,0.0103102515524336,0.00455238487706167,0.00137850297136916,0.00375617725107542,0.00316566094028493,0.00980058385536241,0.00450471575237841,0.00311237703673051,0.0146284713005158,0,0.00185047017480545
0.00866006444631038,0.0668436899309543,0.0304968457702382,0.0238867021019846,0.0117832099317851,0.0213024780268452,0.066128226317092,0.0246505686048978,0.00471677076123389,0.179221223029887,0.0157064346271839,0.350775652227514,1.31881754170785,0.0298215815931903,1.29847503625935,0,0.139090795149467,0.161847148984016,0.162490287297606,0.630345055379771,0.915350086746189,0.567336627028413,6.17538878358782,0.230213143954457,0.00697642114865554,0.0496075614390311,0.020630580729907,0.00428859794495636,0.0214050068485953,0.37591002603547,0.36804324446451,0.0358200696050758,0.0195384290425468,0.166001671510284,0.461526096518683,1.04668412272583,0.0226208148300778,1.70156003975369,7.74745218978134,0.657934429658441,0.00688450030241083,0.0742343199971334,0.328548812898647,0.0484869741228584,0.111843264185714,0.179977916798985,0.0453622919090474,0.0657887343182958,0.00168530186375719,0.00388683889041674,0.00607537127286403,0.0015301103367298,0,0.00461350804115389,0.019350756572791,0.00784640233474786,0,0.0100414181256508,0.00389854237449203,0.0129549532428367,0.0122104445083236,0.00645441525851126,0.0146104191638776,0.0103338793750273,0.0122086825100327,0.00935948668991849,0.00482349990163496,0.0148585123608272,0.0031385577574535,0.00855755935609954,0.00458598677549937,0.00340263820002155,0.00234931881715128,0.0134646802630037,0.0173524789249482,0.000721809750965984,0.029048457977068,0.0788042147065959,0.029695572625348,0,0.00837907471043101,0.0218825198195508,0.0415029351032877,0.00466954592998396,0.00756082354631038,0.011430824449888,0.00935467171867604,0.00259863643193103,0.00316679857704422,0,0.0104295151967847,0,0,0.0103041532610336,0,0.00238053088836483
0.180088128860618,0.855922260888288,1.50545323790814,1.25532938399063,0.254519594779062,0.611612122847537,7.74498881115986,0.217153168125235,0.207617569415837,0.495559156554031,0.0143434205612946,0.417272219637413,0.435500709544656,0.00307879987994789,0.0613461316261818,0.139090795149467,0,1.94794175508945,5.18658040869326,2.32979020171293,2.08576228511345,2.33423797152087,0.132203629056624,0.0520971596230044,0.00386069939624323,1.09947769266905,0.0542226958504814,0.0772105862751951,0.47491401522223,1.28621881256362,1.43450515992051,0.0449701382356158,0.0564874480037651,0.282677240486162,0.500214614944977,0.178283038224507,0.0102972378988707,0.223696231180646,0.178554001965014,0.0272846442445631,0.083535312589783,2.09585777352368,1.7332852471025,0.259989756624913,0.191182192227485,0.678006422815657,0.0476272320788419,0.0259175031850978,0.010858569426056,0.0394288998443985,0.194204245696695,0.0966383588282043,0.00444417941181451,0.0150512565589447,0.595467315517945,0.0320534294498526,0.00679265189785945,0.00872640569638952,0.00688016284186797,0.0173073054784365,0.00850052316794959,0.00397743987924664,0.0122617980878183,0.00726436126837999,0.307648087520085,0.0425991704862909,0.0249031749747281,0.0103414485046934,0.00310165614790699,0.0165653552569371,0.00490271688102002,0.00772718079946423,0.00355558803584576,0.302434350070341,0.0300840444889568,0.033604132220138,0.341657802686592,0.235220593416911,0.180018903318999,0.000858879249770704,0.0270188889476986,0.0420828637719445,0.0459629752904826,0.0154323620791026,0.00974478420336642,0.0182709373880747,0.0162493796211382,0.00464222614984811,0.00488655385664605,0.0174507423774231,0.0124410835102051,0.0024284221206222,0.00634935273240762,0.0185026722856466,0,0.00548262463309504
0.0622186463038962,0.193441662112748,1.10235142506176,0.256674972198278,0.0780027283513694,0.141890876167104,1.15350237152714,0.0461947319346068,0.0190387679011421,0.124935195245473,0.00534722161294465,0.200139802098414,0.402547438671092,0.00269909899561438,0.0349987683892275,0.161847148984016,1.94794175508945,0,0.525152932496654,0.866039066492604,1.3446673382377,2.85139050019444,0.152015440107485,0.0583638001016242,0.00234053853935575,1.02690425890201,0.0205838219616978,0.0680928288890568,0.341545214520854,1.19005689328046,1.44629722234144,0.056773323115403,0.0187990223869612,0.108002895107814,0.240299827411767,0.154741727120117,0.00633737192022717,0.113581738672491,0.124220051244694,0.0343923928418134,0.0311290628925185,0.174049479974809,0.342216797440766,0.0650910488525223,0.102817898343952,0.241496855307815,0.0653834715066863,0.0360107589543692,0.00337996525487214,0.0144110908559798,0.107293966014182,0.0487565886619924,0,0.00424800519911114,0.349328508480467,0.0111449072367487,0.00453619709237921,0.00715278954305043,0.00282992330781121,0.00180732678626487,0.00232310159685358,0.00135268286896097,0.00240886021937429,0.00307576681296226,0.188149285860888,0.0521863882546551,0.0105677569593296,0.00484751756270832,0.00212396267099968,0.00926191666537351,0.00177187685346648,0.00321297675314709,0.00164114678116795,0.253323637577456,0.0161270794293753,0.035183615406826,0.290826859938369,0.198248986050394,0.136413164779159,0.000735018159199172,0.0082886398980236,0.0146416634969154,0.0227157176089712,0.0102403964051298,0.00490610238345687,0.00644199142937862,0.0115565060245034,0.00274963102250746,0.00351504041399904,0.00639722944969352,0.00853604609018556,0.00529114551506921,0.00143168719383019,0.0114657491973693,0.00218413049111549,0.0104708771887592
0.0277283792696871,0.694560835085545,0.180310736798298,0.336612657522768,0.100424486367743,0.190894121381684,1.95215533250626,0.0870093056830671,0.0930661212795716,0.885534888032649,0.0166193105562384,0.343477845055939,0.398943078694052,0.0198428428106167,0.0776425779930536,0.162490287297606,5.18658040869326,0.525152932496654,0,4.00091638925805,2.78290254753567,0.839976208779653,0.0352661071986718,0.00478096992510725,0.00851982452066619,0.203683037874316,0.0598188196106178,0.0296134431452128,0.13600543906522,0.29565039785007,0.141605071895058,0.00710850765558722,0.029330106284814,0.350863606709074,0.854371285507635,0.129413188469743,0.0183375791170537,0.301877428947153,0.247364331330333,0.0209816187694012,0.0479870001338315,1.88213899564364,3.5404564361893,0.201250312935142,0.40313365494676,0.971588151293679,0.0195341570896107,0.00625997854227163,0.00715194578621341,0.0105283517269904,0.0178098815659641,0.0101963632179071,0.00400594495129164,0.00170465113005067,0.0255214478283729,0.0302639362591584,0.00296480116671483,0.0181992145829976,0.0137017433466401,0.0317278975918533,0.0182762858175191,0.0125569187997204,0.0189240499661265,0.0209253705803401,0.0208511483016692,0.00755380238826088,0.0146653829525265,0.00793523610877876,0.00262383522174989,0.0054515584709042,0.00562672548913976,0.0107588374328374,0.00955134634960529,0.0379559695245016,0.0491606773974164,0.0120503380286997,0.0791445827564186,0.0637165512538312,0.0238816493749996,0.000959124072215989,0.0229974095140491,0.048764366530369,0.0281494417648938,0.0180817846220172,0.0157474563382542,0.0185473751569792,0.02194876201385,0.00214587196936769,0.00358952460328554,0.00840262071688081,0.0070537554385381,0.00451045331186339,0.00435512400772109,0.00894766192387292,0,0.00561163896690838
0.0506336556001465,0.581806220368551,0.23140957374229,0.257555966840497,0.0673192118139287,0.197890183094935,0.913048209128144,0.0621425399046635,0.095080348893241,2.5172594840683,0.0179398054889868,2.53473851090634,2.38724352578412,0.0205961944609073,0.126916614963591,0.630345055379771,2.32979020171293,0.866039066492604,4.00091638925805,0,6.64174313828468,2.28783874573781,0.276647976202719,0.0725131881110016,0.00762577077634254,0.273176970268179,0.0435326248181441,0.0320515173534032,0.223278558260576,1.07407544414013,0.511406185076249,0.0396362331911079,0.0463681419073119,0.471851380355098,0.771426580245742,0.729658685285533,0.0303625542507384,0.440815796897428,0.651856737716887,0.0647957841155859,0.0427217657110732,1.07087144520018,2.22023877477545,0.332957305386055,0.775844811305757,2.307515224104,0.086752653331664,0.0269079582778701,0.00911907396376475,0.0175576102155672,0.017555396916683,0.019541314375771,0.00251255526250597,0.0127598625048454,0.0700136610850743,0.0374181109523671,0.00451834332321199,0.0311948941280386,0.0108267736460175,0.030266097767404,0.0223621431148971,0.00945623162399194,0.0323905541110262,0.0327190082856624,0.0448899504758906,0.0251695108199999,0.0229170933074133,0.0288816690285482,0.0191780543984327,0.0293782911756557,0.0197947118356331,0.0198361601300941,0.00612797355894065,0.0631763122548096,0.0140689904614862,0.0136759969462313,0.184856740043167,0.183636524987082,0.079319674372088,0.00594343683524171,0.0355232722012529,0.0691469444011323,0.11491261743245,0.0556271239526704,0.0170525695954029,0.05034072264885,0.0619423949964146,0.0139189091765547,0.0026777765471162,0.00472531842175117,0.0277250161029419,0.00193069112810016,0.014399409910374,0.0229992530586323,0,0.0270079393445259
0.0318872435865819,0.330452470999632,0.321495259911086,0.179032751610386,0.0634002499083616,0.100842877538143,0.817650383727208,0.0428490442476913,0.0333239683716614,0.461674137119811,0.0067344855620477,0.720954592324044,3.76895197091049,0.00377696705240782,0.0958928191261303,0.915350086746189,2.08576228511345,1.3446673382377,2.78290254753567,6.64174313828468,0,6.26837125371638,0.901099110302607,0.142347804835686,0,0.396396489321028,0.0256314907611207,0.0219838381787348,0.24708877156857,1.34434229745067,1.14928288980453,0.116054394403164,0.0223096011373872,0.127325919855909,0.321075094007384,0.299059510816765,0.0117404778116096,0.184991503373316,0.378200246592691,0.0408566289251,0.0344920103535152,0.385918479917464,1.31641786864982,0.122692798249639,0.268534181469948,0.762358537423856,0.270154194172756,0.0244403087157102,0.00388561893632328,0.0153793996935238,0.0550464844398694,0.0205361652721404,0.000689106405360483,0.00212430511990735,0.122752386332649,0.0190212269793318,0.00154099678977748,0.0107619310527511,0.00117865523693396,0.00671152867371999,0.00953182669071975,0.00263397199226548,0.00568604721935689,0.01528485821037,0.0598377886589508,0.0192647073341444,0.0110635815392206,0.00812580003476318,0.0017208340253056,0.00526242705388147,0.00407275682459785,0.00399905640827584,0.00626514766128956,0.0808537494166391,0.0103340745808345,0.0161881392864342,0.220811028970171,0.151225665893282,0.0519603347360139,0.00346438952164987,0.00906554640574687,0.0209920099050096,0.0306870352447308,0.0212534230751375,0.00247287810038654,0.0142730644572632,0.0200732208743147,0.00277933683688813,0.00438620937766143,0.00873595586344807,0.00445102882346442,0.0032016759913666,0.00153878332658965,0.0124257888888346,0,0.00683714704258338
0.0706671239657566,0.181190971688487,1.00737385528289,0.259178439635636,0.0582297165940789,0.0715973507123738,1.31643108984988,0.0386940697438087,0.0128515622144724,0.155883562899057,0.00533913639269437,0.275549216961886,1.71007801573958,0.00389488436537493,0.042994800833258,0.567336627028413,2.33423797152087,2.85139050019444,0.839976208779653,2.28783874573781,6.26837125371638,0,5.54737006763144,0.746875828265835,0.00211257926349628,0.80629874286489,0.0180954359593516,0.0576692538697538,0.371229934303077,2.43235193705507,5.63147465925048,0.62642358739852,0.0341701581894019,0.064974595344819,0.202813659635622,0.985480694691409,0.00705762454037001,0.112557247116217,0.713967617199103,0.566873861502743,0.027561258065799,0.13347443745982,0.410270299108207,0.053053915946721,0.0704513631686398,0.25492120075132,0.368119512884536,1.68536096816892,0.00648271389338918,0.0344095463166095,0.140945042899171,0.0787000280435164,0.00131223128848032,0.00643584554932895,0.478445660660566,0.0110727462003625,0.00340250665191041,0.01456293290098,0.000864106261092425,0.0119819294716287,0.0193749296383471,0.000968310014593972,0.00821451701629063,0.00902102758974887,0.365472487121496,0.204597210501432,0.0348681683174342,0.0400937750190788,0.0268655169559528,0.172176327150045,0.0253181932325443,0.0555142539296799,0.00100742313220804,0.199069378797346,0.0173616016659111,0.0356619446844871,0.321241796000823,0.467377312642781,0.585757961301902,0.0533477120966998,0.0109180393855531,0.0193713264076916,0.0561854025127481,0.0425766683310289,0.000456287834138609,0.0105237215577802,0.0190933273820077,0.0177933645209161,0.00739023226092374,0.00973451726120887,0.02866188113855,0.00121025643362999,0.00260868314421079,0.0235668827126458,0.00806808624107588,0.0614090950936347
0.0104842577187031,0.0409301165694104,0.053879600156112,0.0213528018302869,0.00669812107490013,0.0073430729472052,0.0854821363428462,0.0187900292983639,0.00365616256929223,0.0628867167393489,0.00160451769870677,0.0898201687678959,0.897588642821337,0.00857838624217752,0.0126698410525007,6.17538878358782,0.132203629056624,0.152015440107485,0.0352661071986718,0.276647976202719,0.901099110302607,5.54737006763144,0,1.31999646229794,0.00696968209440586,0.0736543040505688,0.0357577334392228,0.0112196458820662,0.0751444825986094,1.81357021284722,2.36775090537405,0.490088127935892,0.0180161768731233,0.0818374405385593,0.31198993017824,3.6627858951819,0.0289920857169792,0.2981855442192,7.06371931074577,3.41413826762207,0.00364191007259282,0.0168915304496497,0.0966707022364132,0.0103612853347762,0.00643304606191993,0.0641449213676263,0.309386522457532,1.96399201455236,0.00178171667911873,0.0381775040763113,0.0299638361924269,0.0265610124684965,0.003214882310307,0.0119039683591021,0.120731608824455,0.00828999550233379,0.000574236030604705,0.0149145898112132,0.00427730706031853,0.0164919411677441,0.037170660012581,0.0031698145394053,0.0238158737501137,0.0169731737515843,0.100580618131027,0.0867274709879666,0.0428425677491588,0.0445572616086979,0.0337397551725985,0.123298123120013,0.0487053141285347,0.0922154799052204,0.00122250434700994,0.0415662220683803,0.0189139204291217,0.0106503618850237,0.0811229624890887,0.468264891848498,0.295318061835206,0.0703630591548464,0.0146719252629051,0.0405290298755707,0.13430904876872,0.129852304416771,0.00646061284390606,0.0257918744604226,0.0565424891154795,0.0464543604725075,0.00239618509428315,0.00962141507385373,0.0359953090862823,0.00151037345331168,0.00645033278163083,0.0350139721491538,0.00909767410890373,0.130629302306403
