0,0.319534574081923,2.6889490664559,3.94711536653613,2.61375219430321,0.45602447573628,0.120073655219118,0.70134733695306,0.0212410437640972,0.0169809783116341,0.0409492391411592,0.0241809481574392,0.0147157953669014,0.062081299480708,0.0198290213779459,0.00693010645808332,0.0536710754168109,0.00624236799575959,0.0122984647968175,0.0168728079298929,0.0101791519184973,0.0053193521556813,0.0219419455920495,0.00872957220439657,1.17013862570416,0.111127445644015,0.474679685600887,4.19870397426546,1.12530296186685,0.0719456713725201,0.0124485867545855,0.000460652228499059,1.66181930750291,0.479262085284718,0.101765910155277,0.032513831056548,0.164165744688444,0.041615493164385,0.00650984376768059,0.0233562604951778,0.266792340386257,0.0523565930162922,0.0179998746582853,0.0274462973805602,0.0074083860730699,0.0070528231035729,0.000784063288488488,0.0144209599867266,2.74983675917593,0.0486010616099306,0.734461820807465,0.0498794463459621,0.023679153525502,0.0163322465491086,0.0475492652128984,0.069269082457087,0.00467322709441657,0.00253307805290537,0.0074535726455239,0.00446525014877712,0.00450713785384803,0.00683799845673794,0.00460054679108399,0.000479594385968216,0.0184921400593314,0.00313631791518603,0.00245700539099099,0.00464245904636109,0.0040769973518199,0.00692616166014187,0.00596802388841587,0.00382793227130505,0.44713455432576,0.0507924257524847,0.486335673477535,1.51797487103303,0.405559588923634,0.0299090857538507,0.00916492499892479,0.00128774466804525,0.340885472179522,0.0975417002024094,0.0340970167151069,0.0141421423842873,0.0132567958196908,0.0108657529596586,0.00319396761001057,0.0108202495511631,0.00829088188779685,0.00524427369738577,0.00389274886980323,0.0047841811822689,0.00184320844112726,0.00327258968724516,0.00033985464225228,0.00996371126245025
0.319534574081923,0,0.297503166547068,0.235623411991693,0.202713869748991,0.146548685725831,0.212427024649542,1.92590218022635,2.30686498453986,0.821284759045081,2.06769069722496,1.03669598900091,0.163319797921919,1.04471371772315,0.75442226543478,0.067686200106037,0.199142674831085,0.0701150002905195,0.0550747098027324,0.106492590034059,0.0553297370618931,0.0363630362717812,0.024254219804863,0.0248110659002979,0.042328436142536,0.156531274218606,0.325564852278313,0.223895979984499,0.228005088979809,0.153053393032124,0.0535970985720067,0.00754924851620681,0.612892762706119,0.452863445674062,0.371146499649127,0.0639720002628048,0.419824896216637,0.413095468388421,0.03837471975432,0.0227718822073371,0.102367134801096,1.2235719923208,0.351671355512061,3.31148264616481,0.809633844137008,0.439895345202242,0.000704135803281436,0.0239866297717118,0.0920792848015778,0.0520587147592759,0.144405586194663,0.0422033323648075,0.00876024998789998,0.0198376386449556,0.106866190030749,0.0320562682144645,0.00183355430780114,0.0405613566227543,0.00595159695405134,0.0349159984223382,0.056526100329005,0.00763322160597377,0.0250618711226699,0.0115920592177044,0.0616151818653704,0.0594527381932702,0.0314010547558129,0.0269315225039532,0.0505642656849794,0.040168975889066,0.0148321194689979,0.0191091927308128,0.0341416992502022,0.072819905504933,0.112071536820088,0.110836055093772,0.113838560361451,0.116470387179949,0.0476554146036482,0.00199002298459315,0.0917982060993133,0.101170208158733,0.145690079279899,0.0207757381299214,0.0268273429310815,0.0518067892043508,0.0107053076263834,0.0186843892567327,0.00627908101505315,0.0160321079608886,0.0169369754988596,0.0178975030220563,0.0101555588757749,0.0215808919002441,0.00413060120383425,0.00887997831782705
2.6889490664559,0.297503166547068,0,2.93093083737131,0.0685269103204652,0.0628420112630884,2.04622360003182,0.17453717128438,0.0341163022069259,0.0251909332776492,0.0427589117092194,0.0636535286218152,0.0133349261275859,0.0399605144180759,0.0436117232117465,0.00372519149067062,0.339191815106361,0.0482675890062403,0.0174529608898313,0.0222735521174175,0.0105467582419171,0.0193808229179022,0.0232930789488217,0.0108110790224287,0.15533505910572,10.0028809612315,0.222011114587306,10.3637826506953,4.50526103885046,0.785662672242151,0.117258319673451,0.00532252377884733,0.22916141835643,0.416970897279735,0.199324367930393,0.0572711039293017,0.150720382009602,0.0664349370048961,0.00961225414456031,0.0271544955325687,0.0548824696622489,0.0676221788778096,0.0211423671717057,0.0460766323059724,0.0191270161643039,0.0154957346729607,0.00305714421071318,0.0150346062160123,0.707458400008652,0.0562796810425087,3.42407681256917,0.0597017972101894,0.02066408998509,0.0168446366761296,0.370591854104734,0.0379355567451759,0.00645716663953899,0.0109293359813511,0.00686024163876541,0.0128168411469211,0.00763962777480878,0.00212992288002598,0.00910986277043684,0.00368538971085752,0.074551249446012,0.0174711666602911,0.0117261982123828,0.00921863734440702,0.0142886098685464,0.0139748023741337,0.00382465079905895,0.0031852279428479,0.0873377476131252,1.44247675681008,0.196199225865228,2.46006677470465,1.42987357173388,0.370054092267964,0.0738679872295169,0.00223911735303461,0.102812322816851,0.112971633471962,0.0814622526566563,0.0225145073238667,0.0109362311718931,0.0189848210482339,0.00408602059985497,0.0134438883610167,0.00984443365165524,0.0120984220212302,0.0110879471633497,0.0042562853479624,0.00498434814374567,0.00986036297367138,0.00044650052319347,0.0109923258448394
3.94711536653613,0.235623411991693,2.93093083737131,0,2.65298619385518,3.83847938329893,1.58881140881869,0.247831717957892,0.0451082935231651,0.0317654684149226,0.0652722518096706,0.0378815168627087,0.0175772137247587,0.0515260745380473,0.0339260424796333,0.00309048103366186,0.239782997168904,0.0111026067676737,0.0253328715117195,0.0200712671536929,0.0108551127203377,0.00489520275491431,0.0163214061187805,0.00722774883145157,0.0106353231298081,0.208175449270973,0.0388231556167591,0.185400042786649,0.223535658023511,0.031434571514407,0.00529476633012464,0,0.208239642707637,0.26856709731934,0.0622212453872227,0.0233589938609748,0.167589681898001,0.0370102228910696,0.00844024728848808,0.0107108258233267,0.548066258999845,0.137197795234319,0.0290804087019346,0.034805692870229,0.011339424866659,0.0127954128155575,0.00136661064138144,0.00758561400339862,0.0307974042485926,0.0108638325092555,0.0324888591855831,0.00401308438918362,0.00432979048421016,0.00159569097167116,0.0129343544008994,0.00694912804845051,0.000406647034735003,0.00366086111161701,0.000247396625327259,0.00118385390774295,0.00261825054895026,0.00231304287859868,0.000512108943889054,0,0.009435741546896,0.00368015078030465,0.00354187902652302,0.00121273995946868,0.00248522273813334,0.000523671268032962,0.00342230737211849,0.00181169773823862,0.00547593961159555,0.0252087057007777,0.0290281608163469,0.0419592067228742,0.0410458167254459,0.0132683350705507,0.00521685775072273,0,0.0168767009111254,0.0134017859053321,0.0120558342731323,0.0044708460141723,0.000725461805402838,0.00498587206664318,0.00244964673441952,0.00479128903964091,0,0.00121035968281371,0.00223811636999392,0,0.000517391157646659,0.00419586809469605,0.000501660851832397,0.00722507293031618
2.61375219430321,0.202713869748991,0.0685269103204652,2.65298619385518,0,5.80501860252522,0.103634380223817,0.636443893061973,0.0378943724784602,0.0192534564227975,0.0459768673450239,0.0152447313316147,0.0139739368539094,0.0257524072386645,0.00999641727540292,0.00451621925962861,0.034550837675436,0.0022996508834007,0.0157495677973453,0.0178856677470822,0.00507139184261238,0.00118991663524786,0.00136180014268932,0,0.00264677163752339,0.0139716999998686,0.0417057159302873,0.0409040448136443,0.0232521050873187,0.00382377591649908,0.00112776894836321,0,1.18403903469969,0.107760207358197,0.0314666627976592,0.00345744643756833,0.0469678289374225,0.0137462396442294,0.00372900131339546,0.00429390418041613,2.713781565244,0.165873422330783,0.0221553245614284,0.0155841637419219,0.00768781894766582,0.00673113874969275,0,0.00083170100202682,0.0188561343268145,0.00955730184424875,0.0185561455259364,0.00552991762820216,0.00324245888764024,0.00864387748193529,0.00373157685329523,0.00181828062256528,0,0,0,0,0,0.00107002942243167,0,0,0.000531845889372167,0.00106997693205671,0,0.00136852153724999,0,0.00200015374119734,0.00046423304280592,0.00107895492340013,0,0.00436513534764676,0.0181079215227885,0.0177888598312328,0.0199030900038558,0.00745416076999985,0.00110454401959645,0,0.00881577166830759,0.0171052001795439,0.00192229135555459,0.000456215075086697,0,0.00167264705329961,0,0,0.00637226144338539,0.00136058885954404,0,0,0,0.000780451852950732,0,0.00277430546900981
0.45602447573628,0.146548685725831,0.0628420112630884,3.83847938329893,5.80501860252522,0,1.00845583764167,0.483213670839849,0.0668177174713916,0.0369512270070686,0.0836527026499196,0.0186726900986466,0.0123422879917789,0.0232555661509761,0.0198196252751127,0.0016675750647507,0.120516375506597,0.00546062423413556,0.0231096871647175,0.0124201018551917,0.00576297352736377,0.00106252689118832,0.00358172612064469,0,0.0012718743009632,0.0109810339083474,0.0220268661211514,0.0213883878862558,0.0254282798580925,0.00308563722290469,0.000937455600990652,0.00115233208749504,0.291913748091948,0.0736986232987068,0.00913941687472312,0.00162685597134909,0.0783005137437909,0.0118674129141054,0.00328047531032499,0.0024313533737397,2.85047496498998,0.150018971272043,0.0128477198758458,0.023142810290605,0.0050008912620264,0.0120853245412599,0,0.00229733394911884,0.00548360233548999,0.00411246878089896,0.00696636819098511,0.00168053027313907,0,0,0.00147020806960619,0.00335202507372324,0.00189219956880965,0,0,0,0,0,0.00205748382670422,0,0.000319384365770113,0.00090805031094892,0.0026093545942185,0,0,0.000380939418356929,0,0.00127527780018077,0,0.00335481396148296,0.0104970175646594,0.0049929318107742,0.00748016025570427,0.00133915116248979,0.000559094196811216,0,0.000866633043190429,0.00754556210954653,0.00343309197830503,0.00117923221523028,0,0,0,0.00104550182436628,0.00221455788470627,0.00298227883709234,0.00185684524965486,0,0,0,0,0.00104581515700447
0.120073655219118,0.212427024649542,2.04622360003182,1.58881140881869,0.103634380223817,1.00845583764167,0,0.148593604709351,0.191218566316438,0.163788332404268,0.109263906959725,0.139910807199809,0.0721265904425243,0.0533958715785307,0.0964690987229465,0.0187386247989181,7.88812743100765,1.19543455241127,0.348750938273658,0.343454164649584,0.154254633579973,0.217394678085081,0.0147800651680442,0.015161224657205,0.0437991228900519,2.91205303819708,0.0587321372331296,0.292610596375581,1.2502324172693,2.69352566062823,0.815340981019637,0.0304381834029356,0.076591140992113,0.126881815158845,0.129681857055847,0.0543581786421267,0.0728063070691919,0.0797510497381149,0.0243632650416769,0.00864383288858427,0.0637235888355669,0.54650875670964,0.153889122501933,0.138189954020272,0.0772353283066581,0.077022888689212,0.00563139666513797,0.0135828890967828,0.0453771014778173,0.0234245057310938,0.272101723617837,0.00917020522712009,0.00189105404863886,0.00605867845767861,1.35956748960453,0.0128988494699155,0.000704804175326182,0.0200996903318928,0.00402362680507535,0.023178132814051,0.0341219703110445,0.00612130324364835,0.0227151086314767,0.00689405544905662,0.302243848136215,0.0594613826324034,0.019524049076735,0.0109670472591305,0.0263142650840667,0.075391579911679,0.00945857626001866,0.0171719157274794,0.0289475801656685,0.728130370839099,0.0541091621958257,0.104481201729817,0.597146219596278,1.11064055196747,0.390377181155949,0.0173216773103101,0.0389260966212098,0.0464676151395778,0.0757127585052714,0.026282984047756,0.00411338378857793,0.0306175479215787,0.00688560497648553,0.00480944279823694,0.00126274508089385,0.00622659999016741,0.0159883673249748,0.00524689656132424,0.00428651840958354,0.0178145728696564,0.000356935419187063,0.006099118601798
0.70134733695306,1.92590218022635,0.17453717128438,0.247831717957892,0.636443893061973,0.483213670839849,0.148593604709351,0,1.93920266657069,0.356007141104173,3.91863754414959,0.551157293803637,0.0350782389106545,3.27704621576473,0.587857763682836,0.0110050164358667,0.117906312096582,0.0212871794884188,0.0281119644670471,0.0356847997573047,0.0239146644355729,0.0182632613452779,0.0238471924671803,0.0173833234680271,0.0755526946710147,0.0595476332576958,0.328330819750305,0.144260819122195,0.0944865896444404,0.0357499666003169,0.0151128465190063,0.00291588998432722,1.41036910535876,1.21689943467804,0.159159604611138,0.0359143560031155,1.88180794849062,0.391392952607706,0.0151321536440763,0.0256464995504359,0.29529923690412,0.558916480382629,0.058450680564901,2.5113261311561,0.215994536944367,0.0972860128543143,0.00104196594221256,0.0185604507503409,0.162648960345184,0.0284385534832377,0.0873782720157765,0.0169070544947548,0.0144066895107636,0.00894376239448325,0.0268418873572059,0.0558093162455545,0.00130298171172507,0.00451512607072109,0.0064593277566358,0.00315535278466094,0.0084649764511402,0.00488653892135571,0.00555284778078793,0.00150556736625554,0.020560142934921,0.0129541897715061,0.0079819866259995,0.00536535010455377,0.00626257065581388,0.0122818155519333,0.00505177445635828,0.00234618666433018,0.0469602626075221,0.021128482351737,0.250935380102651,0.104202520514195,0.0536061794630617,0.0348419020636759,0.0139663040139343,0.000477779834106892,0.157791519589085,0.107645281748648,0.0609488383390981,0.0155920331107512,0.0204008411235566,0.0223475503454598,0.0024328484336223,0.01451573604737,0.00215161934816837,0.0109088699934748,0.00672695090157138,0.0028739033646978,0.000396029988229154,0.0146251075294571,0.000571384801661742,0.00569058761704952
0.0212410437640972,2.30686498453986,0.0341163022069259,0.0451082935231651,0.0378943724784602,0.0668177174713916,0.191218566316438,1.93920266657069,0,2.23449790698713,9.25288169269049,2.25028596965089,0.00579881331266074,3.3272078539775,1.16586551335907,0.00468957730347533,0.231215393458444,0.00745652015639725,0.0206689167114625,0.0156847691043547,0.00671300187924831,0.00355953864183883,0.00422001847580591,0,0.00559842313837336,0.0290490536020941,0.0324412306614787,0.00535727003415463,0.00883859745320558,0.0113646969391796,0.00421143104274677,0,0.0314169216555258,0.136381049689959,0.0217492133806129,0.00144330275323369,0.433665331591848,0.499553548811057,0.00490571588262705,0.00169483800994035,0.0354636784751302,2.59154689234967,0.0274486164496709,7.84251434732935,1.77463899162138,0.656455715332428,0,0.00174412729894639,0.00300691101648567,0.00596982799471172,0.00415674590611446,0.00145087869697236,0.00109515106112092,0.000654818495125789,0.0121199812322366,0,0,0.0143005475672711,0.00287368698518714,0.00150558350291124,0.00551765436981172,0.00207734781533775,0.00887636028033364,0,0.00285844410276517,0.00544353883777188,0.00627769044564186,0,0.0028463155893559,0.00134146558404932,0.00131835434750854,0,0,0.00337689209989661,0.0114215279822348,0.0119277847115882,0.00737825137641261,0.0121427572844882,0.00540643077016418,0,0.0100804463395178,0.00504767829215887,0.00834534500059131,0.00250829570977555,0.00410754069099707,0.00230326703729124,0,0,0,0.00191678460504166,0.00277442412741358,0.00129501463300671,0,0.00601492100586146,0,0.000653997139061752
0.0169809783116341,0.821284759045081,0.0251909332776492,0.0317654684149226,0.0192534564227975,0.0369512270070686,0.163788332404268,0.356007141104173,2.23449790698713,0,1.34441013364912,4.5226567154081,0.352797182930309,0.387581061133472,1.26187373214835,0.0612287137855073,0.636884095703298,0.122158206841993,1.16689649238309,1.24684830941821,0.15981612507925,0.0380933155526869,0.0177482564260048,0.000844670185393803,0.00412493586318988,0.0358842979395898,0.0180833472720507,0.00507506058050715,0.0223323344076902,0.0602994423545942,0.0493277037454536,0.0106516004752691,0.040571331631142,0.119733818940443,0.404265444964,0.160769969069738,0.143715955168738,0.264959118757372,0.042751457126005,0.00604223479132941,0.0205638889425261,1.86561944122038,1.0025136601645,1.81320378604616,0.776279267795698,2.59966307338928,0.0173271259609744,0.00313009101669028,0.00442247448316842,0.00654395898698201,0.0145257429496094,0.000913299736652946,0.001951848281664,0.00265291148432376,0.0201487533063095,0.00498184300925961,0,0.0179659421359575,0.00252776180800494,0.010598546892546,0.0295743854598579,0.0028180260023886,0.0108588546640272,0.00546848915523895,0.0199269928107068,0.0338691595999609,0.0144758077657032,0.0075686494212256,0.0303796472440731,0.0288155622584145,0.00661148803574449,0.0098496052164153,0.00278680401621963,0.00471014192558392,0.00674323483839251,0.00213814293969329,0.0140818872871763,0.0606832247357052,0.0306027462466387,0.00194843817574053,0.0108176438119965,0.0127526748757655,0.0423043729085026,0.00429670995010317,0.00115759615512245,0.0112189558205422,0.00430574463146406,0.00170638046950457,0.00236655781088363,0.00462534897941042,0.0118675347417255,0.000987442398605133,0,0.00743906498824357,0.00276414217201065,0.00374079764291492
0.0409492391411592,2.06769069722496,0.0427589117092194,0.0652722518096706,0.0459768673450239,0.0836527026499196,0.109263906959725,3.91863754414959,9.25288169269049,1.34441013364912,0,2.3147840036232,0.0172963849208553,6.11304687383206,2.06378048967377,0.0100518540033406,0.121769152959543,0.0195237573097415,0.0288908238834588,0.013874675606631,0.0124867595800447,0.00759667007622401,0.00209971080149305,0.001978929934169,0.00478803336696138,0.0197073666803729,0.0221091460632002,0.010525290030841,0.0288093810549422,0.0266310377712285,0.0066848292699847,0.00188617170562355,0.0792209461060544,0.195622260967905,0.0290379368051999,0.00329154742948745,0.918444725320315,0.760191498480866,0.00542416878812312,0.00357951829136675,0.0491225466003961,1.48401620869078,0.0450706950353667,5.64989592858577,0.9975446500245,0.379790545778286,0,0.00544613590763715,0.0095019998560322,0.00793774505357939,0.00601339880225405,0,0.0048255492961599,0.00643806685256301,0.0090142827321063,0.00286426202822257,0,0.0112392833892348,0.00128182067682911,0.0026698243656488,0.00182591730796181,0,0.00774160452879166,0.00126659567657469,0.00502049319828263,0.008262933117315,0.0010601819612906,0.000772526456660066,0.00602187649551125,0.00275040294460064,0,0.00202675307925626,0.00467951761547994,0.00649156745756205,0.0301841717537589,0.0130678630387945,0.016053484633354,0.0279349616679133,0.00588498017024125,0,0.00723263989531452,0.015297171973864,0.0124334645899716,0.000516769085464906,0.0075507237919657,0.00619627025907009,0,0,0,0.00232660228754997,0.00761511149875832,0.00158660119477133,0,0.00930144083549039,0.00364139169030536,0.00305313130029632
0.0241809481574392,1.03669598900091,0.0636535286218152,0.0378815168627087,0.0152447313316147,0.0186726900986466,0.139910807199809,0.551157293803637,2.25028596965089,4.5226567154081,2.3147840036232,0,0.697418173750996,1.10827810403472,6.13818587336906,0.18819989471384,0.294785713890012,0.100728007227355,0.243389984604031,0.422551073706951,0.129314840209089,0.0629801577475321,0.0298058585287479,0.019505112559714,0.00598843772671304,0.0412927769793821,0.037991077057829,0.0127517929303159,0.0303135391885639,0.0924455651676539,0.0688644991666131,0.0141132504105116,0.0582406557642274,0.124029199225279,0.332944504428004,0.101510672231255,0.178814330131353,0.614147840757161,0.0699813069322481,0.0055783552374893,0.0253290307490009,1.11379868710664,0.228939007891888,1.77276644695625,0.609222307533811,1.31139377801339,0.00886309251582699,0.0134947905916252,0.011611927661392,0.00582576414072805,0.0140679993681449,0.00462368016802068,0.00422605155334847,0,0.0278921927846129,0.0107852737216839,0.00392075417843774,0.0127998399351185,0.00467050056546748,0.00610271962713661,0.0287257461482006,0.00209695585889096,0.016402377971005,0.00377155453574774,0.0381797633199756,0.0224771383178826,0.0127186405372751,0.0103831945266052,0.0227495862668606,0.0352991735422305,0.00432406813947085,0.00684506755914685,0.00317546757633232,0.0127971995647878,0.00506335416318004,0.00854642397840961,0.015003799182491,0.0696312451913533,0.0339064057623246,0.00346279345152982,0.0188944493017389,0.0336921509440788,0.0412514466535136,0.00762518685164121,0.00438680282227331,0.0175363878371174,0.000515929216646786,0.00397352638282687,0,0.0025911406713247,0.00379700542151636,0.00186619990132107,0.000652731567058806,0.0105837376683496,0,0.00782894251472054
0.0147157953669014,0.163319797921919,0.0133349261275859,0.0175772137247587,0.0139739368539094,0.0123422879917789,0.0721265904425243,0.0350782389106545,0.00579881331266074,0.352797182930309,0.0172963849208553,0.697418173750996,0,0.0221319419966741,0.39814124784554,2.29088337903251,0.201032346759183,0.607863137916296,0.178832290613408,2.59767767947986,3.14975894331835,0.864668121004587,2.14561927315833,0.307637286281672,0.00525090004053223,0.0123554871567481,0.0207220624566928,0.00253259173793874,0.0200463546346753,0.968626394878142,1.08795851715196,0.200433320865992,0.02642560995582,0.0625820298564755,0.740471490495239,0.545796258916385,0.0568181375461027,0.308646287554201,0.823597378686934,0.0950113432723821,0.0131009610578167,0.0676782295612395,0.250185749601402,0.0229025462577336,0.110416879462186,0.352669765233087,0.243755531714689,0.206975524398116,0.00283628081136736,0.0108040589959529,0.00251518303876916,0.00122483162754722,0,0.00321256951235493,0.0155962716276842,0.00231926536666089,0,0.00862084192854988,0,0.0143591431107913,0.0337714870271023,0.00080001638667701,0.0117096746737603,0.00677529103122965,0.0372235834407447,0.0862626353499408,0.0075842043951609,0.0183000049391925,0.053592046452853,0.0958769750415712,0.0107917232229586,0.0419343997431669,0.00333600820554698,0.00453716887867099,0.0111294770304416,0.00413970038872238,0.00629810999538789,0.162997832255842,0.168563831010431,0.0312142605985396,0.00420702080860341,0.0110198176637022,0.044725036800979,0.037762236710137,0.00956628449275188,0.0229073127088093,0.0171374153081912,0.0141574360991336,0,0,0.00555638915654663,0.000585428982369421,0.00142557418981698,0.00463134496848185,0.01750881929324,0.0213760347211191
0.062081299480708,1.04471371772315,0.0399605144180759,0.0515260745380473,0.0257524072386645,0.0232555661509761,0.0533958715785307,3.27704621576473,3.3272078539775,0.387581061133472,6.11304687383206,1.10827810403472,0.0221319419966741,0,2.35959563523413,0.0119699195000945,0.0501969570111837,0.0452147847940177,0.0142136776415977,0.0312547470862345,0.0223991029012151,0.0168584555434588,0.00772270273988259,0.00348043728462599,0.0121074372389529,0.0200925266379597,0.0525086307771992,0.0322829288729339,0.0257523024151864,0.0320031179424737,0.0143676498949063,0,0.1131459414217,0.213451426976589,0.0318526376356104,0.00668804327663393,0.944464426391723,0.993834432089149,0.0119604911518659,0.00189531723830347,0.0722898686396634,0.501253491485224,0.0492665217543046,2.29933589874158,0.345466494453996,0.129664188629941,0.00291819399237372,0.0055801461156647,0.0214312760265671,0.00350038972704482,0.0141227038647667,0.00094856752967,0.00298920481487923,0.00216039831585824,0.00872121087489252,0.00962981833438126,0,0.0138482001095152,0,0.00262217922668928,0.018072561681561,0.00507851389801105,0.00716987563889984,0.00500842058178089,0.0091157734011785,0.0110757396529228,0.00393748863166964,0.00587745326010375,0.0143908276146428,0.00816552160131376,0.00343280904286086,0,0.0142608730934433,0.0102130294168568,0.0654487302576046,0.0122727903647423,0.0112335720347064,0.0424531771948788,0.0117273379493264,0.00192861036787687,0.0213027278324749,0.0205673161858851,0.0198259963157534,0.00486398921764896,0,0.0165899156740778,0.00600881160146904,0.000818088581470477,0,0,0.00262294158494969,0.00348191869503306,0,0.00253917226546205,0,0.000975702715252078
0.0198290213779459,0.75442226543478,0.0436117232117465,0.0339260424796333,0.00999641727540292,0.0198196252751127,0.0964690987229465,0.587857763682836,1.16586551335907,1.26187373214835,2.06378048967377,6.13818587336906,0.39814124784554,2.35959563523413,0,0.186990334748993,0.156200937703227,0.144440566257088,0.041714526007408,0.121747145481851,0.114434696483669,0.123931154987768,0.087020226584174,0.112078257637435,0.0129612817845871,0.050295250661371,0.0532581256150677,0.0157894362727879,0.049798258528295,0.194693100980434,0.12284570966112,0.0494154099775906,0.102197410604815,0.189256803432408,0.784102060882575,0.248534227416051,0.322936849101402,1.11961439014623,0.503383671338894,0.0323224451125711,0.0203839139706943,0.357989057610179,0.127787064008009,0.958664451835451,0.325991252217079,0.370067264390904,0.0303125733063435,0.0702087140327025,0.0104155934049405,0.013045775427873,0.0111492848218516,0.00543094478316492,0.0030804105361808,0,0.0354771299227039,0.0162886730662851,0.0042874175249813,0.023160558467599,0.00495445187586319,0.0174231495972339,0.0346561274286025,0.00456752393347593,0.0298215061300572,0.00412075713016293,0.0365809188628299,0.0697739985132307,0.0146307260186339,0.0174851706066065,0.0261905559720259,0.060105657428592,0.0129572326701139,0.0152302094077175,0.00955724885218999,0.0119560691497066,0.0406093907413027,0.0103583741199837,0.0309377173636034,0.112004506762922,0.0755714832758853,0.0112856681159968,0.027561880678573,0.0380789362395669,0.0784122935646469,0.0221494210237035,0.00709653715115994,0.0407925200461958,0.0171184653666251,0.00244317808593988,0.000844679830336752,0.0055134785866004,0.00962660621461583,0.00433729297173401,0.00846071142075598,0.0235377789156088,0.00648021587046957,0.0107515905139637
0.00693010645808332,0.067686200106037,0.00372519149067062,0.00309048103366186,0.00451621925962861,0.0016675750647507,0.0187386247989181,0.0110050164358667,0.00468957730347533,0.0612287137855073,0.0100518540033406,0.18819989471384,2.29088337903251,0.0119699195000945,0.186990334748993,0,0.0437448965432773,0.0945810591169512,0.0260549548536934,0.153461415025321,0.258764503265646,0.534177929855041,4.48751995455178,0.822872193067863,0.00268109248586938,0.0038127909428466,0.0140174171510225,0.00278834597259867,0.00285683227416431,0.274190506202413,0.275428660347935,0.155310241472401,0.0112221869321354,0.0408794008770703,0.477324971779929,0.83442156338957,0.0330328967807067,0.49503195472968,3.95255089455348,0.645438180984489,0.00106468338387854,0.015580154669053,0.025046907727269,0.00699404279965985,0.0372649112256956,0.12700924067872,0.136127318133992,0.481374497368928,0.000182767726602759,0.00410969347151735,0.00280133561234325,0,0,0.000634650934678765,0.00636534827497305,0.00110595542844801,0.00121917944116331,0.00336044066672422,0.0015124453782853,0.00462394442118087,0.0154261361824047,0,0.0120783646986178,0.00865669618068138,0.0190576071091433,0.0221456088405037,0.000616928805680879,0.00576048993840356,0.0235324677190599,0.0432683096814558,0.0315649753870263,0.060503167266109,0.00115141413686373,0.0025882561141653,0.00338107275989766,0.0029192036966394,0.010511867800268,0.0793090790126974,0.0845703457907605,0.030499980158771,0.00187283495726824,0.013084947964486,0.0453723193993089,0.0549076509822648,0.0039707979021642,0.013420873258871,0.0310789907348538,0.020006273735288,0,0.00138152203482404,0.000971801609706127,0,0,0.00273764964126233,0.0290303922600405,0.0297409209661369
0.0536710754168109,0.199142674831085,0.339191815106361,0.239782997168904,0.034550837675436,0.120516375506597,7.88812743100765,0.117906312096582,0.231215393458444,0.636884095703298,0.121769152959543,0.294785713890012,0.201032346759183,0.0501969570111837,0.156200937703227,0.0437448965432773,0,6.41541950795218,2.4542196198571,2.04278175863397,0.794983598526134,0.823648294805727,0.0307299025162123,0.0436902555553777,0.0246618550670864,0.578383332316574,0.0292620965436913,0.0745746512020491,0.327375595384892,1.59822715140427,1.84714818119926,0.0899711634616772,0.0544574003350741,0.108667924424733,0.179290502601478,0.106915883896089,0.0784971566237812,0.133430558466616,0.0660322892469789,0.00795592229083184,0.0327605677544937,0.697911805052126,0.717836290621739,0.184304736074076,0.103323265587433,0.447774749062015,0.0304697072499191,0.0343654588022949,0.0192827824795664,0.0130041876264931,0.0601127910683854,0.00288593275096184,0.000446981163655952,0.00265105822873104,0.627372090736588,0.0114222910364062,0,0.0198843436390438,0.00418560516584691,0.0265754270121159,0.0564591512592456,0.00557219118725574,0.0236733081695843,0.0102198027510764,0.464506678972107,0.14224024585545,0.0189268202355441,0.0244650171021174,0.0591211390620574,0.16925799856871,0.00959560361063216,0.0228272736493134,0.0186148802149703,0.221840059491131,0.0361186642474831,0.0412653904308151,0.208937807832362,0.839360661314457,0.656837001507435,0.0379828205093103,0.021072332408607,0.0377207794405429,0.0948072322891597,0.0303055502775952,0.00621471550297375,0.0362907123125404,0.0139826992218931,0.00462438131269757,0.00219347035354228,0.00601456824489092,0.0237576638953484,0.00423968696553926,0.00393959354154839,0.0164692769056348,0.00600427212276697,0.0139474976176379
0.00624236799575959,0.0701150002905195,0.0482675890062403,0.0111026067676737,0.0022996508834007,0.00546062423413556,1.19543455241127,0.0212871794884188,0.00745652015639725,0.122158206841993,0.0195237573097415,0.100728007227355,0.607863137916296,0.0452147847940177,0.144440566257088,0.0945810591169512,6.41541950795218,0,0.348720806615797,2.86822658442924,3.38335681741128,3.66966156600903,0.0820976480012092,0.179968409818629,0.00829997493895123,0.157230400269395,0.00962272031367145,0.0187663443439109,0.102835460954513,2.04467358785607,4.02436785220215,0.378994566161637,0.0149004848999075,0.0769454754960519,0.338297429436346,0.371651038053007,0.0567755794960326,0.177647115391879,0.181290284108909,0.021430447118251,0.00335218991081003,0.0313273892042,0.161802187967673,0.0152139125317917,0.01734634319628,0.133456218010334,0.19606101758615,0.107696209284958,0.005334021460925,0.00403949911968796,0.0160280329499229,0.00104167471558912,0.00110567334175062,0.0017069933096478,0.116895873292683,0.00398989609991169,0,0.0166006372147535,0.00587768886355571,0.0239909262123659,0.0684590396956125,0.00115728824600882,0.0209721204506173,0.0123226650709728,0.187924178703733,0.258258401998449,0.0132518727440423,0.0280630886964028,0.0699680674405518,0.29545336809722,0.0164401867545045,0.0637367808111509,0.00427915017875246,0.0544748977311148,0.0164556595715023,0.0120005383325664,0.072588619348754,0.696834562852481,0.922819310059852,0.132813983570982,0.00933758806539869,0.0230098655491948,0.0975633481019599,0.0477716769282893,0.00710207500823916,0.0406020287103859,0.0248460942625044,0.00546893504015785,0.00195832519270767,0.00505756970986837,0.0180286029162348,0.0062166487046114,0.00439239928219594,0.0147943121634003,0.0209607504635931,0.0237736614345968
0.0122984647968175,0.0550747098027324,0.0174529608898313,0.0253328715117195,0.0157495677973453,0.0231096871647175,0.348750938273658,0.0281119644670471,0.0206689167114625,1.16689649238309,0.0288908238834588,0.243389984604031,0.178832290613408,0.0142136776415977,0.041714526007408,0.0260549548536934,2.4542196198571,0.348720806615797,0,2.23592321965119,0.162158762284604,0.0323200627915563,0.011481359517707,0,0,0.00443895197347824,0.00905233508913281,0.00558768112180338,0.0018969478186613,0.0324943399338497,0.031962586511454,0.00359156727573119,0.0256723262676426,0.0445632192534601,0.0413761559303524,0.0112503318035462,0.0213228832644548,0.0287626931356527,0.0059080146432236,0.00131074857437752,0.0384384544737071,0.304845826386301,3.42225522686255,0.0200513094794212,0.0485216390080655,1.31668454591392,0.00218347805885921,0.00242170404405579,0.00122119939236809,0.0029716931548453,0.000905570854808167,0.000296406610292923,0,0,0.00419360762154571,0.00066471586382677,0,0.00293236279780562,0.00168832520919004,0.00254318434099255,0.00172434038369561,0,0.001523488129649,0.000869108005446026,0.00366412375196534,0.00798439102423279,0,0.00474677308589295,0.00660916702673188,0.00690965500987589,0.000550236931541791,0.00388794411153504,0.000887541523215934,0.0023725578426062,0.00955114432616061,0.00450657776990453,0.00257750208910946,0.0247680417338078,0.0105645113056781,0.00259672522369481,0.000521686384201143,0.0104797548998913,0.00895327257268103,0.00234097716106555,0.000810560926750047,0.0015055726316948,0,0,0.00186869041665033,0,0,0,0,0.00427363442649276,0,0.00153074781209084
0.0168728079298929,0.106492590034059,0.0222735521174175,0.0200712671536929,0.0178856677470822,0.0124201018551917,0.343454164649584,0.0356847997573047,0.0156847691043547,1.24684830941821,0.013874675606631,0.422551073706951,2.59767767947986,0.0312547470862345,0.121747145481851,0.153461415025321,2.04278175863397,2.86822658442924,2.23592321965119,0,5.63487267854075,0.888933157975193,0.0854600453186644,0.0511592308480044,0,0.0197043197905777,0.0160564828456245,0.00863497779508852,0.0213305238241964,0.674222244500157,0.893547176232734,0.0740085305860524,0.02621595352691,0.0479025833906209,0.274734291571816,0.27836014757828,0.0386856893715191,0.143010357599915,0.21627809583036,0.0127970609016339,0.0197636842827771,0.0921553746448907,1.77723750342472,0.0134492400994264,0.0479028661919365,1.11916502752823,0.115978252366177,0.0445240000763549,0.00331966810503902,0.00470121541202866,0.00455035822839185,0.00175112296847886,0.00118483168030083,0.00118237514951205,0.0202664627940404,0.00185962464220713,0,0.00441010831548986,0.000414142715058456,0.00851937308156683,0.0129930150809982,0.00356652010773116,0.0113982341037099,0.00771195926788146,0.0299112240049608,0.0691110029452709,0.00263296076217273,0.0082381803424672,0.0196346281504502,0.0933114682937397,0.0104725678872706,0.0143479397727682,0.00106878085953364,0.00228144067357122,0.00102497684295422,0.00363739104955363,0.0130057394665071,0.191414079979663,0.134571228076015,0.0123428566056682,0.00484493040088874,0.00352829480382743,0.0372042688537689,0.018887405948137,0.00199374382837868,0.012874248559289,0.00852086215676708,0.00907064203485995,0,0.00166733312639049,0.00558001028416691,0.000682891865816559,0,0.0111117965460022,0.00207950654070334,0.00976132161419351
0.0101791519184973,0.0553297370618931,0.0105467582419171,0.0108551127203377,0.00507139184261238,0.00576297352736377,0.154254633579973,0.0239146644355729,0.00671300187924831,0.15981612507925,0.0124867595800447,0.129314840209089,3.14975894331835,0.0223991029012151,0.114434696483669,0.258764503265646,0.794983598526134,3.38335681741128,0.162158762284604,5.63487267854075,0,2.87799846598862,0.294166635070109,0.107780669872067,0.00251373644456244,0.0226189041404842,0.00155262904100853,0.00628634193040711,0.0203615583736908,1.07839496944382,1.50939737947696,0.139056670776093,0.0183154209642676,0.048026638152392,0.197396979834933,0.404476243794316,0.0605567612860681,0.145485364771107,0.205190392399388,0.0178689476984196,0.0065321900836076,0.0421463817863285,0.22652573966054,0.0152484677629507,0.00930548373864798,0.100374969697839,0.269022992060796,0.0904830395537874,0.00185710892816269,0.00144606200712272,0.00364399583479579,0.00218289377810981,0,0,0.0190994311913129,0.00205624162314984,0.000513162775001866,0.00200391394389959,0.000750780968810982,0.00605205476560607,0.0217366469360284,0.00464926329246234,0.0121875511017488,0.0119176120876165,0.0309178387406659,0.0683175113883469,0.00578739432933266,0.00884366656982684,0.02719074999056,0.115860537841518,0.0170637458561597,0.0216525692040158,0.0027568472961681,0.00352429191117597,0.00728176636745415,0.00154115780165731,0.0131817058278973,0.185816407556025,0.164353300694738,0.0336424002675617,0.00519195502476015,0.0121662839677688,0.0369037522146155,0.027600758327771,0.00387414448831291,0.0128551857845769,0.00661934438715606,0.00373315462135369,0,0.00114627904622915,0.00352341817055565,0.00195871306359038,0.00266956117372719,0.00650023078158259,0.00246303338901877,0.0211727109272033
0.0053193521556813,0.0363630362717812,0.0193808229179022,0.00489520275491431,0.00118991663524786,0.00106252689118832,0.217394678085081,0.0182632613452779,0.00355953864183883,0.0380933155526869,0.00759667007622401,0.0629801577475321,0.864668121004587,0.0168584555434588,0.123931154987768,0.534177929855041,0.823648294805727,3.66966156600903,0.0323200627915563,0.888933157975193,2.87799846598862,0,3.33608830370367,2.88857846379991,0.00236770623547742,0.0432467510648337,0.00717107888263636,0.00926437853275843,0.0402534673950137,1.28613800192631,6.66194292555172,3.2207351523897,0.012304146644052,0.042516772621195,0.209078384531277,0.961972993225572,0.0390986442048276,0.181849642058873,0.794594379475879,0.632698121743823,0.000706554782583413,0.00975177339966012,0.0592729814469611,0.00950140821492011,0.0117955660016558,0.0784340690417093,0.526813891202998,4.57741350788343,0.00434245370964776,0.00433090359492865,0.00592080528098163,0.000485662510634833,0.000324517938884387,0.000661291686361545,0.0664942625784126,0.00500119578484723,0.000222106385097688,0.00576764994266619,0.000511842670505502,0.0137695463037883,0.0331793342961166,0.00133902461058621,0.0129986370776211,0.018569655432029,0.127103140099819,0.216861433593761,0.0096714044980472,0.0135070442033956,0.0714248313784867,0.644275564353562,0.0609093570057338,0.212849545110046,0.00126345047940585,0.0190551496169327,0.00510304877653714,0.00390409516127859,0.0250353191591138,0.480406477256571,1.49855138406433,0.334313705600572,0.00546384624991864,0.0199553681790451,0.0668699581878729,0.112039866020548,0.00399485789095828,0.0338467271184064,0.0267407383813675,0.0413567857060008,0.000714659951355227,0.000751680468122195,0.0085663610738158,0.00152852450490035,0.00117264792724891,0.00955852475594119,0.053442938202344,0.204812289777747
0.0219419455920495,0.024254219804863,0.0232930789488217,0.0163214061187805,0.00136180014268932,0.00358172612064469,0.0147800651680442,0.0238471924671803,0.00422001847580591,0.0177482564260048,0.00209971080149305,0.0298058585287479,2.14561927315833,0.00772270273988259,0.087020226584174,4.48751995455178,0.0307299025162123,0.0820976480012092,0.011481359517707,0.0854600453186644,0.294166635070109,3.33608830370367,0,4.5803270122426,0.00301977815639111,0.00817162562912869,0.014945665516912,0.0141036732378922,0.0124538807520622,0.131264259530545,0.439456435739799,0.64435696577338,0.0239721668247294,0.126535200391253,0.151519131240646,2.20788305965826,0.0284942093595809,0.352387314173611,4.25097942830858,4.32845245495256,0.0039373987795347,0.00825025076547693,0.0200526179369267,0.00209698617066224,0.00547410827638231,0.0121238623476793,0.454505837930235,7.63106196725708,0.0114950961629572,0.00810440250735416,0.0111501935083647,0.00640484749229016,0.00448184013883586,0.00421255261833692,0.00703499653598429,0.00628431022609843,0,0.00361693813648855,0.000362402868488411,0.00230615266701477,0.00696683791727545,0.000533281581499012,0.00184097364849824,0.00515122118061509,0.00342459646254134,0.010412693379725,0,0.00420879032014705,0.012149509422035,0.0419339283717953,0.135339353903446,0.351796956108829,0.00140580664516499,0.00620748584813932,0.00860145740896791,0.0130444820650238,0.00831509175983302,0.0514554158505671,0.0610489026719237,0.0297176885637246,0.013591022276398,0.0461400050479256,0.0336117978961855,0.351663567426614,0.00266946197012487,0.0163089925367355,0.063638422879007,0.198669285434581,0.00154583672283021,0.00143927166001277,0,0.00169329182130799,0,0.00322182245580244,0.0906229698160728,0.301215285837528
