0,0.54983002442295,2.14042098408155,1.8970030397446,1.0618776524279,0.433537841545959,0.21768013822128,0.710781209465015,0.0244753483114922,0.0225924434180749,0.0460335515420197,0.0584415441857895,0.0137177841532387,0.0486462625675745,0.0471451534111556,0.0061179111836752,0.0576712197963066,0.0142738700714099,0.0258448067767094,0.0271279955613601,0.0168310134167667,0.0128856310934653,0.00679536848916743,0.0069286199587073,1.02736971348179,0.113337103477379,0.822211603286293,2.01678260041895,1.15309888531123,0.0664335156762774,0.0236878027220654,0.0011938485201776,1.70217769871267,0.520712170847386,0.0566468820953233,0.0180026775026768,0.0500749384629676,0.0624490881408755,0.0113538307923599,0.00201061757218575,0.445897918178732,0.0923696052070241,0.0225638343843197,0.0556738510918572,0.0116984733494089,0.0172382466345109,0,0.00243384591734215,2.44893209510043,0.0937585046733135,0.750837464307333,0.0530079122744818,0.0270578918190972,0.0129348498873155,0.0486341923022927,0.121574244857024,0.00157808198095852,0.00307845620882156,0.00212128053759,0.00441409159145408,0.00352191978687306,0.00541347329880126,0.00613458263107678,0.00191354064399149,0.0153344298947757,0.00598487839837066,0.00220802734938207,0.00170682118371932,0.00167850259424433,0.00534231088823637,0.00131789681950946,0.00364749576787523,0.712157875703678,0.0675576758015681,0.360941891043195,1.41084877780322,0.71286220294317,0.0512929692029918,0.0168127624918505,0.000707188140811577,0.273503151606955,0.108847796323062,0.019499573200356,0.0108119622983661,0.0101788670180378,0.0164330292267258,0.00368044010964582,0.00181794950857607,0.018064838594279,0.0102652375268006,0.00285440382834339,0.0059807873859733,0.00130699437624931,0.00482117371923344,0.000487895308374425,0.00148261230431542
0.54983002442295,0,0.414339112978011,0.447046559345084,0.434306679283721,0.442129393199475,0.4675578868618,2.70443897442269,1.10150224502126,1.71660855599152,1.38769435201101,2.81905040837282,0.233736789779308,0.681419338113474,1.04576009468184,0.122022509435449,0.510313264957544,0.109597009056106,0.493421446562287,0.422276196279793,0.166659205228355,0.0569447776677865,0.035733715828975,0.0165664332391144,0.194896408973981,0.0989416877432867,0.708554958405687,0.204014330677368,0.190481267975943,0.175079988374055,0.0611707576942703,0.00259636546246483,1.87499311277865,1.67802467423073,0.489526181762845,0.0788611177829995,0.341896574596572,0.698101774632822,0.0910285456131532,0.014862594496316,0.353494438730123,3.75869618525791,1.55431962482301,2.71819116270154,2.02681022031359,1.0822790043495,0.0017738394541289,0.0213458763243994,0.110766942580625,0.0502925644592622,0.137184640237479,0.0228592988753423,0.0109880752096795,0.00899243315989106,0.0429025273637942,0.0365123506271828,0.00656432414880828,0.00876755303360821,0.00180892077155798,0.00626073091593636,0.00836591469212059,0.00154772873733386,0.00562532570335145,0.00663039381103181,0.0267266503780846,0.0123751120691559,0.00832587087524016,0.0117882676341017,0.00237300113380551,0.0125832899824876,0.00886004173951518,0.0087606570714472,0.0876364362585302,0.0641960366894162,0.24325766645554,0.16559616792564,0.147113648898101,0.0545673163461197,0.0230178953323149,0.000673784154974731,0.0735599338026259,0.10721955162541,0.0469907767908693,0.023380698662629,0.0059257837423691,0.0270384202701453,0.0130460983286855,0.00878162833865435,0.0170503538694218,0.0109204906785407,0.00914859828492883,0.0018698394922421,0.00434015367878538,0.00859944474341934,0.00202999976925992,0.00489150070861855
2.14042098408155,0.414339112978011,0,4.14518030283121,0.162220138629907,0.225738072070669,2.20554149721899,0.159783209517193,0.0152304282158923,0.0165247626818038,0.0224253792915244,0.0501087294353649,0.0219916295984509,0.0111604734116605,0.0247449873734163,0.0112096733988975,0.449380777984484,0.0806029067227686,0.034715113324444,0.0397283782052743,0.0349849532861217,0.038686110765675,0.00988758510396472,0.0242393621485753,0.227672157398461,4.20472315301183,0.322259462302597,3.74875216290474,2.8207011937494,0.702194969823648,0.202711105141164,0.0136789108988075,0.256534372502393,0.415402128267035,0.143530115593002,0.0421414905735396,0.0461885368524955,0.0566028378024519,0.016285835407263,0.00478640911848273,0.156813806300334,0.134765760295131,0.0455677413893654,0.0401741839067346,0.0151408915154886,0.0286797882175078,0.00575393884730095,0.00699296656946861,1.04726922023664,0.182752249869631,3.6922385039377,0.150337662577002,0.0476773878771811,0.0263222432135132,0.485539271136988,0.0873814876775276,0.00605383361382631,0.00867982765915353,0.0134851499507468,0.0137571505467573,0.00744639810974147,0.0119910848894475,0.014600250836925,0.00324060723046293,0.136177144419794,0.0518497268960183,0.0195016241312945,0.0126276613625602,0.00920559297425403,0.0251803458180891,0.00836116202037579,0.01142312332222,0.20896807039302,1.3765597943016,0.268850742410075,2.19575534603352,1.68538910488724,0.487445848484544,0.116209982345957,0.00275272972528665,0.150186860571384,0.174926880111216,0.0556373754985197,0.0273791174056888,0.011966249170932,0.0291755228834082,0.00466393569020612,0.0017024368542544,0.0433851172570386,0.0483080918972384,0.00573343393493152,0.0155095509806221,0.00463894118547535,0.00839146664989931,0.00114774715313061,0.00642055983103421
1.8970030397446,0.447046559345084,4.14518030283121,0,1.24038528835417,1.77796041364491,2.40281828596019,0.241748548766397,0.0258501750947714,0.0273063085124057,0.0409072482178024,0.0546169423706464,0.0156391920104113,0.0166045716743746,0.0349390663433009,0.00990191056453099,0.274381272287285,0.0317696748812818,0.0923605577816034,0.0585213270914239,0.0420774648839601,0.00977074227065551,0.00725050614814365,0.00171653632058253,0.0375730807163043,0.103046412591724,0.137356667128303,0.114530967528796,0.112641670821097,0.0346976161087239,0.0131992144071927,0,0.303578998354922,0.415477978116482,0.0716888326413929,0.0115295028765273,0.0422732842244775,0.0771914074460076,0.00863835101513638,0.00156035696465166,0.878641709340607,0.187360848902246,0.0442679737397054,0.0550974686079335,0.0177540184578581,0.023300006770363,0.000924823071591797,0.00160627003249671,0.0454597204253733,0.023633687206481,0.151783669863544,0.0279349885728259,0.00687037751024748,0.00681947543512657,0.0268058168013819,0.0152186671373472,0.00295990604528733,0.00342111329506341,0.00235588678335345,0.00145580643323649,0.00337909155313635,0.00102191646097854,0.00172611636510552,0.00184617898777654,0.00951058029328028,0.00523956503244431,0.00197749554403837,0.00313743649125172,0.00212419746238,0.00211833066248437,0.000922326571301698,0,0.0189255100031205,0.0322291661908787,0.0860106461735797,0.0875225792913465,0.0870812866889821,0.0272381081103466,0.00983505330056332,0.00117865075063282,0.0335364570255481,0.0309294526640951,0.0137307318268359,0.00709626431990797,0,0.00484067238362834,0.000395114941944927,0.000704851375563746,0.00728564636715362,0.00706738280333211,0.00217128456975262,0.00485496079406388,0.000778158276988017,0.000536544636143676,0.000870420508696512,0.000408476397787488
1.0618776524279,0.434306679283721,0.162220138629907,1.24038528835417,0,3.2759240419555,0.39844561992149,0.607882890223679,0.0790917858420063,0.0351091111995361,0.080728350747695,0.051705802330248,0.00983109459979953,0.0564192869954733,0.0409508996652008,0.00652373183562819,0.0720223322841553,0.00871443524926564,0.0625459035121311,0.0569011089812531,0.0151775156076414,0.00465885057905818,0.000992216549300144,0.00163271299416574,0.0367302960815,0.0316195776226856,0.120533905922445,0.0985268120980174,0.0789057910886731,0.00786274768324724,0.00598463902209134,0.00267931533062819,1.00461458124182,0.149510175970299,0.0333995478322645,0.00647304100482377,0.0271032906511674,0.0284592118295534,0.001615649815501,0.00306302929639085,4.32815622091291,0.278191949127169,0.0421121508540882,0.136214840932054,0.0317163506362594,0.0222381272599624,0,0.0037725550990217,0.039462137589725,0.0102368724817538,0.0446413690087463,0.00514531979665591,0.00604079522165063,0,0.00424541819869546,0.0053938965223644,0,0,0.00520945089631762,0.00124202805794311,0,0,0,0,0.00372071813129299,0.00144333964487542,0.00162625471549316,0.00189635529275706,0.00131913249978594,0.00110997136125158,0,0,0.0181157432831029,0.0152375254117876,0.0634344019450488,0.0434055979686744,0.0656150642851224,0.010183812051652,0.00220254805256905,0.00168396363849177,0.0163389021505812,0.0219512355840753,0.00935282971252838,0.00480430748875425,0,0.00139144544380709,0,0,0,0.00141866912568284,0,0,0,0.00229016613833569,0,0
0.433537841545959,0.442129393199475,0.225738072070669,1.77796041364491,3.2759240419555,0,0.970307746619333,0.630976112207985,0.130938020858557,0.0604060170945117,0.106329260547701,0.100863004308733,0.0265233461043088,0.0561999101649349,0.048408721788025,0.0124013561346332,0.141691715527538,0.0206158892690556,0.130689437365302,0.0926261954724944,0.0349213409010253,0.0119441339775626,0.00138202807748628,0,0.0183766212355768,0.0213534382539266,0.0826041085400648,0.0552428644099429,0.0468184564367621,0.00889964200140383,0.00614078026374781,0.00110650498918246,0.583611787803017,0.220354137038478,0.060163863399674,0.0129453199929278,0.0462892864553785,0.0673355754996654,0.00815186964612258,0.00248718462472576,3.81182610183063,0.366754785926941,0.0632435560223145,0.14493112030807,0.0330568577220315,0.0362555040970284,0,0.00167518948526701,0.0133371000481255,0.00849946626976775,0.0482410122166515,0.00716113050794191,0.0035973835729038,0.00268379895211557,0.00898620720694311,0.00823255503811074,0,0.00147357501856326,0.00184497263773839,0,0.00124421697942689,0,0,0,0.0047353736599299,0.00136935051636466,0,0.00143159492926437,0.00233362189151536,0.00201922265830288,0,0.000981453466267559,0.0215448797385079,0.0197454595355036,0.0467223995769531,0.0292447284574939,0.0331100015495162,0.0120477830691519,0.00177396754379394,0,0.0163612870326152,0.0141213215080098,0.00564476610432533,0.000456482459915974,0,0.00382669667981006,0,0.00053346329869472,0.00107296122950906,0.0063494748584374,0,0.00193874113730397,0,0,0,0.000420105514493396
0.21768013822128,0.4675578868618,2.20554149721899,2.40281828596019,0.39844561992149,0.970307746619333,0,0.316290065666843,0.163006418394139,0.120897400926551,0.102541789854224,0.188230587481567,0.0667661481693964,0.0392162286338364,0.062661890213254,0.0285484557900681,5.2450474885922,0.516982185352247,0.661506159383149,0.241759747587905,0.140709794894987,0.220295635867725,0.0289175161725795,0.0608934455511242,0.0142161689618379,2.10385165389267,0.0978010474800171,0.294368418728437,0.915548310320522,2.07560404763251,1.25181882068364,0.0424096673033993,0.200554793326478,0.422744471506322,0.156507331917683,0.0917639106533961,0.0556265742791434,0.121184583828111,0.0288365177833965,0.0117862972508534,0.325682553580648,0.572177277484367,0.158782526882774,0.140739867466228,0.0531314643808145,0.0898019266803759,0.0315003259061873,0.0273081882394961,0.047527455904158,0.0424381644603752,0.625110125490236,0.0302035574764081,0.00266055405301352,0.00435735600947904,1.61179597591813,0.0172517325853915,0.00137974421024089,0.0191108592965692,0.00571430406364178,0.0124017860954042,0.00830120513524675,0.0039695054747286,0.0150972826156853,0.00380496640781595,0.784797239883657,0.22372278494083,0.0286636899980875,0.0203964125888711,0.0151892133457331,0.127031215300396,0.015816758442667,0.0327997056763531,0.0240786907499032,0.85934530170133,0.0612853529547186,0.188863051182939,0.582805998880165,1.1911986020435,0.489977633639913,0.0299969277358729,0.0366229739097158,0.0687285017853804,0.0616064727308161,0.051369382458998,0.00598737284893295,0.0270595837586125,0.0173915997204734,0.00614709526747989,0.00547116715149329,0.0179757653245594,0.0223732000780123,0.00937820461205177,0.00332267229817546,0.0141741488659278,0.00881149462072375,0.0202240958294041
0.710781209465015,2.70443897442269,0.159783209517193,0.241748548766397,0.607882890223679,0.630976112207985,0.316290065666843,0,0.62645079838719,0.30638000385459,1.03834381293179,1.16374681647414,0.106681118115824,1.03516696204881,0.762655343800553,0.0948214459325219,0.180941897211556,0.0375920013476479,0.161909912463785,0.147193658826965,0.0828006440578312,0.045733819528393,0.0433652941408798,0.0121096976739987,0.245889983121018,0.0283165969018021,0.873800011709286,0.124953792027689,0.115467401177182,0.0411023485019831,0.0279850680591473,0.00372937252942701,3.41168763800722,3.07537740489423,0.232797395111096,0.0643864508736641,1.037494462973,0.755422333243936,0.0803400148851321,0.0166516722357345,0.517746128501099,1.1483687974518,0.260089384059706,1.07734541502495,0.315906841577117,0.192701073204155,0.00134812381689007,0.0332909200064105,0.0991235615385943,0.0317129788519537,0.0515903479452742,0.0101020275081372,0.00665166962929386,0.00432557843455181,0.0118992415216541,0.0699592467276723,0,0.00294747712376267,0.00354155257345621,0.00474401629384301,0.00735485792067396,0.00403271594156112,0.00438086221447757,0.00422275441019486,0.00569693263039992,0.00829222278982783,0.00370540372187746,0.00471995528576367,0.00758601814773475,0.0118577108521898,0.00682395528975229,0.00480129484099176,0.117049659946138,0.00987944026028209,0.271454642645695,0.0738094262728557,0.0622652052484046,0.0356857747940092,0.0201300462165599,0.000989231752314596,0.126768595632578,0.124096209075428,0.0273049385247442,0.0105756349576083,0.00675441308945492,0.0378912966750833,0.00597557017143608,0.00327543094100322,0.0119714509249713,0.00972970598551593,0.00214697786954149,0.00286426629390657,0,0.00689775832015724,0.00154629065684964,0.00536054928099612
0.0244753483114922,1.10150224502126,0.0152304282158923,0.0258501750947714,0.0790917858420063,0.130938020858557,0.163006418394139,0.62645079838719,0,0.594767647191825,0.941144569868323,1.13717144117752,0.0790788923146606,0.322353036532233,0.353994344623708,0.0384387091706564,0.168765596225534,0.0113542518064681,0.19057379126591,0.0942361824467535,0.0469947230003059,0.0046510827883192,0.00764054247475918,0.000884416121847247,0,0.00752992629981435,0.0225858628182006,0.0105869906031625,0.00869671985552816,0.0107158201569332,0.00261751890756591,0,0.170706699301286,0.100704890899825,0.0267189025518351,0.00645507507254941,0.152064292170397,0.243324373158426,0.00869252530482641,0.00160919552027239,0.13570037311182,1.39178141287389,0.425077477163639,1.08417814279985,0.593169855515681,0.383630107815246,0,0,0.00172766175870634,0.000866314085715386,0.00812839526791467,0.00193922927435253,0.00298869760706336,0,0.00142960950273539,0.000796037416101694,0,0,0,0.000702981682864368,0.00119425385968113,0.00170838582919706,0.00159191481354728,0.00128977286722606,0.00185165871363582,0.00136597537301019,0.00224145495193916,0,0.000978965492446304,0.000528506561299337,0,0.00197175632907422,0.0149465968980707,0.00196247151372278,0.00823503928220157,0.00561803141871986,0.00215200961620546,0.012423628578015,0.00377287273876245,0,0.000818423925022536,0.0032650740985775,0.00351845889593672,0.000861241642454609,0,0.00273420524892987,0.00118732035659646,0,0,0.00198188390730514,0,0,0,0.00159025760439201,0,0.00135723734439958
0.0225924434180749,1.71660855599152,0.0165247626818038,0.0273063085124057,0.0351091111995361,0.0604060170945117,0.120897400926551,0.30638000385459,0.594767647191825,0,0.625748397218324,2.86689684035735,0.858385088551765,0.263816054133635,0.70743280138589,0.301300132676828,0.518333077540627,0.0737209587579176,1.39308796941893,0.926274703422686,0.358121455170314,0.0506799659189818,0.0382107124877488,0.00180171980336848,0.0052386645222381,0.0206732906845006,0.0335238063294161,0.0044963881930539,0.0078971731465014,0.0359788144982683,0.0279309184942658,0.00460580725505316,0.127130793648626,0.1827190279353,0.123435139386131,0.0360219001556288,0.106905951597019,0.301078753341285,0.0359557300653408,0.00304286272221933,0.0464593317194046,2.24704561992994,2.43912686808955,1.03480538828694,1.35909168405533,2.18846043680113,0.00475246369080813,0.00805858593609173,0.0029033605271836,0.00953543734299155,0.00666742563831492,0.00140305584202877,0,0,0.00943039943292086,0.00593861919387506,0,0,0,0.00293466097219288,0.00632671240357416,0.00496653416030289,0.00998523120615444,0.00177712101899528,0.00686981934075638,0.00855733262558519,0.00827438600978309,0.010301821957106,0.008355607291435,0.00766463163468664,0.00260525279635251,0,0.00405903682867043,0.00445561726215316,0.00941241484328086,0.00167024340990445,0.00499433361175072,0.0252994837359605,0.0142895807463704,0.00465398207811808,0.00567721840410634,0.00826359346023062,0.0123283376500041,0.00442281412206742,0.00609495461563782,0.0148561970139084,0.00335301854509838,0.00158716660270745,0,0,0.00248799188072958,0.00112494769436181,0.00252747151731673,0,0,0.00233128692931761
0.0460335515420197,1.38769435201101,0.0224253792915244,0.0409072482178024,0.080728350747695,0.106329260547701,0.102541789854224,1.03834381293179,0.941144569868323,0.625748397218324,0,1.35810234751075,0.0768227841267919,0.89464015591499,0.858797336197244,0.111267000865226,0.115893657210619,0.0195067985672485,0.189815157240634,0.12121955100279,0.0358840567510366,0.0142699611222432,0.0148912944646354,0.00372379527799507,0.00987772876066817,0.00624467296044467,0.025479456460263,0.0129465446438244,0.0115911569860795,0.0149185244139637,0.0122014396173466,0.00298980506881341,0.409607587617983,0.205892437319115,0.0752945373353162,0.0102847176082739,0.273147528656349,0.34045594115179,0.0177676619323536,0.00351319477204237,0.154339448250824,1.13583241851574,0.431315484990557,1.31627315985883,0.529410384500402,0.362035460776946,0.00301870965033851,0.0127685228491964,0.00251269401031098,0.00980780992934079,0.00831760231894285,0.00124078411981128,0.00349032665676939,0.00100261728841986,0.00472214796138778,0.000506887883404229,0.0020835811768527,0.00111454543776476,0,0.00468191624714814,0.0021974034923863,0,0.00299820143826294,0.000975063273987567,0.000943946262540938,0.00694560707291643,0.00104305228234859,0.00142774032882778,0.00201687315068144,0.00090247434564907,0.000944859327253883,0.00158350581800201,0.0110441393904162,0.00546320011247346,0.0254180207625751,0.00950808707759865,0.0088728265731399,0.00951657778765597,0.00483240198020396,0,0.00574009619562591,0.00558137306004264,0.0109334961618167,0.00526663275724489,0.00361006623530016,0.00560457276696243,0.00255098980290471,0,0.00177003758167421,0.00352323087274946,0,0,0.00274552275176954,0,0,0
0.0584415441857895,2.81905040837282,0.0501087294353649,0.0546169423706464,0.051705802330248,0.100863004308733,0.188230587481567,1.16374681647414,1.13717144117752,2.86689684035735,1.35810234751075,0,2.63808819228869,0.766394763828568,3.72494532093157,1.97224654205409,0.496293643897924,0.117122026852549,0.618986523816563,1.04480221959552,0.46251900331492,0.139995920150711,0.126620886848443,0.0276158441316465,0.0172867869773051,0.00885969036076548,0.0718976211562392,0.0174020412381021,0.0194684376702936,0.0854439662387917,0.0708680012234462,0.0168423301422998,0.30171802193468,0.400011066228341,0.311099412651768,0.0818863742415149,0.253236144106298,0.894553102976565,0.0959720938989768,0.0249840412087692,0.0994547389388815,2.28080372950649,1.64605646530981,1.91136400717809,1.31074825877686,1.51169320591718,0.00580075686919372,0.0380251420190703,0.00676262329208279,0.0127360475288724,0.0120874925637851,0.00204133086515004,0,0.00113812308815091,0.0162786374596135,0.00629705934144728,0,0.015464614624952,0.00693278677116277,0.00609496171167963,0.0215052123556314,0.00680170664355007,0.00877988260959859,0.00871047731548988,0.0221128129043527,0.0229192408658865,0.00867417650998609,0.0102280733770429,0.0127426594531932,0.0252754892883913,0.0177836532485849,0.0167587535820319,0.0091917130459961,0.0118775183279687,0.0178736465481057,0.0165092144368597,0.0127192449910434,0.0810708882801645,0.0521656231480896,0.0078490919088809,0.00865203687993039,0.0220126722155943,0.0358288705222325,0.0186858804851843,0.00144088080788959,0.0199332444618635,0.0167634354684923,0.00510385851829756,0.00165286578219549,0.00122750825343466,0.00655200448299145,0.00189683191323051,0.00120525739277735,0.0106880250494103,0.00850467520885634,0.00772148142412252
0.0137177841532387,0.233736789779308,0.0219916295984509,0.0156391920104113,0.00983109459979953,0.0265233461043088,0.0667661481693964,0.106681118115824,0.0790788923146606,0.858385088551765,0.0768227841267919,2.63808819228869,0,0.111957990568076,1.46585154590606,2.7352434029544,0.132486659197336,0.171983068623031,0.21646792657393,1.93745673480806,2.67878446335578,0.595325392501073,1.34683736297773,0.138260328805336,0.00781327132401713,0.0188602316147673,0.0581965220507373,0.00735851687587887,0.0236999634754582,0.386959849967607,0.402603478331024,0.0871136385247356,0.0531475428448051,0.1505723875519,0.606950644730434,0.848711348290916,0.073363413661046,0.428719617691479,0.817712624058472,0.13481008691317,0.0120213247667258,0.175261458832656,0.329893634281029,0.104574077980666,0.111495841657806,0.326965911865536,0.136797529051936,0.162260079056898,0.00388066993359166,0.0066654554947785,0.0131643769196055,0.00206787335489793,0.00063318003920107,0.00314910676188718,0.0211124758641433,0.0135802242158064,0.000965093986919283,0.0289283973418383,0.00865122486675236,0.0197885688795862,0.0503701233107357,0.00694512196028315,0.0274683270629146,0.0355010231801409,0.0254089790950932,0.04260563335429,0.0189401624690259,0.0340972127840452,0.0520055795472084,0.0694947466874445,0.0547719403775251,0.0366957465154671,0.0028819893501684,0.00847464791563259,0.0296599932656482,0.00847320151391093,0.00648705654162925,0.120079147149691,0.110882974747428,0.0283924663374412,0.0123960792818757,0.0279538188681056,0.0736619062651209,0.0941296662727673,0.0029128385890964,0.0797950191573593,0.0411418227468017,0.0194980319460154,0.00299567443829959,0.0117164095735988,0.0128399023778773,0,0.0089111614842064,0.0202683781244205,0.016146128604507,0.0437008804756228
0.0486462625675745,0.681419338113474,0.0111604734116605,0.0166045716743746,0.0564192869954733,0.0561999101649349,0.0392162286338364,1.03516696204881,0.322353036532233,0.263816054133635,0.89464015591499,0.766394763828568,0.111957990568076,0,0.94247644483721,0.158891615354316,0.0466272657699799,0.0167911006742018,0.0626788756521645,0.0965191531042311,0.0442479769497425,0.0212285835995543,0.0311518344108456,0.0195044053545251,0.0172459327104929,0.00684374866258744,0.0718877102438728,0.0180156933868601,0.0109158929034871,0.00971765437264908,0.0170915287510415,0.00377286719333979,0.3263553427111,0.517042418624571,0.100850900408668,0.0333257643523803,0.537585521407258,0.493732565967236,0.0555830584852925,0.0112701957159292,0.0221857520214203,0.426069894763301,0.211216131513233,0.690305186553255,0.241504926294162,0.171135165067851,0.00238093507904842,0.0153018833072718,0.00643915417426977,0.00474771976943512,0.00564702273146583,0,0,0,0.00359739519613539,0.00807368372319237,0.00393633712946295,0.00104895618278533,0,0.00149803675075999,0.00682885721505601,0,0.00252720975719035,0,0.00387642718360345,0.00306881337471865,0,0.00165220006745254,0.00216331069524262,0.00685521807908474,0.00260743356280327,0.0022884513495177,0.0370001222151288,0.00346578876172561,0.0257411665973466,0.00416652818822881,0.0103232786893617,0.0107141728627177,0.00876637259109156,0.00867962531063099,0.0105486943450521,0.0241257869779861,0.013107556683671,0.0127618193863449,0.00166390604133759,0.0117687614597578,0.00926642962540939,0.00219013019899544,0,0.00154071345001644,0.00127182126985925,0,0.00187034368909413,0,0,0.00412803664533432
0.0471451534111556,1.04576009468184,0.0247449873734163,0.0349390663433009,0.0409508996652008,0.048408721788025,0.062661890213254,0.762655343800553,0.353994344623708,0.70743280138589,0.858797336197244,3.72494532093157,1.46585154590606,0.94247644483721,0,1.90037311785248,0.120097914926682,0.0811579451266686,0.125868157123019,0.376815638534273,0.207158214208499,0.129652027045943,0.174439799025659,0.0596022813192448,0.0193319474092278,0.0143811727499273,0.0534658923414489,0.0125458648028779,0.0138065011054033,0.0776282576245191,0.0782824595756775,0.0344366119834257,0.248886713140591,0.397980674157943,0.340589244522236,0.150749125875885,0.300616217389473,1.02737635285282,0.240348003606129,0.0639369318674223,0.0423036836820983,0.664994690906986,0.456070520051448,0.900997818515961,0.386872750119352,0.37422967100303,0.0187837974438146,0.116971493139382,0.00406504818016178,0.00718321150141556,0.00436090037902933,0.00404763044616365,0.00182446677260212,0.000742877513941392,0.0116216906362802,0.00964891836715552,0,0.00990620606486951,0.00148344722267942,0.00804313871986782,0.0145954150087741,0.00945368870298251,0.0164503965726933,0.015919222135129,0.0170549627542954,0.0209586623701753,0.00694215605998599,0.00821764387926707,0.0121059732019484,0.0238051357821562,0.0145487234470276,0.013943238031783,0.00375644706510603,0.007821791300784,0.0278170965159451,0.0118774834203839,0.0115651395494541,0.0610029580645369,0.0313530856089306,0.0158409499501871,0.0114406321247525,0.0178391720401291,0.0461873710693544,0.0266519763423951,0.00783513909841937,0.0256609706557356,0.0143311052009357,0.0053098728588075,0.00222906073759721,0,0.00839177000247312,0.000982747419288499,0.000871191008451566,0.00707587464563638,0.0101377756697742,0.0145172538862335
0.0061179111836752,0.122022509435449,0.0112096733988975,0.00990191056453099,0.00652373183562819,0.0124013561346332,0.0285484557900681,0.0948214459325219,0.0384387091706564,0.301300132676828,0.111267000865226,1.97224654205409,2.7352434029544,0.158891615354316,1.90037311785248,0,0.0535284522388651,0.109525369018572,0.0880724434107336,0.538231725739007,0.547725872709636,0.42254363042984,2.5599577130235,0.285843906154585,0.00786172657371245,0.0110488772678941,0.0424472509689637,0.00330283175707859,0.0144572933887648,0.287682914094798,0.305246476396066,0.0933217129567968,0.0515928027523268,0.127771416970248,0.468943042858648,1.17799595533875,0.0544976461984734,0.616628716759038,2.1597493071633,0.945624575405446,0.0213981474757258,0.132361266893679,0.172237954315797,0.105593580959948,0.0586451816553764,0.181533581745753,0.0983456071837799,0.467794317358258,0.00180696551941639,0.00645606284771388,0.00976254796119746,0.00318943507877628,0.000975176321169023,0,0.0136218842539299,0.0135112359911533,0,0.0080823873622452,0.00265872842857872,0.0104975690488687,0.0261360934926917,0.00388864880459344,0.0204542128866882,0.0262511652282345,0.0116124475465847,0.0291256624718403,0.00867679034079738,0.0183431165389163,0.0355251524278662,0.0459688198240332,0.0461562415776862,0.0476903674633648,0.00829984147899159,0.0073905090154405,0.0276644341126549,0.00558949654079361,0.0118652530449423,0.103207159183421,0.0848355844563698,0.0274305191850782,0.00677941398200815,0.0257443146498225,0.0683284497123526,0.139460923891629,0.00111644595783011,0.0491169061382247,0.0487153232715965,0.0307451368452933,0,0.00277004875542128,0.0123092954191834,0.00158838864625755,0.00125441672307811,0.00953775528868701,0.0130606493661356,0.062625912320214
0.0576712197963066,0.510313264957544,0.449380777984484,0.274381272287285,0.0720223322841553,0.141691715527538,5.2450474885922,0.180941897211556,0.168765596225534,0.518333077540627,0.115893657210619,0.496293643897924,0.132486659197336,0.0466272657699799,0.120097914926682,0.0535284522388651,0,2.72313164730179,3.0582790892586,1.34788591186762,0.521176960718123,0.611843952055527,0.0406310792231895,0.0884988029694975,0.0176763304317695,0.647227870700572,0.0464677601871308,0.122487526041115,0.323201003940297,1.55303070002865,2.04892660895739,0.0870454863897777,0.108406194751326,0.294904839383468,0.176153174118128,0.115132335106044,0.0574231645852829,0.113864136431892,0.0511624601608754,0.0143573601531758,0.0655901402728852,0.7446281909973,0.501473179425519,0.196280354708751,0.180864556131844,0.337910906678932,0.0481752484503109,0.038439574651711,0.0225025726069202,0.0262028612331194,0.178550159745446,0.00928264622929716,0.00193884556234319,0.00136336365901177,0.804908317461605,0.00942366314746482,0.00351694064081357,0.0224426332189,0.00658429983942327,0.0185171054712569,0.0224578738424689,0.00596371954381496,0.0199414659791441,0.015007751170698,0.784876199858741,0.388654935691576,0.0303645528470478,0.0260180424634972,0.0270130821632713,0.20532218644764,0.0280957284743745,0.0386424784295061,0.0132307516510673,0.295924311657616,0.0278226353237642,0.0695788278428725,0.254928606386446,0.98202363092988,0.599634130138335,0.0311101843415824,0.0162805302071907,0.0521557196823351,0.0646825380218803,0.0637513015551484,0.00425504345574365,0.0441774875835731,0.0192102475151297,0.00940388789460591,0.00443483696638471,0.0135394198911144,0.0257126867141519,0.0046841289087355,0.00163550702986344,0.0200272699415658,0.0111367256175885,0.0213217307408894
0.0142738700714099,0.109597009056106,0.0806029067227686,0.0317696748812818,0.00871443524926564,0.0206158892690556,0.516982185352247,0.0375920013476479,0.0113542518064681,0.0737209587579176,0.0195067985672485,0.117122026852549,0.171983068623031,0.0167911006742018,0.0811579451266686,0.109525369018572,2.72313164730179,0,0.607007524560988,1.32284055018421,2.61000319642545,4.15203726895967,0.128108026118231,0.357450814632452,0.00303203170471111,0.203018318217492,0.0158814696647309,0.0325815275090818,0.0845887771482734,0.847213136653664,2.78403932769879,0.378641265131537,0.0243596656846799,0.103826288743375,0.137473566471063,0.349934931864591,0.0292522384222357,0.0781797418056205,0.0641699664849097,0.0282579360974401,0.0115968063393722,0.0628626208521786,0.123485307175801,0.043094040781591,0.0330242743386289,0.086499016574789,0.279521893046403,0.0897063588215577,0.00759807785876224,0.0254311323392845,0.0539542890551186,0.00589173571483109,0.00137416722710476,0.00195413959784322,0.17681546026924,0.0186952580493205,0.00434057565930945,0.0224555375959949,0.00597294040088146,0.0251950588627539,0.0495777746735983,0.0117052009479954,0.0391910379087935,0.0297588465778199,0.246302507385678,0.250163689567867,0.0350703920269411,0.043402543443236,0.0625031747135087,0.215890722795689,0.0587069237613525,0.0599390588234561,0.00896368367739444,0.067121321749374,0.0206294808130842,0.0224463824666019,0.0687842315845602,0.543637925604411,0.495212328396103,0.108428040326738,0.0128183055624723,0.0367743790329091,0.0934391805568724,0.102014056439605,0.0131788061633459,0.0660881997688098,0.0423125016021052,0.0180912083875093,0.00160384334503182,0.0174566552682511,0.0279677759363564,0.00506133590915203,0.00881803141802805,0.024541649820786,0.0331322449521703,0.0652377934183603
0.0258448067767094,0.493421446562287,0.034715113324444,0.0923605577816034,0.0625459035121311,0.130689437365302,0.661506159383149,0.161909912463785,0.19057379126591,1.39308796941893,0.189815157240634,0.618986523816563,0.21646792657393,0.0626788756521645,0.125868157123019,0.0880724434107336,3.0582790892586,0.607007524560988,0,1.90317452411683,0.763156314335037,0.0889280802872284,0.0279776140839515,0.00263928883572638,0.00632100491208155,0.0167634667187569,0.0186409273970343,0.00835793550106542,0.0200897249520509,0.0309716612983684,0.0259683770123316,0.00765231544702914,0.0810780774721601,0.206967969876682,0.0760927429292107,0.0156767732042969,0.0533704009083849,0.115612766639677,0.014918355540987,0.00603245472763456,0.0696450466219327,0.838926419197771,1.24497429138842,0.27026658775491,0.279733830683364,0.884878786479196,0.0024480557671929,0.00434718250547101,0.00321760789504674,0.00505998282998928,0.0126650852855778,0.00121218851636151,0.00114356196437156,0.00372769534509685,0.00977594640536628,0.00206973352224985,0,0.00156607327130409,0,0.000979425001152681,0.00676207837904053,0.000718132528273373,0.00227181506303788,0.00289769432278952,0.0121489260568484,0.00952176580420319,0.00702604086216552,0.00609562423961658,0.00419990121199976,0.00307953250150784,0.000534463103121649,0.00130286488961026,0.00743471880400115,0.0137963704784324,0.00506866501346509,0.00434017467173516,0.00957862473164016,0.0229850101279878,0.0100994740818122,0.0027950154209973,0.00522620375383028,0.015888235000043,0.0160593329986516,0.00880359553006126,0.00178867618807795,0.0124883602616453,0.00202209608707116,0,0,0.00290759966137058,0.000853482985226091,0.0029840665321012,0.00129303912531085,0,0.00156577028390288,0.00129979010480255
0.0271279955613601,0.422276196279793,0.0397283782052743,0.0585213270914239,0.0569011089812531,0.0926261954724944,0.241759747587905,0.147193658826965,0.0942361824467535,0.926274703422686,0.12121955100279,1.04480221959552,1.93745673480806,0.0965191531042311,0.376815638534273,0.538231725739007,1.34788591186762,1.32284055018421,1.90317452411683,0,3.86186858433282,0.590029065971894,0.331973215060678,0.0692270014410455,0.00344650886754303,0.0201122046808725,0.0647908304158851,0.0132824827835566,0.0284287148859979,0.360569268575917,0.292612237827012,0.0361803241459462,0.0902302421537373,0.210983382918576,0.482059299852659,0.436040447752195,0.0639906114721946,0.228600297963326,0.361531763359651,0.0377279073180891,0.0332512926510978,0.406568030132285,0.706872653909033,0.145609282845737,0.187430103219287,0.521360598965528,0.085880584721024,0.0496483897200057,0.00564152298041585,0.0193078788871915,0.0174813802278236,0.00338910890053407,0.00194901455496249,0.000755806181568307,0.0323061542160834,0.00852798037183179,0.00316270208958969,0.0232119381618002,0.0044777500374046,0.0310465722864243,0.0308757939004445,0.00699250467817867,0.0244026937772167,0.0334807999970537,0.0510344718661896,0.0525314765446056,0.0141039206102424,0.0260636449579487,0.0279422032827251,0.0481636354412137,0.0454000849348287,0.0211473646259326,0.00480869374096519,0.0166355476690355,0.0395577140273233,0.00809868816079589,0.0147570191572047,0.133520665025155,0.0987845244095383,0.00859026780032787,0.00984650145327261,0.0372444807505032,0.0792767484993587,0.051914779316551,0.00374878456042576,0.0602501253999118,0.0313274801373824,0.00891306471373341,0.000744255395806331,0.0146883626685649,0.0141244441527909,0.00910117577504466,0.0020318629528811,0.0113574095818465,0.0172659032623122,0.0199728881944375
0.0168310134167667,0.166659205228355,0.0349849532861217,0.0420774648839601,0.0151775156076414,0.0349213409010253,0.140709794894987,0.0828006440578312,0.0469947230003059,0.358121455170314,0.0358840567510366,0.46251900331492,2.67878446335578,0.0442479769497425,0.207158214208499,0.547725872709636,0.521176960718123,2.61000319642545,0.763156314335037,3.86186858433282,0,3.22355959909058,0.778074035670344,0.282775075361039,0.0119712680675166,0.012954900021108,0.0401648054340527,0.011214330460133,0.026170065947635,0.386794120090767,0.865573037113617,0.22843447699577,0.0507138050446502,0.151327883804985,0.258505297889636,0.373378093899818,0.0282127856119965,0.147127735405025,0.139813964658837,0.0660378230012555,0.022934605154154,0.161658929836908,0.262120623173339,0.0542923872782828,0.0410445873803392,0.185600056878912,0.188599341294056,0.112010800458735,0.00370192412152163,0.0100583146497709,0.0125078200827425,0.00228686061170374,0.00352621632258451,0,0.0232499856001166,0.0132381251002647,0.000970921528329421,0.0255318044688287,0.00382494796074462,0.0236573861091237,0.0439945755639984,0.00506354736982464,0.0207547170462552,0.0368851241980375,0.0495967802830298,0.0699195273491715,0.0161678008141412,0.0360669799855308,0.0455314584516714,0.0950148294520423,0.0577353386545133,0.0483359969173049,0.00873284761348875,0.0178685452325291,0.0131537909758084,0.0126501555618829,0.0144464829466566,0.198572412675724,0.201218420882286,0.0573744312915822,0.0110519659434026,0.0250713297827467,0.0822474169594054,0.0969565982289184,0.00868884854895441,0.0495929834479257,0.0533595400903203,0.0204193998845351,0,0.00756252810236448,0.0074489703844582,0.00503335600064386,0.00340410068088506,0.0157837983318681,0.0157853537926371,0.0498640598991233
0.0128856310934653,0.0569447776677865,0.038686110765675,0.00977074227065551,0.00465885057905818,0.0119441339775626,0.220295635867725,0.045733819528393,0.0046510827883192,0.0506799659189818,0.0142699611222432,0.139995920150711,0.595325392501073,0.0212285835995543,0.129652027045943,0.42254363042984,0.611843952055527,4.15203726895967,0.0889280802872284,0.590029065971894,3.22355959909058,0,2.22824922255762,1.7250201839245,0.00683111334781633,0.0619666319752929,0.0245713386033609,0.0198153325082511,0.0583469484976283,1.0820310173235,5.60870991050405,1.29018401726125,0.0237738912590955,0.0867992949124996,0.222192075342111,1.92621384154766,0.0290211933372137,0.188444326811497,0.410479776349292,0.47192054265712,0.00444703402807301,0.0283970649636629,0.05698286004771,0.0225157072842784,0.0106068954119293,0.0478202545296466,0.69359219087477,1.96586048859275,0.0067834278805833,0.0124928038395148,0.0333648537709538,0.00453220712107261,0,0.00031890026324739,0.144358358824573,0.0115075455046119,0.00104278451710779,0.021643025717448,0.0018055363940353,0.0281787156387672,0.0658758821505853,0.00954489165857304,0.0495764070953998,0.0427444421059325,0.175331696586254,0.269311065429782,0.0227268845336785,0.0486241269567944,0.103911272546307,0.669776680985341,0.182285530808295,0.308264472190979,0.00266975971008421,0.039400764939354,0.0190578714574809,0.0151571358071862,0.0536826367251451,0.675110354842988,1.10526452550055,0.283116001529484,0.00901632913768992,0.0359545390532581,0.136192026844684,0.440461137524096,0.00900882540506917,0.0886630452606327,0.0786116877454789,0.0604225477540299,0.000955915464540573,0.00569192282118104,0.0187272021171665,0.00416529033390479,0.00186186178582083,0.0165912083472446,0.0782701410765756,0.357924447149161
0.00679536848916743,0.035733715828975,0.00988758510396472,0.00725050614814365,0.000992216549300144,0.00138202807748628,0.0289175161725795,0.0433652941408798,0.00764054247475918,0.0382107124877488,0.0148912944646354,0.126620886848443,1.34683736297773,0.0311518344108456,0.174439799025659,2.5599577130235,0.0406310792231895,0.128108026118231,0.0279776140839515,0.331973215060678,0.778074035670344,2.22824922255762,0,1.02499373206973,0.00308282275706281,0.00988007902616725,0.0341875620235149,0.00348566113563568,0.0122291830534929,0.347363943234327,0.534496740053687,0.226652584235552,0.0271125093701311,0.0810520698108848,0.316401224235172,3.11637771797786,0.0370891177107834,0.368064785012964,2.07021820446311,3.61054494942547,0.00284558615379033,0.0248006729622497,0.0401796948331713,0.0116378666147443,0.00743405192279754,0.0880944205465032,0.206993632672883,3.75583179867721,0.00142426368042445,0.00481772823647902,0.00594257579701928,0.00206984642462538,0,0.00104505651357998,0.0124675038316508,0.00577020833182586,0.000629828751133692,0.00755514059237996,0.00297846095650528,0.0128517910323697,0.0415749732065295,0.00410317416495642,0.02850270350575,0.0408977909396868,0.0193287388239366,0.037570941464123,0.00826875351996811,0.0125667261293491,0.0286314697325781,0.151178069874712,0.111409960825496,0.143333167412755,0.00489903793854742,0.00767931495689446,0.0150457205267491,0.00536028156772134,0.00695037967805705,0.163374137022887,0.213065642046983,0.0782895147553213,0.00469946235762591,0.0203765084089733,0.0989320710620626,0.493638896766714,0.00401115179624548,0.0688741141598965,0.0800910107121551,0.0764716766596467,0,0.00312648893780995,0.00415398174752628,0.000816764232822481,0,0.00516760647693258,0.0228039907893555,0.186450813559052
