0,0.411711632015623,0.953649514836389,0.871190060646767,0.523191931572634,0.242479135048724,0.172614861336751,0.415327900312681,0.0372950995564454,0.0385898741769626,0.094403914321248,0.0660904697000263,0.0115668065204147,0.0532799388792025,0.045839884607373,0.00469326643671469,0.0683936835948989,0.0138165010727561,0.0128996553137818,0.0215542056009777,0.012885256410731,0.016656582035957,0.00953437376784529,0.0101283152634844,1.4947526028216,0.0971135441197227,0.729998670306666,1.62616012343603,1.35463524445762,0.114062724060521,0.0288350524819475,0.00498238474236919,1.25945279975007,0.316012854143539,0.0953097720276751,0.0601229283669226,0.0574608246059522,0.0354120775374536,0.00495949586274819,0.0333649684919278,0.237217279785898,0.0730436031746355,0.0294594105531093,0.0545924089639877,0.0188402639116525,0.0185145966334526,0.000525399209429078,0.0361273905864724,1.22587711880853,0.0655230163851047,0.449261662173445,0.0480886237102358,0.0217445296292297,0.0152649310647585,0.0691094621607292,0.0842538277080709,0.00947282605787666,0.0110112563302578,0.0148160605768636,0.0129112097077444,0.00353019204165947,0.0214108584224552,0.0119329104637937,0.00120756216908053,0.0259356591827201,0.00835819225875146,0.00350675960012638,0.0041685587350109,0.00270602308985982,0.0119227561448645,0.00573753989975257,0.00309634498445177,0.622936839722997,0.0914474886785863,0.532530624356073,0.786008969871759,0.765145036151922,0.0862474963197407,0.0133564318886338,0.00253066886767245,0.356566362629898,0.120396462020419,0.0465950667255817,0.0281236402378815,0.00817051067492157,0.0226696269133426,0.00299962108969107,0.0171082212537834,0.0106796810215254,0.0142025716680986,0.00893428854095389,0.0123447671281531,0.00354687161064193,0.00854390694643298,0.000254656822531452,0.0178703985838487
0.411711632015623,0,0.278055291297515,0.3451485400759,0.182561264815362,0.491096929535298,0.39199675294422,1.55098950960625,1.25162148844278,1.50013033651872,1.62456259515203,1.9634821737184,0.0889747774669318,0.51785916804101,0.717946522438289,0.0367949266507788,0.341150140515105,0.0507247608739782,0.118546159378196,0.119310440742627,0.0738200783425596,0.0540166743804732,0.0360110717316234,0.0235157803141232,0.212618762546555,0.090544241571701,0.489368429661991,0.216928061036216,0.244377411550231,0.238121124329783,0.0544340475124743,0.0240517747662437,0.730850071126704,0.752475549505669,0.548923228353573,0.127955015581346,0.213121216093092,0.329558073732507,0.0680828493217991,0.0730097787201928,0.376754332496982,2.65525787177089,0.604421188615472,1.61595545697635,1.22180673247111,0.682697884198562,0.0107829523450635,0.0624369835588422,0.0816318928288383,0.0222889537260862,0.11142911310947,0.0148895858471886,0.0108661569558907,0.00517855916673395,0.0544589378242841,0.0353855661686875,0.00843708531085369,0.0153003597690237,0.00877565704137051,0.0113881604815354,0.00984058995316589,0.0112074893727039,0.0233991782449291,0.0037442592678958,0.0286726184023662,0.0150139353065409,0.0122464689138496,0.010731081663451,0.00601000620709164,0.0157506952327785,0.0113756953819271,0.00700255677976876,0.1095845696906,0.0745741807933318,0.164398631066263,0.109163602095596,0.165191318862325,0.091371243640344,0.023174189206216,0.0075401705526919,0.0853542428424723,0.0842366203127919,0.0827517194288364,0.0404933777892333,0.0162108636856011,0.0271008351761977,0.0100316407970672,0.0259039616998863,0.0108122333452602,0.00985147354488278,0.00713475877939974,0.019157930880499,0.00300803927248501,0.0166076136866358,0.00440417663544468,0.0322251987680972
0.953649514836389,0.278055291297515,0,0.922607166147403,0.0445036786659802,0.0872905144022894,1.09815419438699,0.0948050823058455,0.0400116312494138,0.0734962431020628,0.0611930929197931,0.097810321064144,0.0344427883304384,0.038416965567511,0.0552889615384937,0.0110370090388033,0.426450267108785,0.147162295959505,0.0474034760240448,0.0838982677087681,0.0697892926536264,0.0664585519180093,0.0228299550231265,0.0169521101788355,0.242883970218025,2.26797396316004,0.256249027273605,3.28313254954384,2.82198452119144,0.685864433917741,0.222356496481531,0.0242577444292889,0.148220867564983,0.144037125078184,0.16890766551077,0.0605653728676085,0.0251780629601428,0.0473682659479755,0.0186674001387686,0.0402079423115372,0.0327112651180651,0.115357266479823,0.0929007703774832,0.0573889491066817,0.0468666003904564,0.0536556405897961,0.00189868387194761,0.038823765534533,0.477397182470671,0.0995498813123109,1.80341109775178,0.0929468740503492,0.0219161812230225,0.0350822751537559,0.480146776530217,0.0530298354389902,0.0168363220899265,0.0209008170023641,0.0167712488439337,0.0298778649159903,0.0152196135410368,0.0176999365400742,0.0297326072473039,0.0069563723899108,0.160511384812675,0.053573311169778,0.019851543027625,0.0210256061013587,0.016496157874291,0.0606302009010837,0.00987036617330289,0.0108112786925672,0.174836845994516,1.11965275812978,0.263460672174008,1.43879912429135,1.79104592241524,0.546763876319378,0.151252304736953,0.0175931286801315,0.118781183312511,0.117242526154022,0.106500824815729,0.0343860906197017,0.0175706104183054,0.0411136529013985,0.00840675733326038,0.0254875830332566,0.0138958019159229,0.0329272737341202,0.0283177421199902,0.0210273087918379,0.0136402366592416,0.0359395574415393,0.002154120378258,0.0189906319796598
0.871190060646767,0.3451485400759,0.922607166147403,0,0.337657206747523,0.749030605510103,1.68861101673751,0.172922551226867,0.0790458935054633,0.115459415087011,0.0968828387382181,0.158668598325973,0.0457801897832281,0.0581644680338354,0.0836297778239413,0.0229498897172525,0.624221559829766,0.106527049978776,0.090543332312242,0.134780169647828,0.0990429591124423,0.0528879971293823,0.0279754936936329,0.00685304206419838,0.0344367645993872,0.119814477341765,0.105693994869388,0.145243056869085,0.152785388631104,0.0871944028896594,0.0397286142267916,0.00778634729795158,0.197614659001732,0.190631333124451,0.133117338647047,0.0742309774102748,0.0261997672615121,0.0524376828187817,0.0157354745226698,0.0419643185487844,0.10962924395967,0.185767302471328,0.134376437113023,0.0949559198386158,0.070692485893224,0.0797047049719217,0.00366839273255926,0.0393599288405009,0.0329976659922574,0.0190683552781371,0.0747484114307749,0.0151428505663912,0.00529263472135703,0.00495138792115471,0.0405777575256674,0.0182187930211189,0.00210143306963991,0.00815499353762189,0.00585662969111132,0.00452366320003744,0.00237607589274809,0.00161050869480542,0.00887007774966547,0.000500958916319268,0.0230824404314191,0.00749302451652351,0.0041106057274127,0.00281018170430925,0.00224015480376785,0.0114525926006249,0.00524234962782369,0.00759449947483922,0.014633285206978,0.0626147012401281,0.054272353773388,0.0722741063851172,0.0987594756634437,0.0406633906604898,0.0219006123999025,0.0027249529372432,0.0251893091030325,0.0318172268813172,0.0253646232927756,0.0236417944010044,0.00348914585536997,0.0098239454071565,0.0036844745187006,0.0107986389601949,0.00427278827899798,0.0051573175962623,0.00861563096407795,0.0017055266317252,0.00285367442207426,0.00731489506271995,0.000700995047328221,0.0144143841243033
0.523191931572634,0.182561264815362,0.0445036786659802,0.337657206747523,0,0.914958883407717,0.0981924093416807,0.207663475531772,0.0518561556196852,0.0450929098898833,0.18156267953479,0.0652783739488981,0.0106759014691181,0.0898063249344964,0.0431273242733825,0.0036373389764687,0.0436755322252618,0.0126410279852907,0.00779024599978054,0.0180280264247597,0.0158621523202377,0.00735411825991392,0.00269891742417861,0.00209917237552815,0.0924361562514832,0.0146967629576702,0.0885238262301698,0.0390473279105079,0.0365704734536987,0.0175112385770632,0.00310078190735097,0.00454159403489127,0.666528397597778,0.0743067163501701,0.0501593595071035,0.010190405663826,0.0205996135006421,0.0249953076094855,0.000997586707427209,0.0131045079605927,0.609794493858387,0.0706114829096803,0.0328197493958808,0.056350008799144,0.0178890124251428,0.0389140583084823,0.00291641416374389,0.0112343847167435,0.0175130467625726,0.00686032085493649,0.0195686106024025,0.00411719893112239,0,0,0.00669906553593547,0.00495844116878467,0,0.00284598288892532,0,0.00123374563433065,0,0.00307195733091913,0.00134481349179193,0.000653410352609504,0.00255780501976968,0.000839603021742769,0.000805260303511024,0.000862990526139147,0.00126681532138395,0.000656670442218147,0.00238643173268004,0.00194859974287363,0.0447447841110944,0.00936250228247842,0.0667458309101386,0.0215864721343901,0.0276712643664305,0.00966146391678319,0.00116719525967328,0,0.0163861833796897,0.0196868013327875,0.00669665017380741,0.00660519747461924,0.00275212548433299,0.00335499882198556,0,0.000448215279890189,0,0.0045580387398105,0.00155315801379965,0,0,0,0,0.00417487642187945
0.242479135048724,0.491096929535298,0.0872905144022894,0.749030605510103,0.914958883407717,0,0.392015751295329,0.258802995744016,0.263053593140894,0.256910134946386,0.364743943462792,0.256114947456454,0.0348342283621915,0.0657884676784443,0.116532801020957,0.0118784971793739,0.161058596946106,0.0138455116152371,0.0483600044209324,0.0470691855023403,0.0444756216912733,0.0128266704530344,0.0117336003465697,0.00753527066518067,0.0248934243492305,0.0204775103343654,0.0869893327580586,0.0427062438821035,0.0369194300284973,0.0274049842234507,0.010134453077974,0.00834185248088543,0.273974413048526,0.0893330791679566,0.0503600379782264,0.0199094039801962,0.0252446535790272,0.0658144805037958,0.0102672374236196,0.0139086942261484,0.244667662557983,0.433013852789308,0.146959989474118,0.235106476557085,0.23976435686096,0.158679095677234,0.00117725919024165,0.0144394913616923,0.013172501335272,0.0129967691757602,0.0121021569258374,0.0071397904825963,0,0.00348615416654038,0.00724545560245176,0.00322542351491626,0,0.00180187404204039,0.00132491765946946,0.00292850899440898,0.000496008178278079,0.0114867039604709,0.00335095006594691,0,0.00339662362375516,0.000966100759155375,0,0.00173326876001113,0.00213471794943382,0.00355934807007627,0.000980287345142772,0.00171976152702402,0.0121048226823169,0.00931982795002752,0.0370393562374848,0.0247969073227699,0.038901299262579,0.0155730021393435,0.00346604762454632,0.000865116621264359,0.0142872623651523,0.0103744249804675,0.0198893074851346,0.0075334235661237,0.00379195538913313,0.000774078029241697,0,0.00419349597788642,0.00368346726144324,0.00243968538781933,0.000596815595387101,0.0057810778046548,0.00108726638230655,0,0.00159482350532913,0.00554554011121848
0.172614861336751,0.39199675294422,1.09815419438699,1.68861101673751,0.0981924093416807,0.392015751295329,0,0.156956007248325,0.115017767090576,0.265484282953483,0.127354297199638,0.282097486857817,0.102563631693008,0.0469232272746685,0.111638852381875,0.0314554659929436,1.75974096622113,0.592989210972716,0.181507412833444,0.307470341376975,0.195633327950094,0.278502795887292,0.0424503288829121,0.0254944266946785,0.0329938869905789,1.02337078479662,0.0612066594827913,0.376154860244549,0.714719324727657,1.32776871744527,0.69157374086664,0.0693331853826733,0.0775299691672657,0.0958815758521314,0.10802778521217,0.0785918472269975,0.0250345413635992,0.0620942111387165,0.042424407323809,0.0191181388469518,0.0439852663647601,0.334274045275804,0.221627120529025,0.144479627471908,0.135576168174272,0.157204155055016,0.00910276111132091,0.029404637746306,0.0323267319582849,0.0300690400817484,0.401292512568977,0.0215699744758765,0.00190679691716314,0.00701366869787391,0.785763908265093,0.0156966999440887,0.00489554199286419,0.0158527778029142,0.00670407579269657,0.0224479067943095,0.027589842375172,0.0123876684882287,0.0326762813747573,0.0116050649864387,0.310867568298918,0.116955922142559,0.0283920416285363,0.022986042155697,0.0265170117224408,0.1547315231069,0.0138243503112842,0.0116422228259693,0.0203549720707498,0.488502446133287,0.0444770305028292,0.174501455972454,0.47071248124861,0.843048485736259,0.370574381610732,0.0495063398334872,0.0176806626311737,0.0293988218743957,0.0644987596333709,0.0302501208631459,0.00633856241468135,0.0375457039677,0.0128608455091113,0.0120968666232384,0.00312911614713945,0.0151712639889135,0.024171950669655,0.00713470574384214,0.00782559933551064,0.0257375159341322,0.00413912120379591,0.0314384732462169
0.415327900312681,1.55098950960625,0.0948050823058455,0.172922551226867,0.207663475531772,0.258802995744016,0.156956007248325,0,0.718453772278314,0.351894073547327,1.61025811521592,0.774878864925503,0.0390381002525642,0.76815428557336,0.426104101195609,0.0165029088381687,0.0787398635251631,0.0269952251496591,0.0299584616489806,0.0305452006318305,0.0313656856455253,0.0202801724425595,0.0206519284594319,0.00756678006491696,0.217100141775976,0.0220644393542318,0.880886930255373,0.111931698569928,0.120280201845936,0.0717886495641217,0.0149056172963019,0.0111297634320543,1.77210825838087,1.14321904607116,0.197668293855621,0.0526612487683314,0.469023013595244,0.343956705383083,0.0138515924522661,0.0270021241851434,0.2670032238815,0.610487782475878,0.111521009195913,0.854860685598236,0.295967392343889,0.129979470959395,0.00570792595142289,0.0301219234683019,0.0732071609750502,0.0256114583782944,0.0400782489574027,0.0101320117037734,0.00278873018533016,0.00638638104282384,0.0173393456622808,0.0484954842921687,0.00729298929959041,0.00530467456721325,0.00455826985442157,0.00637850122724458,0.00634099342162455,0.0158679976726748,0.0155315312565845,0.00242093949155458,0.00873381806192287,0.00531593229369053,0.00519128746970115,0.00223631512434809,0.0021297632015404,0.00701990669538286,0.00326905579086927,0.00556693569502003,0.106392067697512,0.019315791647913,0.205192845744075,0.0665310730912566,0.0955053474112487,0.0373493886425462,0.0118141461222674,0.00384948647691385,0.12988191325184,0.111277681770302,0.0374168685690333,0.0200217212768765,0.0262092589078029,0.0341675654107198,0.0016654746089118,0.0250402968812525,0.00415731810409009,0.00725234895480302,0.00898228801097138,0.00406289423335723,0.00146408013049363,0.0070438210822329,0.0018987091085054,0.0210522212191585
0.0372950995564454,1.25162148844278,0.0400116312494138,0.0790458935054633,0.0518561556196852,0.263053593140894,0.115017767090576,0.718453772278314,0,0.792712817131451,1.75051790813154,1.34469352926608,0.0436961914728299,0.579103618853383,0.593855188147225,0.0241134479939397,0.103186840002281,0.0147656631274732,0.0683656379377239,0.0428543579325902,0.0219175305056851,0.0124087440442883,0.0039080738012912,0.00112097323793526,0.0189563267685223,0.0238959546261379,0.0194702426074491,0.0205205882513725,0.0166255542928392,0.0255674291224267,0.00271143460373494,0,0.10850609361799,0.11781493033083,0.0433713241830133,0.0149614901099248,0.078168540197816,0.266592377737004,0.0033528288185925,0.011479390100957,0.281308455524424,1.03364212279973,0.278584730479634,1.03679379694666,0.716401951774734,0.327062201411949,0.00246587118617692,0.00663414231678992,0.00500202861669771,0.00132397847633757,0.0079458003640995,0.00481222203500081,0,0.00102542229216229,0.00509698998535246,0.0021474386077239,0,0.00380674371406049,0,0.00238415415177043,0.00242786680861735,0.00137428115442328,0.00208224587334145,0.00194342112171315,0.00178096453864129,0.00168175747336143,0.00368302840098624,0,0.000947050503858321,0.00230115086389104,0.000585667356962308,0.00209453502876291,0.00419247139895562,0.0140716696370236,0.00389865892660811,0.0146474808630752,0.01450259591379,0.0090529792522378,0.00293894859352868,0,0.0032194743806112,0.0053987983917283,0.0091453771836342,0.00607423338352475,0.0014869333922915,0.00294312915771339,0,0.00559076399584191,0,0,0.0135611822036656,0,0,0.00538745784229466,0,0.00113811547874898
0.0385898741769626,1.50013033651872,0.0734962431020628,0.115459415087011,0.0450929098898833,0.256910134946386,0.265484282953483,0.351894073547327,0.792712817131451,0,1.04391577750552,2.70405647737088,0.76572388896398,0.323467027312849,0.91620827570185,0.209730771408066,0.416608880018271,0.0605719775197223,0.415606017720006,0.631077507420674,0.253917701765031,0.0811745463603335,0.0381751586403992,0.0145194425875962,0.0143863610242861,0.0349575848096534,0.037954602949259,0.036164124614181,0.034022832050335,0.117435005285435,0.0270413432205103,0.0227418120325069,0.0745956487201514,0.131451321892116,0.193872560800467,0.0287519540858455,0.0566194590402362,0.186242113702594,0.0592536937041249,0.016701872072245,0.133314340706135,1.5791019150484,0.935919635094372,0.943980190527021,1.05748206736964,1.3753685602827,0.00359999498022938,0.0175321950614913,0.0050465382293624,0.0132795146780022,0.0199652915055441,0.00413874795791062,0.00233129460892184,0.00153855141503303,0.0216633869298973,0.000902156410130053,0.00205630405542123,0.00936947057801077,0,0.00361511922678736,0.00767429301106182,0,0.00870236803467202,0.00268307688954889,0.0149262051583935,0.0130692067159974,0.0114594109330139,0.00746039938205273,0.00391667664333424,0.00887586672663181,0.00110012769074668,0.00369069980561727,0.00958088002045153,0.0245115997210166,0.0204185770362653,0.0054607170202377,0.0193441931425257,0.0467367383804848,0.0270760380298978,0.0143439882581491,0.00407006108502715,0.00942378603322734,0.0156652744113813,0.00154488337646835,0.0114553991777093,0.0118447218013742,0.00400469902135839,0.00259697961204864,0,0.00128852029943671,0.0106269032960934,0.0051464558569266,0,0.00720258108321568,0,0.00578951460642538
0.094403914321248,1.62456259515203,0.0611930929197931,0.0968828387382181,0.18156267953479,0.364743943462792,0.127354297199638,1.61025811521592,1.75051790813154,1.04391577750552,0,2.64443644055056,0.0840742372633886,3.35726736568167,2.44088663718672,0.0591516150326754,0.119256862234497,0.028546626992771,0.0510987689247018,0.0647961319326302,0.0320559058775585,0.0207887165726663,0.0111895872256515,0.00209805203818384,0.0454044085018185,0.0210621708026984,0.100683535566362,0.0393534714482412,0.040755623928097,0.0346272153729059,0.0241011085036912,0.0150695634677498,0.322651542529505,0.350443263572418,0.209916761899742,0.0269416226196457,0.275993842055076,1.02783440105732,0.00874212312242228,0.0165836508717465,0.367783245991452,1.12199734822819,0.360635415160753,1.68547321187727,0.920042800889683,0.452707880671959,0.00203635901344472,0.0173147109725255,0.0102516502451781,0.0101189885669223,0.0183282939597478,0.00574297070081325,0.000975950688249516,0.00190753220544382,0.0119980481545709,0.00493717879255235,0,0.00575673801876666,0.00645139410525536,0.00202067458310168,0.00260468990519114,0,0.0131952427745451,0.00174624079046837,0.00571933406275748,0.00480680133947003,0.00578124656458372,0.00067659998828766,0.00398218232385739,0.00398957239687944,0,0.00396811301162224,0.0356053907891959,0.0247732885223082,0.0509573328526827,0.0208510534440789,0.0297192013940921,0.0263751960950699,0.00893164430501128,0.00421062888678242,0.0093393137865652,0.0146885121114155,0.0136125530686143,0.0126681399164905,0.00935162427084088,0.00423497471908028,0,0.00458107980270066,0,0.00351175492837938,0.00989314988423241,0,0.00148373996113269,0.00546947099341548,0,0.000740934849459071
0.0660904697000263,1.9634821737184,0.097810321064144,0.158668598325973,0.0652783739488981,0.256114947456454,0.282097486857817,0.774878864925503,1.34469352926608,2.70405647737088,2.64443644055056,0,0.813492292263519,0.919534881698949,2.83489459263287,0.347736496390074,0.374787140932432,0.112869601437396,0.237110731461442,0.583120458609224,0.250017321087852,0.113230129322915,0.071460584357257,0.018998096161297,0.0244195009669687,0.0546398265690182,0.0589641491189023,0.0326144976729178,0.0504042515570337,0.124735654388917,0.0746859968975218,0.039743740042078,0.141473477838441,0.211210406181276,0.231642938816799,0.0702986256944281,0.107626221478182,0.791926375193722,0.102005767740885,0.0346421100061382,0.176748617209449,1.4460804371877,0.717404721447595,1.51939290539201,0.955951056238096,1.03705915220871,0.0123761430671208,0.0325967324483154,0.00871688525341358,0.00736890388103119,0.0282303069552239,0.0055096658989747,0,0.000419727730543815,0.0392292328812882,0.00480415511387424,0.00107618301388476,0.0116457136386723,0.00714511308617213,0.00666310215065221,0.0057631644837528,0.00109090321076876,0.0101747188466475,0.00561088851354334,0.0267543390685435,0.0178687526452604,0.0161268518230608,0.00752532537425306,0.00897115239911067,0.0202400024209558,0.00251029268259847,0.00587593791804897,0.0126971735297161,0.0418631065931931,0.0181953055797243,0.0206222928836094,0.0423788382846248,0.0639488275460011,0.0343512355057534,0.0148549594908937,0.00905666876277142,0.025325685174158,0.0230745854358815,0.0156209646665589,0.00146237141907277,0.0134333563750205,0.00359962602105005,0.0030742825668494,0.00226341907286005,0.00377315276321291,0.00650861689221463,0.00774494432667044,0.011270123212713,0.0162618516629007,0.000990904581655454,0.0142014838021228
0.0115668065204147,0.0889747774669318,0.0344427883304384,0.0457801897832281,0.0106759014691181,0.0348342283621915,0.102563631693008,0.0390381002525642,0.0436961914728299,0.76572388896398,0.0840742372633886,0.813492292263519,0,0.0535798264334413,0.99679442661753,3.78388586655755,0.241346455678081,0.207024841766452,0.322592600397108,1.15620392288202,0.945092342104639,0.783826146064884,1.83760242506622,0.731114802211106,0.00406743979397038,0.0288729090773128,0.0362294569190676,0.0116760262099797,0.0419516744039346,1.21300218572914,1.01473021733166,0.72022825022304,0.0364061976026846,0.169635685533255,1.98911423820598,1.73184943964102,0.0427849831813056,0.99325293494181,3.36391248498185,0.624265236993092,0.00815426591022142,0.0861517252762677,0.534274269554243,0.0260497835468295,0.0475346026104284,0.63130567597315,0.309829371928194,0.347494617554895,0.000835506537291904,0.00856996289081642,0.0170844192912316,0.0036998429826716,0,0.00158152793276463,0.0302475056673803,0.00469918684109705,0,0.00838426124231662,0.00382677124411887,0.011721044498814,0.0253607016974036,0.00101387331295152,0.0152876045666405,0.0137154415665367,0.0297031773273825,0.034005029631061,0.0104146843826455,0.0128195940753682,0.018448720224464,0.0717936340221134,0.0197047204893783,0.0670856556419907,0.00515107154314132,0.0167200380176436,0.0202017577667731,0.00757362336811453,0.0211231061385641,0.228362086213175,0.203962116330871,0.181631542604976,0.00481373059090146,0.0137259984619075,0.0360330813289852,0.078987101611077,0.00354605770820387,0.0266613789533834,0.0263826928415307,0.0306245960929162,0.000728218143789448,0.00196142401506083,0.00544695207445828,0.0029741670355411,0.00137895168873137,0.0144383443345257,0.0145890836667524,0.091706748561049
0.0532799388792025,0.51785916804101,0.038416965567511,0.0581644680338354,0.0898063249344964,0.0657884676784443,0.0469232272746685,0.76815428557336,0.579103618853383,0.323467027312849,3.35726736568167,0.919534881698949,0.0535798264334413,0,1.44038147377062,0.0635165347672202,0.0482989026889844,0.0259073454558432,0.0382156415465591,0.0432494340417519,0.0266408523407815,0.0271254715250106,0.0108885223081039,0.00430777036036904,0.0821521787183102,0.00881492109696588,0.0979091530861465,0.0277851232002525,0.0235820286620804,0.0483032859655721,0.013581875504284,0.0114885344369809,0.212216535857469,0.457917363917871,0.322617505536407,0.0279632496647484,0.661701766599669,0.562728803597848,0.0470950806810355,0.0134809175543749,0.0721310918481631,0.264504523017633,0.100459342677826,0.665415621177413,0.256439371960325,0.184618868358025,0.00696198534901649,0.0134297116012303,0.0119266252776472,0.0024423817465838,0.0116687734578116,0.000388709247944048,0.00206031307065691,0,0.00734820866999236,0.00740122596593634,0,0,0.00257075662673911,0.00517848554696387,0.00285370520970792,0.0130155193107626,0.0057952376188025,0.0026883757865781,0.00536522847483014,0.00217923069602702,0.00474887009681722,0.00186716002175261,0.00245164323079641,0.00547315025219162,0.00288190079194295,0.00118012604404052,0.0288228202712934,0.0133306094333598,0.0473634612539464,0.0100444344327848,0.0170642287257322,0.027671982688595,0.00786367349717615,0.00922721423499262,0.0229269440559986,0.0198122275690212,0.0197896675034217,0.0128970084994739,0.00974290899852848,0.000972421057675574,0,0.00592046321990564,0,0.00221619139047775,0.00619678157913583,0.00273587233497748,0,0.00675974975765359,0,0.00759676366369721
0.045839884607373,0.717946522438289,0.0552889615384937,0.0836297778239413,0.0431273242733825,0.116532801020957,0.111638852381875,0.426104101195609,0.593855188147225,0.91620827570185,2.44088663718672,2.83489459263287,0.99679442661753,1.44038147377062,0,3.00790149508206,0.172196820838099,0.101359423393264,0.0967731083868248,0.258233824406682,0.174519402249168,0.175976652603449,0.325067120183243,0.138953104609155,0.0296057494438977,0.0441384011870256,0.0608549114734276,0.0300731338279223,0.0580533002012871,0.355242848174642,0.182026876358157,0.16335798322992,0.124024429733318,0.532528914677827,2.03221635822224,0.506628210842495,0.194928208272239,2.30230844728249,2.92987306686636,0.135661374239387,0.109365061925841,0.484050719759587,0.38040601107954,0.632886393151578,0.342904783069872,0.388662308107891,0.0381291194178739,0.0844454419888471,0.00955012915862681,0.00633911371121455,0.0161997350847814,0.00212334410940271,0.00294785472836877,0.000955651808775639,0.0340650390680167,0.00722021572009429,0.00186445936515665,0.00968286527153613,0.00377788851156635,0.0124316951578465,0.0128937366249377,0.00402608546358911,0.0121229514618362,0.00845524677666465,0.022953283391648,0.0182812610010738,0.00878490550683859,0.0079845617886327,0.0105820953639163,0.0270077694668284,0.0165190768797476,0.0103067203305939,0.0209014952089239,0.0323653619543548,0.0225854406904425,0.0151791013644964,0.029355477143029,0.0974550944730487,0.0527227772185571,0.0323273762211733,0.0174441564445128,0.0158366220641119,0.0382559637236425,0.021249608955039,0.00763229540846388,0.0174531181320674,0.0111193172418445,0.00717019842478493,0,0.00421738783474421,0.00810877656460294,0.00481737213751098,0,0.0115335184226126,0.00672387037788969,0.0300769064092068
0.00469326643671469,0.0367949266507788,0.0110370090388033,0.0229498897172525,0.0036373389764687,0.0118784971793739,0.0314554659929436,0.0165029088381687,0.0241134479939397,0.209730771408066,0.0591516150326754,0.347736496390074,3.78388586655755,0.0635165347672202,3.00790149508206,0,0.0775709215120838,0.0849972542594795,0.0634853087951329,0.319314770422724,0.372044440056421,0.482129588223827,2.51281730630381,0.504179395285566,0,0.00718220867423933,0.0233885143945889,0.00467718896647461,0.0160820846488892,0.447810266738873,0.306626302894909,0.399524102224634,0.0078439982279427,0.144234102121322,1.60737173136276,0.992538899338438,0.023426941327008,1.28520533731534,9.5294337702686,0.83373820829895,0.00389366254974249,0.0347184972045195,0.215054946589916,0.0237626462709407,0.0075021958628757,0.153527597811173,0.129484527041504,0.29025705438742,0.000354279448903927,0.00305855910709129,0.0031013645313992,0.000961656674240745,0,0.000582708298437651,0.00706326330751088,0.000348699313224288,0,0.00475736240204241,0,0.00809090978764843,0.01388036556863,0,0.00688009702262537,0.00475220080286917,0.0119444832978261,0.0131376117924715,0.00620542592797013,0.00634903884938344,0.0122436695910086,0.0230030307591399,0.00546723600892626,0.0419617497205652,0.00241561827902394,0.0132483606238175,0.00587499569450235,0.000389921815268757,0.00326885389960649,0.0976511451154388,0.0645156907411136,0.149784652594452,0.00170684780795111,0.00703766985398461,0.0184863333406696,0.0552821294708082,0.000880751556904674,0.019415012915237,0.019356671701949,0.0254124182983866,0,0.000663232224308766,0.00373214729607066,0.00284438558839806,0,0.0114596615814818,0.0145709677608026,0.0830373526727022
0.0683936835948989,0.341150140515105,0.426450267108785,0.624221559829766,0.0436755322252618,0.161058596946106,1.75974096622113,0.0787398635251631,0.103186840002281,0.416608880018271,0.119256862234497,0.374787140932432,0.241346455678081,0.0482989026889844,0.172196820838099,0.0775709215120838,0,2.05320266734397,0.629220293689706,0.976631881767392,0.687438563718904,0.70036902097692,0.0774446243218343,0.0346454078081667,0.0128593198426069,0.330807658729697,0.0319002853663491,0.11296663618331,0.239846845662063,0.859647435753723,1.00585140616028,0.134326246628341,0.041733146481256,0.0744930136152521,0.117085654256952,0.0911849540179522,0.0148187802352948,0.0605006649726498,0.0623836630659864,0.0305068692351682,0.0330743465343282,0.450561764218968,0.827536557814798,0.121744593444428,0.199993285751966,0.434800652632866,0.0188652256025355,0.0584193670820277,0.00932099713618088,0.0144889051776449,0.137360038307883,0.0112205815027564,0.000935574050422577,0.00272251672614676,0.382433501198394,0.0069186317193356,0.00436548230936751,0.0119745137985578,0.00537062804851409,0.0240539056817736,0.0250148789291678,0.00867932355694342,0.0318738253711296,0.0126606937106792,0.19179328073046,0.147363530426359,0.0280675025007172,0.0256123759412244,0.0310563272021684,0.187889629968757,0.0157981980553943,0.0113927348461049,0.0109398097930229,0.197275449786916,0.0188283558246239,0.0542090526669657,0.169423332474045,0.588872276738277,0.371524115560749,0.0873141091564183,0.0107348486346532,0.0193358409703481,0.0406385410990029,0.0299782393117091,0.00183960192435739,0.0343416038297625,0.0158087276566133,0.0100237989262374,0.000705420802592175,0.0105671265126156,0.0172744024062842,0.00690140350880082,0.00376593564097773,0.0286321499289614,0.00286609284735289,0.033851877186287
0.0138165010727561,0.0507247608739782,0.147162295959505,0.106527049978776,0.0126410279852907,0.0138455116152371,0.592989210972716,0.0269952251496591,0.0147656631274732,0.0605719775197223,0.028546626992771,0.112869601437396,0.207024841766452,0.0259073454558432,0.101359423393264,0.0849972542594795,2.05320266734397,0,0.222994862100847,0.733261351309794,0.679037370102621,1.31691864876105,0.104375175331288,0.104113949342231,0.0061183127108895,0.153105580933778,0.027996601054953,0.0344131084567039,0.115455931151285,1.48996834984357,2.06534301677246,0.383953733341162,0.00959928200510417,0.0400681531172967,0.134406368814163,0.187169396904671,0.010261225435886,0.0437848620169584,0.114810710552915,0.0380970134048522,0.00551186917335839,0.0381269647048003,0.284931710314023,0.0312663175628151,0.0271214842769343,0.127418948771667,0.0810324926084301,0.112424572955779,0.00287492345538388,0.0132246936230384,0.0443712382094403,0.00287205289954751,0.00295824422893302,0,0.167603554261026,0.00345933000153964,0,0.00778428332800658,0.00182884684079944,0.0144554541366788,0.0279744441668627,0.00375817976908037,0.0383126719803605,0.0301266004475,0.155238690875286,0.150058425612921,0.0373153088118227,0.0319568798156292,0.0383015948025525,0.201679592345874,0.0183551355366609,0.0237137675181143,0.00314534580523539,0.089863310944768,0.0111807289594462,0.00561922625265512,0.0834937485887448,0.646282972585594,0.56041665144798,0.174715348867688,0.0106477562730983,0.00972591145647334,0.0603650491579528,0.0421509227419562,0.00396199573232726,0.0303481068556881,0.0268994490789057,0.0207327199676978,0,0.00538150040828002,0.0185869006416752,0.00692076276280418,0.00580240814343734,0.0208509237028274,0.013638780236535,0.0570035812182245
0.0128996553137818,0.118546159378196,0.0474034760240448,0.090543332312242,0.00779024599978054,0.0483600044209324,0.181507412833444,0.0299584616489806,0.0683656379377239,0.415606017720006,0.0510987689247018,0.237110731461442,0.322592600397108,0.0382156415465591,0.0967731083868248,0.0634853087951329,0.629220293689706,0.222994862100847,0,1.06244672671312,0.718234513900461,0.133049831763889,0.0432745826920423,0.00886612929648194,0.00773207073622266,0.0225352921592782,0.00832900147253215,0.00565659412573423,0.0208653209003341,0.0647198225287058,0.0584978382538038,0.0151573241339614,0.0145366739487791,0.0298852747526268,0.0366564020818302,0.00949408898004503,0.00853469748182316,0.0222106779244807,0.031159901382906,0.0176942075907527,0.0129864650508238,0.188428744150702,1.1257869923876,0.0450301581714522,0.104010534296538,0.504215778783527,0.00460044625825732,0.00781719957769578,0.00139214407699973,0.00822341231519023,0.0107271564157272,0.00243551479896019,0,0.000953638670706802,0.018471109776893,0.00101536242332369,0,0.00251203085792095,0.0038512602552693,0.00605126793591429,0.003891752622462,0.00105262047286458,0.00515399686767026,0.00173204174117372,0.0129274058390228,0.0129034534667259,0.00221275523216757,0.00605716319228794,0.00152970647710748,0.0125683400668424,0.00196295446300933,0.00350007049744876,0.00504861027384976,0.0143831016171228,0.00345561333622173,0.00319637540082474,0.0167631513081598,0.0415352036279701,0.0286574057498857,0.014406325408893,0.00243548451881027,0.00323921294349289,0.00827188974492762,0.00677777850865905,0,0.00490013546995029,0.0015397167677547,0,0,0.000889280948071502,0.00465429291447894,0.000742238777967363,0.00114337789335192,0.00103598957277095,0,0.00398039726836533
0.0215542056009777,0.119310440742627,0.0838982677087681,0.134780169647828,0.0180280264247597,0.0470691855023403,0.307470341376975,0.0305452006318305,0.0428543579325902,0.631077507420674,0.0647961319326302,0.583120458609224,1.15620392288202,0.0432494340417519,0.258233824406682,0.319314770422724,0.976631881767392,0.733261351309794,1.06244672671312,0,1.74692147186173,0.666653887968935,0.236369104861328,0.193850306109386,0.00880012703807084,0.0533241600650501,0.0434497099407275,0.0237532217235995,0.0509638383525855,0.682514258493388,0.623236341849138,0.272421881966873,0.0319132947502351,0.0852211030179879,0.396906360669509,0.415776041467217,0.0174868754621313,0.2048687177613,0.391963957949552,0.0614905643507678,0.00735067904407703,0.118554198156335,1.2451758871209,0.0576573472809322,0.0752299397532655,0.64704378824089,0.0934907146494366,0.0898114973650165,0.0030416194306528,0.0132114353178514,0.0247250524347147,0.00342939303282754,0.000540733932748796,0.00114400798886943,0.0336137291598975,0.00537654389310033,0.00469436566487071,0.00695326329785653,0.0034431245657347,0.0135396174600899,0.0116831226226169,0.00865102329991806,0.0169490009955103,0.00904082422432294,0.0534871734748316,0.0545210098605433,0.0173532520360719,0.0120630726133225,0.0163922455160972,0.0735246969372155,0.014638376609556,0.0218074306277222,0.00486329511550313,0.0333842664387482,0.0139689682385893,0.00807755173018142,0.0315858708635087,0.203487281172965,0.149925101634983,0.0867958916066484,0.00575618308717377,0.00918133552600631,0.0388636229543729,0.0170022116494787,0.00396962892075352,0.0224575741295926,0.0188305896905076,0.00628928884002862,0,0.00846578201403938,0.0128484122459676,0.0020512957591956,0.00314151945677255,0.0137751958029959,0.00440833080073862,0.0318227794925361
0.012885256410731,0.0738200783425596,0.0697892926536264,0.0990429591124423,0.0158621523202377,0.0444756216912733,0.195633327950094,0.0313656856455253,0.0219175305056851,0.253917701765031,0.0320559058775585,0.250017321087852,0.945092342104639,0.0266408523407815,0.174519402249168,0.372044440056421,0.687438563718904,0.679037370102621,0.718234513900461,1.74692147186173,0,1.10015510296965,0.38794121584044,0.118192744709965,0.00801997107756285,0.0432355236718883,0.0192985075487528,0.0105700075788182,0.0315010608523495,0.386784096634576,0.474928060042276,0.272430737167156,0.0208942727872465,0.0483385907824384,0.141331535293425,0.203281655618843,0.0125746433550544,0.0686916062568487,0.26907111699585,0.103988061262165,0.00738827699168538,0.0778865030833864,0.890596297728078,0.0279526771919074,0.0280599078504159,0.312099503282007,0.0689551644599974,0.114906506979684,0.0029283893785498,0.00865271627561864,0.0114903814121168,0.00246306284068103,0,0.00173959243891877,0.0315317718743094,0.00350175290417743,0.00249173572638724,0.00747760953326627,0.00164764003187659,0.0072424467078586,0.0212181726365231,0.00251823191453272,0.0169907002396304,0.0142590127942704,0.0427229502002622,0.0478804102094748,0.0237806425216892,0.014509175537487,0.0137460822302711,0.0810861724471145,0.00868242227894509,0.0170808920217035,0.00460867150422821,0.0165750830948501,0.0114579428816769,0.0086370449098478,0.0196104688270546,0.156010894671232,0.128798069051153,0.0590344764720158,0.00452055951302391,0.0063177648307272,0.0374958763924015,0.0251945338605608,0.00234047544556708,0.0201880287228767,0.0160223837657718,0.0142522530303978,0.000622055568282334,0.00549704511970223,0.00645984981970479,0.0023987722333324,0.00226625835057348,0.0151167041835612,0.00733810689961856,0.0395507965749795
0.016656582035957,0.0540166743804732,0.0664585519180093,0.0528879971293823,0.00735411825991392,0.0128266704530344,0.278502795887292,0.0202801724425595,0.0124087440442883,0.0811745463603335,0.0207887165726663,0.113230129322915,0.783826146064884,0.0271254715250106,0.175976652603449,0.482129588223827,0.70036902097692,1.31691864876105,0.133049831763889,0.666653887968935,1.10015510296965,0,1.38858714338692,0.600596733244513,0.00240232228546828,0.0720134997570907,0.0277835440773529,0.030806208053357,0.0671918068742773,1.11394544309957,2.26632819325288,1.54171798625036,0.014413397482534,0.0583373507154044,0.244515837938982,0.785135266837121,0.00764771570183823,0.105494971262544,0.678544955245159,0.604822891861918,0.00479311788540028,0.0253769237713803,0.211261617440175,0.0165951429443961,0.0129695990637934,0.115605368247141,0.226807936296987,0.937760614685309,0.00475635658140685,0.00844975693779614,0.027023488413993,0.00501561174047234,0.000389576560220922,0.00123833543317767,0.104574636451911,0.00628133103344115,0.001243377242537,0.0095074322531962,0.00255407953446839,0.0155258020361924,0.0279590921190848,0.00394766541117392,0.0266489773789295,0.0298419529056783,0.117209035837104,0.127868691506736,0.0245234361725378,0.0297238677765644,0.0359005881430245,0.298009976647824,0.0637702840386044,0.088062338013874,0.00313553955708296,0.0300002948612372,0.0189043546158279,0.00987245450902838,0.0461872943529588,0.495236392329709,0.742262185681373,0.40936581824594,0.0068458512583293,0.0212706076032513,0.0588497113235014,0.101037787882554,0.00520605628038454,0.0344683004876048,0.049128994256724,0.0592998842254888,0.00159419343995883,0.00353784304400582,0.0130147843615698,0.00197498093406098,0.00131881866558634,0.0158696955735445,0.016434126342971,0.252521615942531
0.00953437376784529,0.0360110717316234,0.0228299550231265,0.0279754936936329,0.00269891742417861,0.0117336003465697,0.0424503288829121,0.0206519284594319,0.0039080738012912,0.0381751586403992,0.0111895872256515,0.071460584357257,1.83760242506622,0.0108885223081039,0.325067120183243,2.51281730630381,0.0774446243218343,0.104375175331288,0.0432745826920423,0.236369104861328,0.38794121584044,1.38858714338692,0,1.13680238435004,0.00426141141352766,0.00934711262489429,0.0195685974487965,0.00701873971779955,0.0121433803632467,0.419867161434414,0.695370451334708,1.13811555028357,0.0186373607175049,0.082060285407507,0.304297694811603,1.63398988832878,0.0128148545859516,0.160859712003862,3.70190176651727,5.13731483915233,0.00507571524229527,0.007866854059317,0.0902565601639865,0.00579561871562172,0.00695284140603611,0.0427473656349827,0.243695711527316,4.42272153582692,0.00329994222164724,0.0101605907384233,0.00956656722359947,0.00601904305266226,0.000892063657093406,0.00243574682701822,0.0119612384150512,0.00283875862292174,0.000679428437241961,0.00445324069603842,0.00054434193590594,0.00343912673740669,0.0222681124746363,0.00333568981997148,0.0117772569485815,0.0248486676506199,0.0157166933498957,0.0269435798794416,0.00590015016088689,0.0117787418955935,0.0104905634510573,0.0904024084226514,0.100743821972359,0.137258306282308,0.000771825455670172,0.00583797620781623,0.0113353910595419,0.00679682568398013,0.00662241835318324,0.217947595595999,0.284922864126753,0.365372743502794,0.00481642264144614,0.0338291073759987,0.0595817997403468,0.273828020297097,0.000440494482027255,0.0187052161776852,0.0869506024441161,0.188076118621146,0.00214270944211545,0.00251385131437291,0.0044593351681362,0.000538361976599028,0,0.00952026340343329,0.0205064619436129,0.702709463308818
