0,1.1370490130108,4.6061846646622,7.36037252221502,3.93701168041796,1.51365908022594,0.452760188208359,0.557232506222703,0.051055949963175,0.0252366802601124,0.0273345517935974,0.0253743212474659,0.015734246009598,0.020085411261175,0.014017233597451,0.00513174540326893,0.0461203267987524,0.00579070784046928,0.011048479044146,0.0200337872662304,0.0102015643579869,0.00913177736877211,0.0166225489175525,0.00841983737562655,2.48956221858875,0.126096383107051,1.43676263621071,7.73248210867934,3.42755499503527,0.0548733187047017,0.0240915809995598,0.002745737010722,3.87590399464992,0.263989258776205,0.0836322837923181,0.0483634843168722,0.0568531224123676,0.0334454940916539,0.0215274443449984,0.0109163686996245,0.721703778329676,0.320300669996833,0.0317112289691756,0.122398293279681,0.0411032718562021,0.039638425135173,0.00275792585624825,0.00276154804786997,4.10439544158062,0.0830029236338274,1.37976843420647,0.406082446797775,0.0408525055649312,0.0255077121670007,0.0149923361187701,0.0180265408980544,0.000943393816093624,0.00145852570235971,0.000427174749328073,0.000704953254328472,0.000745214528726322,0,0.00108864039517674,0.000593400193090695,0.00612841457055215,0.000780503492157382,0.00104677082571435,0.00189366413486566,0.000737936280126984,0.000339189999308107,0.000653663893009629,0.00221575686453166,1.07121890648716,0.0390556442134277,0.798253510992199,1.68324252201811,0.610462573503444,0.0119192116310754,0.00901191552595014,0,0.481285454194375,0.0650927955781679,0.0138131716687444,0.00764594902907804,0.00310330903870754,0.00599571375866036,0.000782496053681814,0.000911416345003204,0.0406919202348918,0.00727659985894598,0.0039448032440066,0.00206363475754104,0.00143683372330323,0.00125369154619184,0.000567178499935386,0.000214515897739218
1.1370490130108,0,0.173250885027633,0.386208674819377,2.17515849716051,2.72989815473253,1.31207384100386,1.44403580395424,0.699988473057612,1.25674279459799,0.194155662438495,0.687611124806132,0.699174000218799,0.12909189552616,0.129968025642245,0.18282908540159,0.587246298496125,0.0510435510334645,0.320315197535913,0.910196915464925,0.294097066749516,0.129343162399022,0.360414975093301,0.167806166219223,0.27341655392443,0.353785542683736,0.33384082186937,0.190179124965157,0.684714950449314,0.276469446954198,0.434281459805402,0.0371868500409375,3.33506517181841,0.706445225491689,1.23648127259206,1.02395131982524,0.187650555481064,0.28602913236028,0.650671712711877,0.242038009906062,2.7636431897649,4.95212937829625,1.84731863336632,2.83255869230941,2.80033361806702,2.11749810968921,0.095273209468545,0.0543000224069551,0.0210915312042941,0.00390642531244124,0.0268776465685807,0.00979618448734163,0.000699999818240704,0.00081406950051488,0.00160708288152397,0.0093983127404534,0,0,0,0.000400678205342241,0.000601877747765898,0,0.00174194141398228,0.00402988906737428,0.00195191719704882,0.00377376458504149,0.000437617504738891,0.00196767157621743,0.00146877454274631,0.00149600753994492,0.00260046904917523,0.0206078584985601,0.067287439954477,0.00698628469861948,0.130813792759074,0.0289770163599953,0.0386835169957592,0.021243217489117,0.0200637745988678,0.000782609308384762,0.0317926468077981,0.059812755944946,0.0406685794080456,0.0371974922824045,0.00368244015206895,0.0146750290204519,0.00167356707770406,0.00664094757721882,0.00267425840894074,0.000316888652903021,0.00115262644622949,0,0.00264768660036045,0.00390854731607606,0.00408564360238885,0.00436245773721983
4.6061846646622,0.173250885027633,0,16.4615828986556,0.317012176154507,0.634868736826557,5.2635821674363,0.0639967673080143,0.0258117108535133,0.0298811694283083,0.0143797002951347,0.0148505941951525,0.0117691617618532,0.00670357435233077,0.00857828674353255,0.00409616626364884,0.604368045584834,0.0909928636603157,0.219963527877926,0.0618609802141949,0.031656108456179,0.0166805534185768,0.0088063646402495,0.00513504064635054,0.0336571119981161,4.55582272704156,0.126362142114106,8.87260722198425,2.48081001766257,0.0882423232666252,0.020067630335821,0.00400695653653356,0.159273166821135,0.0480749000904261,0.0314068204806126,0.0148811669845719,0.00909695958014288,0.0112045593882153,0.00998392499888912,0.00317191308831621,0.0530726611923129,0.170985915916275,0.0690602363157538,0.0474090155656802,0.030209327572371,0.0359728516690675,0.00170373319050741,0.00281961699822983,0.838489520214605,0.0124071037956465,3.96511766296539,0.219124191631046,0.00936163749144609,0.0107853082685908,0.00478195091935945,0.00239528949877964,0,0,0,0,0,0,0.00126110762518369,0.00093169062477063,0.00383837868870996,0.00441265457366262,0.000658173220142401,0.00157787641832718,0.00178865585884867,0.00143156692525858,0.000377006369458286,0.00136424663331964,0.0351060209706289,0.0735789159791146,0.0618660225392858,1.09517199208575,0.234710502833145,0.0135440060795117,0.00719751765993177,0.000952366595281556,0.0404154680384264,0.0447381074858941,0.0129715502654838,0.00337322276141734,0.0013842131780984,0.00725159593025303,0.000917426891845902,0.000865839314057884,0.011060310476139,0.00111871764943388,0.000755708078074421,0.000689763260112497,0.0004845880860147,0,0.000270926690404759,0.000418752077649548
7.36037252221502,0.386208674819377,16.4615828986556,0,3.6468052883164,4.32138886581256,8.08826349926752,0.118478257000939,0.0332984884269687,0.0349394056539438,0.00915326388223891,0.0251786004348598,0.00868606532517231,0.00804620774401086,0.00485494352853846,0.00159760663617369,0.923048329579724,0.0600797568908911,0.227266879886332,0.0751124698891863,0.0281574746803667,0.00882898930393794,0.00708515436504133,0.00413824539817631,0.0390391905171405,0.842927291455013,0.066293584426889,3.08851752044818,1.47723002073558,0.0393062909414522,0.0129308026401342,0.000230742144968113,0.408738577065217,0.0655996080130034,0.0359376039408341,0.0162850567723662,0.0147561984169519,0.00981194245294699,0.00833094816137303,0.00300269243214558,0.342806385860839,0.31853709202466,0.0727864889968971,0.0842934590220171,0.0319014886874242,0.0472854890967954,0.00129193039945164,0.00122351329076386,0.0176137916090359,0.00189947915652682,0.0637690385774002,0.0165837027537619,0.000951200400740065,0.00175977780432635,0.00106861782629018,0.00246987755478333,0,0,0,0,0,0,0.00133804650734863,0,0.000723277251172896,0.000267455723435162,0,0,0,0.000168238099335448,0.000559723367970729,0.000640324374079126,0.00603665796753566,0.0116737645985818,0.0303973183126562,0.0281886583348506,0.042209246006329,0.00753220423056452,0.00257328589288684,0,0.0197123766679485,0.0324737628689344,0.00954737125846128,0.000507155346253785,0.000254720324550164,0.00422521141075901,0.000501266075863094,0.000311031238321121,0.00154071890579745,0.000304742227306767,0.00123627525474811,0,0,0,0,0
3.93701168041796,2.17515849716051,0.317012176154507,3.6468052883164,0,9.61057479659663,1.35352319339371,1.01110630192488,0.438324994010623,0.154986403707231,0.161281735083544,0.0628223848338784,0.0355543391271097,0.0653862533252755,0.0351318546553898,0.0250985639729278,0.165296270759932,0.00534611033947652,0.0554541831465171,0.0582557726724703,0.0167507574063718,0.00926309671106296,0.0304120356765932,0.0155778783673556,0.262310322076649,0.258488937843939,0.207058343821759,0.404860236623338,0.782473680099129,0.0409549360291959,0.0209288899173241,0.00126913579334417,2.97209212286925,0.28596847915725,0.168342171412529,0.0483920575450736,0.115268571555547,0.0569512097989677,0.032894324891999,0.01829264530558,2.6713522983803,1.35682958536529,0.120016249207847,0.697303242141136,0.211819079216898,0.231101982581981,0.00829617854930453,0.00197168155319325,0.0159317708341877,0.00205761878967213,0.0394069649369085,0.0134898422484936,0,0,0.000573468900243471,0.00287506006944887,0,0,0,0,0,0,0.00147834277588602,0,0.000190556768362493,0.000589897453071857,0.000691078946431882,0,0,0,0.000440974906485841,0.00115005026705067,0.0366155571926829,0.00604348938753047,0.0675848288187315,0.0324737509901121,0.0516067771672221,0.00497156161879489,0.00395840978680385,0,0.0254826324470283,0.0334536064488335,0.0120177097076363,0.0048150408372143,0.00431143716056216,0.00597883367502817,0.000973435264491229,0,0.00305090012439216,0,0.000720218703797959,0,0,0,0,0.000214371336513027
1.51365908022594,2.72989815473253,0.634868736826557,4.32138886581256,9.61057479659663,0,4.51122434407769,0.919491474916016,0.866645540232932,0.35105642714323,0.212329214213007,0.129055846963358,0.0895879424751902,0.0872461596430812,0.0461281375410485,0.0334287129437053,0.572521666272949,0.00851545536813496,0.191410262505246,0.1533213681919,0.0558928524951508,0.0201120728165023,0.0446018113092996,0.020165882382096,0.124091162232054,0.461128372024634,0.164346391203718,0.257193305096411,0.728956717406731,0.0452812888465152,0.0311093823399209,0.00906594106847824,1.72105885743151,0.29345458325728,0.205732830833862,0.0919574050400724,0.0859011427591587,0.0868044164047242,0.0583146890085429,0.0321119902192019,3.05326093001055,3.70553739614848,0.537970547987242,1.28382192178296,0.609440082543515,0.542862382072845,0.0135853153642417,0.00566665052390367,0.00974475128918106,0.00251440018082386,0.023590885004696,0.0086572855021273,0,0.000954786228213206,0.000263711558528213,0.00144057926754937,0,0,0,0,0.0013964396005501,0,0.000336509875355179,0.000715555786827492,0.000196409449676208,0.00260286918442222,0.000581817441759891,0,0,0.000191646538649861,0.000957992048858457,0.00174671393109301,0.0327860277554171,0.00175175858011982,0.0521584009007565,0.0270325708974328,0.0446741567956802,0.0110559750214907,0.00365148433239817,0,0.0230135770248059,0.056430569702815,0.013890455402051,0.010011485624516,0.0031416530508113,0.00875644523357574,0.000459445596589138,0.00158202548644937,0,0.00223062998657797,0.00211695674434137,0.00155781002242644,0.00119119603419549,0,0.000773298557708246,0
0.452760188208359,1.31207384100386,5.2635821674363,8.08826349926752,1.35352319339371,4.51122434407769,0,0.382045636239128,0.502126260544106,0.542831949443637,0.0878033258203528,0.236166542657215,0.185156625874065,0.0454701236105586,0.0679377058329419,0.0361187089066165,17.7321439509064,2.52171971464487,3.00427773222404,1.51333995143955,0.64679833922231,0.519172813239811,0.157403242014517,0.0425134788664372,0.016516947012545,3.82447765340655,0.109253011406782,0.0959001754953449,1.56025475873992,1.1624978145825,0.569300381901757,0.0269432558543315,0.445217676641266,0.202850386108201,0.228623503903602,0.149770523567687,0.0426457744591036,0.119225428410145,0.0969869485576334,0.0539047944825307,0.439180940423153,3.53049784640942,1.12181839743089,0.740010825114623,0.474784288172622,0.762805875830446,0.0194428205838409,0.0656110984827086,0.0151204188113981,0.0434830765451519,0.0496039861936889,0.0655558182932633,0.00298098610156144,0.00709512743494418,0.238548703965022,0.0339643222340814,0.000679483880951515,0.00782412799150669,0.00209282432127662,0.0117082400306136,0.0123497069728747,0.00119285775946205,0.0412582775158833,0.0127896997716443,0.101385093807349,0.187422568468012,0.016014951403799,0.0501717996127077,0.0331721158507912,0.0856012574442092,0.0131019461414848,0.0236242438834367,0.00807999905802226,0.185093367260052,0.0596279516480495,0.0157115257162647,0.225421704804279,0.307588787847725,0.272368973888747,0.0181548824412817,0.131520298014777,0.53154919606056,0.272562653563787,0.0425109635703486,0.0333112647338432,0.152077167804923,0.0141943312751159,0.0145234370200709,0.00700842491184721,0.00680229048537028,0.0105131178072299,0.00313642014507847,0.00327397059559976,0.00876645805410631,0.00942605353996455,0.00939558456546192
0.557232506222703,1.44403580395424,0.0639967673080143,0.118478257000939,1.01110630192488,0.919491474916016,0.382045636239128,0,0.830972879564261,0.229858542741011,2.04006901436795,0.403402826572624,0.0653571914794855,1.57613805712554,0.389372696901689,0.0534479519368839,0.0924565632646276,0.0196498590753137,0.0334213023242905,0.0529466074327868,0.0334122826318224,0.0155472441310865,0.0526539632069959,0.00976553359431277,0.1080503227397,0.116596521777417,0.635014753557909,0.110183911222287,0.323876005178539,0.0663315564859688,0.0255191225816556,0.00231846573154561,2.71121201942807,2.46157720654262,0.52060629809884,0.0462057834142851,1.27420541844938,0.527708298190543,0.100867681770325,0.0226552721790329,0.386306626435305,0.608195846327666,0.0590804524139374,0.594454002536816,0.0996082188376421,0.0938380222440645,0.00913120371092778,0.00858354725679394,0.0234591006025504,0.00844383956496338,0.0301385713031342,0.00895093255606642,0.00265848790660758,0.00180478098261007,0.00414770042178039,0.0138759215943747,0,0.000322549082662348,0,0.00134339400450689,0.000836035482930451,0.00152523371067594,0.00438205097444398,0.00150037715926545,0.00153131705947779,0.00251768055845586,0.000736166423955686,0.00130875650972702,0.000754510077016716,0.000700261503811743,0.000887519808453094,0.00699914039713011,0.0599865902823485,0.00338068134700118,0.170041880343573,0.0259738772642729,0.0380323961821518,0.0137831282912414,0.0184428646312504,0.000394391322802549,0.0954684597820314,0.176737014489527,0.0424678172162298,0.0114926935400403,0.0251420026197182,0.0300075256358137,0.000507396645782379,0.00352595666404533,0.00434817415134237,0.00095674088695372,0.00223992135008323,0,0.00224846242726905,0.00161434286014968,0.00184088571241227,0.00157879969895103
0.051055949963175,0.699988473057612,0.0258117108535133,0.0332984884269687,0.438324994010623,0.866645540232932,0.502126260544106,0.830972879564261,0,0.842807680060214,2.23018464359354,0.849706694402897,0.0648746595291969,0.233737868498027,0.16575317388041,0.0157420496965384,0.320193063044906,0.00872252840056392,0.135163972312521,0.0730340252432284,0.0292224649168848,0.00821488603735813,0.0358153580562641,0.00970066782198598,0.00280434267538765,0.0825806610565081,0.0576549203487704,0.012168237878169,0.0971656611381261,0.0296982207916799,0.0107887745323337,0.00147949725791729,0.300848878990764,0.308537821847068,0.214698953554876,0.0285532116087245,0.146621703167273,0.10784551644106,0.0417227969865584,0.00546379923639553,0.288526037393323,1.72320116291946,0.254716840323175,1.36562692767414,0.910891829962438,0.598333445146974,0.0227793428607765,0.00137704529566832,0.000862260689871748,0,0.00182502493625006,0,0,0,0,0,0,0,0,0,0,0,0,0.0022415617043734,0.000495208113125353,0,0.000932862992832406,0,0.000503266754094511,0.000184713964613212,0.000841259027498042,0,0.0091914135108933,0,0.0126436818540792,0.00419284193060619,0.00401258622264648,0.00284060095419787,0.000472784968152222,0,0.0029017260753083,0.0371628926046834,0.00950439661772083,0.00118629987644074,0.00866478673022741,0.00915346745746178,0,0.00200824459509039,0,0,0,0,0,0,0,0
0.0252366802601124,1.25674279459799,0.0298811694283083,0.0349394056539438,0.154986403707231,0.35105642714323,0.542831949443637,0.229858542741011,0.842807680060214,0,0.521787211102152,4.54642651563637,2.47138104431308,0.135968683589407,0.570475781495194,0.386454307591954,1.30576064636096,0.105655070976779,1.61589866750244,3.51837839594862,1.27446539039987,0.118151668793658,0.434010694882595,0.084934791569347,0.0156967332654789,0.051359364671996,0.0414556303787317,0.00864550133690641,0.0854692591116755,0.123531267417642,0.112436624149769,0.0223276907999028,0.169494284175305,0.420905303835964,1.15003016634537,0.320521068344189,0.107827935615424,0.732833576615283,0.562808800229978,0.107447857741852,0.120118172574287,4.13200027665633,3.64515827619865,1.69624043456396,3.32067284575921,6.50995275563525,0.0480601862097391,0.0253256572713102,0.00104433998167776,0.00258860244534216,0.000539462530625723,0,0,0,0.00109595408014451,0.000882861413463505,0,0,0.00114148787636808,0.000885253068076103,0.00219603875513386,0,0.00678377821771972,0.00366677329167813,0.000912569324493684,0.00362683524907839,0,0.000892056444066147,0.000939579138004125,0.00107087308791488,0.000573043671844187,0.00431150784132855,0.00203066386042697,0.00397364532661513,0.0174787387948669,0.00290726407006697,0.006309791008264,0.0134427909119586,0.00952888238254867,0,0.00942601357056638,0.0796094972664207,0.0348447899916511,0.0104957449203289,0.0205572388000821,0.0143299703163424,0.00142004209527601,0.00217465514670945,0.000705521394082295,0,0,0,0,0,0.00374506275612785,0.00109011294804459
0.0273345517935974,0.194155662438495,0.0143797002951347,0.00915326388223891,0.161281735083544,0.212329214213007,0.0878033258203528,2.04006901436795,2.23018464359354,0.521787211102152,0,1.85910055175072,0.0282513903162096,2.79931354817799,0.849705602807943,0.0415324453482769,0.0498157029353408,0.00860486278382402,0.0382412008822765,0.0210842048824295,0.0141063280837194,0.0026821068702044,0.0144885109442577,0.0007034615315335,0,0.0343369371852956,0.0377177052789232,0.00471239726045114,0.0510664312475686,0.028685515674888,0.00509375023504351,0,0.198875637507236,0.418994917591977,0.174725983771984,0.00547119533759266,0.209755577347832,0.143383371557379,0.0377167504286409,0.0131195726997621,0.0667363718011208,0.132500331257252,0.0485736729608023,0.299747450634978,0.0582115222467363,0.0639901618220092,0.00796484328442296,0.0016298401677302,0.00034358241176053,0,0.00118858189653905,0.000597527173493012,0,0,0.000254978094296825,0.00164530890044497,0,0,0,0,0,0,0.00218568993499287,0,0,0,0,0,0,0,0,0.00107943680613837,0.00369423479810568,0.000968711907400659,0.0114398314473317,0.000674816194871086,0.00218215575389991,0.00494835119017645,0.00179022308205313,0.00123029284688742,0.00116363458418674,0.0358611032539254,0.020987573806317,0.00272017754150425,0.0167753790080118,0.00751560461224221,0.0028602734288668,0,0,0,0,0,0,0,0,0
0.0253743212474659,0.687611124806132,0.0148505941951525,0.0251786004348598,0.0628223848338784,0.129055846963358,0.236166542657215,0.403402826572624,0.849706694402897,4.54642651563637,1.85910055175072,0,2.23767222371183,0.493141725302899,1.60082859428338,0.823932046147595,0.296182861536518,0.0728798964467056,0.406016425808512,1.41988252155178,0.493550285688989,0.0816816744812063,0.483478793258981,0.0590677249551096,0.00264440695155732,0.0353770982166571,0.0420064412955863,0.00547303547222703,0.0748250781040584,0.11937028673741,0.103682678021286,0.0196635713762974,0.135357276286206,0.580631502064661,1.06155665212866,0.337051151490423,0.122699230773756,0.757257538734245,0.677375785467986,0.108927162550049,0.0556365608817216,0.843187270581333,0.675506166199177,0.755464845182227,1.05155321482438,1.45719118770991,0.0301868125179164,0.0228716207334375,0.000635272733328752,0.00173965813661487,0.00124638128952449,0.00129626335430761,0,0,0.00309562550655223,0.00263963222882337,0,0.00160476733145348,0,0.00163747554738097,0.000401546511321436,0.00137453368234697,0.00727587440638679,0.0035918579187922,0.00113778987750723,0.00472312802647061,0,0.00100803793511112,0.00229480028978157,0.000964245844151447,0.000464156322935195,0.00241971679213962,0.00383149905718308,0.00255259610508143,0.0085041664889185,0.00187994682720844,0.00511951794232962,0.0132356881601744,0.00754340660754212,0.00131954193586917,0.0076624263184799,0.0714657211012331,0.0315331745235192,0.00980908754884231,0.0175454468101024,0.0196612429003581,0.000833239825220183,0.00313940113781096,0,0.0004327007095822,0,0,0,0.0004046365802329,0.00748053104326143,0.000826748431453157
0.015734246009598,0.699174000218799,0.0117691617618532,0.00868606532517231,0.0355543391271097,0.0895879424751902,0.185156625874065,0.0653571914794855,0.0648746595291969,2.47138104431308,0.0282513903162096,2.23767222371183,0,0.0252471257960812,0.949277031670746,3.78322324618168,0.296702391996462,0.190737989363168,0.685599811551386,5.07834684147481,5.68284986281523,1.18529818814725,5.36713768891926,0.723939007618056,0.00734984471337838,0.0314247582625428,0.0224040777586936,0.00322147378214854,0.0437746571602136,0.349986197293399,1.08708137710052,0.296543355536819,0.0582054733382492,0.234725062467557,1.47178817109458,1.75671980865371,0.0715041533479638,0.88788514384194,2.92294060821211,1.01172439462763,0.033690724583271,0.775446451540825,1.5748865330169,0.447199125271567,0.951214946493887,2.05173926055838,0.488339372659328,0.164072226117252,0.000689765828044974,0.00413814509778298,0.00393966365660018,0.000218712295733687,0,0,0.00587330653637376,0.00661065369411618,0.000987376075104331,0,0,0.00137639518013263,0.00346481309905361,0,0.00377710348551149,0.00435707813222683,0.0060337029748253,0.00866464982638323,0.00220435233612081,0.00347887376493073,0.00221631171672597,0.00376588045670902,0.0031289046022396,0.0165843332856454,0.00340248247207218,0.00179254873586537,0.00958858976375047,0.00164325581156756,0.00275324712900148,0.0393887957201055,0.0266167358482645,0.0012227456573107,0.00846282320093808,0.0676919170363262,0.0555946577511257,0.0574313949559962,0.00947438154996785,0.0228985147410307,0.00276357797549932,0.00929334137965387,0.00164543757317021,0.00228672099334768,0.00333456116753783,0,0.00194492638846224,0.0022319442538484,0.00790641373820983,0.00747731330497018
0.020085411261175,0.12909189552616,0.00670357435233077,0.00804620774401086,0.0653862533252755,0.0872461596430812,0.0454701236105586,1.57613805712554,0.233737868498027,0.135968683589407,2.79931354817799,0.493141725302899,0.0252471257960812,0,0.749781233292125,0.0428122097706315,0.032708756257176,0.00594433903277294,0.0224446625527711,0.0263462891082151,0.0210664531601936,0.00441698816073728,0.0248710278206125,0.00688109017764098,0.00934561193622289,0.0266647881942837,0.0716134049136752,0.00496619108634951,0.0382654835969483,0.0190556429058153,0.00488643801347116,0.00105548808457923,0.133351077563144,0.564240696122543,0.242237173299938,0.0115857790577406,1.90723300718045,0.475460587889417,0.0444942383111474,0.00374076137428679,0.0265056517829549,0.0997767770104785,0.0175471883002679,0.1331890954217,0.0201637422350698,0.0508491847392994,0,0.00310199460301083,0.00261082063513718,0.00144804449658338,0.00128520913485227,0.00129427521491376,0,0,0,0.00420398581832819,0,0,0,0,0,0,0.000574166255458142,0.00324630326927028,0.000309879350512805,0,0,0,0,0.000173329707768189,0,0.00299780071629286,0.00375469417424956,0,0.0214846833460783,0.0032431992676607,0.00166784729440463,0.0037604510921766,0.00370698256539113,0.00095989516834382,0.00272022078462738,0.0466720065547053,0.0122472487381377,0.00216073413541787,0.0275899197097076,0.0131316267340648,0.00267030789353501,0,0.00157312135393886,0,0,0,0,0,0.00475398981483854,0
0.014017233597451,0.129968025642245,0.00857828674353255,0.00485494352853846,0.0351318546553898,0.0461281375410485,0.0679377058329419,0.389372696901689,0.16575317388041,0.570475781495194,0.849705602807943,1.60082859428338,0.949277031670746,0.749781233292125,0,1.35388303773215,0.0801890099515553,0.0386143589695602,0.0957973940282122,0.296366800120807,0.217367874524586,0.0368232974362538,0.22704953240803,0.0156494973024289,0.00460658707263029,0.0250387073009698,0.0450903423127311,0.00371373028074279,0.0267554101131254,0.0559734303098369,0.0272559134931118,0.0109662137531937,0.104902467127149,0.597055351050156,0.600345742581371,0.0694048080320296,0.358992755506463,0.681342990784804,0.333780935340358,0.0473233338176296,0.00809396336474116,0.140394253451312,0.149583082673905,0.101243156225935,0.121055528451546,0.236408171737305,0.00557903125272519,0.0101848701151466,0.00132557293524002,0.0014811285784959,0.00316444973711413,0.00106638445308113,0,0,0.00193451714548247,0.00286897885904667,0,0.00204853977015793,0.0015973237361393,0.00135862927906113,0.000650368579512006,0,0.00717339537624005,0.00379832762174819,0.00278463377321243,0.000553127612585008,0.00233204040247811,0.000716077040399492,0.000456732596692312,0.000552692069452243,0.000573893511037888,0.00591236591776569,0.00040412500194148,0.00213093855810317,0.0075313354860651,0.00218666862382455,0.00398938145138313,0.012320083072383,0.00856059305139737,0,0.00717857778231925,0.0764616142232092,0.0428293330568604,0.00853724619320007,0.0240883557831777,0.0310959134203717,0.00534015805548519,0.00109172852277515,0,0,0.000476307129169649,0.00141964572202763,0,0,0.00185068287270868,0.00187698949160224
0.00513174540326893,0.18282908540159,0.00409616626364884,0.00159760663617369,0.0250985639729278,0.0334287129437053,0.0361187089066165,0.0534479519368839,0.0157420496965384,0.386454307591954,0.0415324453482769,0.823932046147595,3.78322324618168,0.0428122097706315,1.35388303773215,0,0.04691714143825,0.0482894184990329,0.080533353468645,0.621663209070224,0.545840618334606,0.097506138494977,1.88198301954604,0.113003432251974,0.000569670220696976,0.00329628182160337,0.0140924497170965,0.00132466543652985,0.0182773272368468,0.0976324955111957,0.111703430538772,0.0266492113134658,0.0247522813240145,0.150125150974838,0.582418462951439,0.416355858638906,0.053071397687492,0.530643347120385,1.64133101683276,0.381988232420859,0.0222775341432902,0.143024665289436,0.224195824371117,0.167316092915807,0.251058035216143,0.321477350211556,0.0356054898481805,0.0414859921346139,0.000650638792543498,0.00265137620907244,0.000232623772002769,0.00224349537895933,0,0,0.00389620047820418,0.00369076884396369,0.000730713378333983,0.00155070439001348,0,0,0.00145987392559235,0,0.000865048812107722,0.00311319287146208,0.00375982284961334,0.00290518639080284,0.000412150318677348,0.000623274613849721,0.00187300129754494,0.000748825771429373,0.00290075950719498,0.00912020580316941,0.00246042171601715,0.00291376344361967,0.00538664478907824,0.00100242273238144,0.000369993704332869,0.0143953804154054,0.0147190144379359,0.00205472607962345,0.0074884991465691,0.032328886439557,0.0403785032569647,0.0147475549840316,0.00381154280663672,0.0130214249810506,0.00152937670072327,0.0043282810952927,0,0.00211761165115299,0,0.000665882198260616,0.00199981462356429,0.00239957883045414,0.00157307506839752,0.00104351109812979
0.0461203267987524,0.587246298496125,0.604368045584834,0.923048329579724,0.165296270759932,0.572521666272949,17.7321439509064,0.0924565632646276,0.320193063044906,1.30576064636096,0.0498157029353408,0.296182861536518,0.296702391996462,0.032708756257176,0.0801890099515553,0.04691714143825,0,10.9892590955657,9.08649543683402,4.53690129824127,1.48840813613601,2.03912400461113,0.217092707330001,0.0504347442789385,0.00664380754225571,0.199187039158185,0.0336552577749558,0.0121523041574694,0.34122956994886,0.553845446814384,4.74391815246841,0.050674179625648,0.106714432248076,0.124672563612321,0.211565834215099,0.153464118271907,0.0228319499435008,0.122875960407826,0.109723883183763,0.05367754455065,0.078001861798326,2.61644549636869,2.60447969954437,0.442001485668352,0.533777851692642,1.38679241361526,0.0161901871456052,0.0891525292612644,0.00344612159769126,0.0164830631253128,0.00897542496507257,0.0123260537463929,0.00116640000445312,0.0039812746077059,0.0960779244837894,0.0104074511198212,0.00313584811573177,0.0012442879723154,0.00165392236957379,0.00524522216185101,0.00693539551313599,0.000594259360205532,0.0183319886577644,0.00924727546443761,0.855278608248524,0.143835947538818,0.00410568257764735,0.00755806459991214,0.00446270751585515,0.121114573328615,0.00526832782506315,0.0137258167354787,0.00247202445713821,0.0205412471259894,0.0203599430919766,0.000751365264188243,0.0382736624564358,0.092946448504962,0.359557734996918,0.0245838556562249,0.0395011019645416,0.239446461323472,0.149720325992427,0.0209058829201682,0.00994582896457313,0.0711495985940874,0.00662518722642035,0.00930436939025818,0.00177186013579931,0.00514810701309937,0.00448947032076086,0.00275226030391931,0.000656668765409985,0.00468345015907006,0.00509807439870213,0.0109530036652548
0.00579070784046928,0.0510435510334645,0.0909928636603157,0.0600797568908911,0.00534611033947652,0.00851545536813496,2.52171971464487,0.0196498590753137,0.00872252840056392,0.105655070976779,0.00860486278382402,0.0728798964467056,0.190737989363168,0.00594433903277294,0.0386143589695602,0.0482894184990329,10.9892590955657,0,1.98915283385588,3.62333620479795,6.4654970059612,7.82146291182585,0.311482975852476,0.0818139542953584,0.000844291275797424,0.102822358141764,0.0247587250062585,0.00217427004721308,0.13080919524296,0.805229455493163,3.81191123077566,0.116087834932997,0.0153452402117439,0.0528543821410094,0.19126560214833,0.106635500048003,0.00800026207766975,0.0923934511387978,0.0953651295360162,0.0655061950763595,0.00353922016199054,0.0752924629365276,0.252338460529366,0.0278287949351723,0.0524695639321635,0.111061269734908,0.031981878160812,0.167709201573219,0.00200945012028529,0.00908836352902001,0.00732177004873417,0.00678948391015455,0,0.00137033569706131,0.0365296929924083,0.0216976605102781,0.00158178488526434,0.00599997448163781,0,0.00542560939501345,0.0103011588523948,0,0.029601368783655,0.00953920710024071,0.169699015683728,0.142744981577313,0.00266997171650046,0.00869736199328813,0.00681581740488034,0.0846781065082912,0.00859559523586791,0.020353183279752,0.00176749487046369,0.0194684441126808,0.0151164530659029,0.00077489681299041,0.0460947050200277,0.13417844333735,0.344137192188073,0.0155597303982723,0.0390328454047514,0.354039637947789,0.285825278045441,0.0238680575020456,0.0203571118771595,0.117540671412196,0.0142286746985606,0.00833561515222666,0,0.00502392528042944,0.00494396116907514,0.00643807357631204,0.00221281467304191,0.000908880532494362,0.0143423133353614,0.00726576244722468
0.011048479044146,0.320315197535913,0.219963527877926,0.227266879886332,0.0554541831465171,0.191410262505246,3.00427773222404,0.0334213023242905,0.135163972312521,1.61589866750244,0.0382412008822765,0.406016425808512,0.685599811551386,0.0224446625527711,0.0957973940282122,0.080533353468645,9.08649543683402,1.98915283385588,0,11.2747613858692,3.14057044173279,0.314709343011506,0.25731392163292,0.0653612190668819,0.00312648754014513,0.128519240563647,0.022861640291265,0.00329289235282256,0.187825896812405,0.188909630113524,0.0994032899426423,0.0215369014049703,0.0488520390682782,0.106676856039169,0.221363661643148,0.132449789954265,0.0133151069865209,0.155833330872187,0.144150701974265,0.0413085069894522,0.0425041901229945,1.66143205253324,6.23581515703569,0.248984996434715,0.561985000473728,2.40571026700784,0.0285578029630331,0.0253315665176903,0.000437777351959677,0.000658814797236229,0.00108037589856474,0.00108909787345566,0,0.00135513513748245,0.0018215762936049,0.00268724782690109,0,0.00176023122417914,0,0.00202675941479295,0.0022059847555751,0.00186950875686213,0.00810907534057281,0.000833595404180053,0,0.0020824116982313,0.00218316995922466,0.000471672371922714,0.00222384574034061,0.000393312143874532,0.000340204935491617,0.00347926066332629,0.00136751080094189,0.00841123492299792,0.0101477468820117,0.000603449257301009,0.0134451503060027,0.0236044612673972,0.0111567726028982,0.000480929662147467,0.0128737602560421,0.0768942647258177,0.0612634070300974,0.00997244137506003,0.00478591218615848,0.0225779246323849,0.000523646688526246,0.00118459520756703,0,0.00111031662800393,0.00135440930493197,0,0,0.000713093001214176,0,0
0.0200337872662304,0.910196915464925,0.0618609802141949,0.0751124698891863,0.0582557726724703,0.1533213681919,1.51333995143955,0.0529466074327868,0.0730340252432284,3.51837839594862,0.0210842048824295,1.41988252155178,5.07834684147481,0.0263462891082151,0.296366800120807,0.621663209070224,4.53690129824127,3.62333620479795,11.2747613858692,0,14.127817210351,1.79334906805691,1.71802979865542,0.39321472352399,0.00492575365564837,0.0568212672327064,0.0310832866695089,0.00750088809179015,0.105232215107641,0.473677962416188,1.05964904411548,0.186638378415649,0.0849648362516584,0.15315920719039,1.02781646711023,1.16953510253764,0.0258077429240902,0.477186489581456,1.04551618633343,0.398520928255813,0.0666786391128969,1.5670889179508,7.03126580155824,0.475674321446343,1.31825740862624,4.3717456528317,0.339606889119708,0.105724784145536,0.00144539023237829,0.00517258154873726,0.00424761509124235,0.00418986357276393,0,0.00330084532306155,0.00801918612308242,0.00970235934635222,0,0.00196507523485685,0,0.00194913815468657,0.0025214211593045,0,0.0143185586670415,0.00300309509665703,0.00397786190017671,0.00367177357933269,0.00349113757106542,0.00198775417081149,0,0.00173185956466439,0.00116688180318823,0.0125181755722046,0.00129376882965106,0.00218716782671987,0.0160567449809587,0.000881975612350934,0.0175785191258053,0.0390817968976355,0.0216011365659989,0.00138489363926696,0.0224940141606315,0.113500278811279,0.097403031215782,0.0285216053528858,0.0132353408729025,0.0486754715354245,0.00322686831629811,0.00992475647306667,0.000698760171748414,0,0.00250550652868409,0,0,0,0.00867331096555561,0.00701083695027924
0.0102015643579869,0.294097066749516,0.031656108456179,0.0281574746803667,0.0167507574063718,0.0558928524951508,0.64679833922231,0.0334122826318224,0.0292224649168848,1.27446539039987,0.0141063280837194,0.493550285688989,5.68284986281523,0.0210664531601936,0.217367874524586,0.545840618334606,1.48840813613601,6.4654970059612,3.14057044173279,14.127817210351,0,8.64991909479634,3.43155767797145,0.467983470028135,0.00550432820000137,0.0390062341203683,0.0372054579589976,0.00510161716667855,0.0829294622230373,0.600453970537269,1.20255297305762,0.297941344906849,0.0444541386931821,0.127239237269985,0.610172560966613,0.705464252868132,0.017980904174453,0.3682008062917,0.632867485659484,0.408213177861021,0.0158054917766599,0.447911962549141,2.59135477941894,0.136330437907915,0.384791275562513,1.58361565590359,0.365263009540698,0.190764507608407,0.000867301901092165,0.00735603543535422,0.00269610703969466,0.00630725744790058,0,0.000373254006926851,0.010651464232196,0.00842679113445252,0.000721040402588361,0.00237210272265629,0.0007703701922325,0.00221360570282621,0.00344805549639726,0,0.0216894206271738,0.0046149846957988,0.014043610814686,0.0117295312242954,0.00243811623252026,0.00254117392975744,0.00368253426264429,0.00585212833057825,0.0039537601016478,0.0149153991854269,0.00238796193438792,0.0173906974809562,0.0193536988197859,0.000943523444526702,0.0249824066079808,0.086923902260428,0.0545900023107296,0.00399551640348282,0.0363279353330736,0.202189219982026,0.184987133683278,0.0440618212454445,0.0135290339522328,0.0723936790294174,0.0114951960566976,0.00770430152521692,0.000993200944864811,0.00341632947868872,0.00161539215697084,0.00203816307440707,0.0034977908529473,0.000816629414620514,0.00617002810826951,0.00661289801338702
0.00913177736877211,0.129343162399022,0.0166805534185768,0.00882898930393794,0.00926309671106296,0.0201120728165023,0.519172813239811,0.0155472441310865,0.00821488603735813,0.118151668793658,0.0026821068702044,0.0816816744812063,1.18529818814725,0.00441698816073728,0.0368232974362538,0.097506138494977,2.03912400461113,7.82146291182585,0.314709343011506,1.79334906805691,8.64991909479634,0,5.70061654806047,1.22000874010253,0.0026181910806141,0.033112227168675,0.0113789458947812,0.00319066433083871,0.060209106697928,0.67817156078795,9.03619460909353,3.38030508784696,0.0213570251568166,0.0368175237550211,0.241392840675854,0.846967294479956,0.00621815405610021,0.109307783237349,0.410760983240264,0.78249248270432,0.0107248007750331,0.0967282646578446,0.286350163135298,0.0331014679405235,0.0905132430985859,0.199142437903015,0.424719917961596,9.03774537520778,0.00144123763177412,0.0103874376004985,0.00643993469763745,0.0105604407551031,0.00017559920083187,0.00202386132417588,0.0440477231423346,0.00484409968539196,0.0009423317867294,0.00265425960255596,0.000764242582242877,0.00481541289349631,0.0168928653222548,0,0.0164420421057868,0.00882514289514471,0.236651048708938,0.461099137684978,0.00457064102207414,0.0195561062942053,0.0224668817178762,0.724740578027361,0.0289608649660268,0.132441385671458,0.00126276438816911,0.0131180989655586,0.00934743461595795,0.00102712512451725,0.0143210900995385,0.121307062542908,2.15053849036442,0.248014270520902,0.0166855549651246,0.126071985455622,0.149546027354212,0.120699528460328,0.00538217790025542,0.0436156139248411,0.0148396290991875,0.0262136572963568,0.00046075648540797,0.00368846825667236,0.00413518855220267,0.00360833280671844,0.00420738582154801,0.00530685958726351,0.0627117166627923,0.11809980494184
0.0166225489175525,0.360414975093301,0.0088063646402495,0.00708515436504133,0.0304120356765932,0.0446018113092996,0.157403242014517,0.0526539632069959,0.0358153580562641,0.434010694882595,0.0144885109442577,0.483478793258981,5.36713768891926,0.0248710278206125,0.22704953240803,1.88198301954604,0.217092707330001,0.311482975852476,0.25731392163292,1.71802979865542,3.43155767797145,5.70061654806047,0,2.94225376764849,0.00280241911947404,0.0261809048339428,0.0276052467082731,0.00342216529491817,0.0363375248548992,0.591378201498744,2.04508337952853,1.99968638160817,0.0465147549035973,0.125843069703879,0.911348622377041,3.99714353221307,0.0304779857406214,0.566540615006593,3.69694010165632,8.05553116605348,0.0279945767000031,0.240322221520788,0.488030416421369,0.146562394126187,0.255720878006555,0.554585646094993,1.01414218666045,5.0422093948462,0.00106918444597202,0.0207505765748989,0.00374264477898372,0.00712557321801571,0.00027778951635843,0,0.0333138584157976,0.00714284825847338,0.00258796259554569,0.0105324734185168,0.0013643541334151,0.016673623179171,0.0152724096438811,0,0.0142500378278686,0.0117386548808895,0.0346944495057149,0.0626522560311549,0.0133900124392041,0.0357330532815167,0.0208400512367126,0.0436121026087006,0.0613377869714283,0.310977285867055,0.00231358643450167,0.00707571405679086,0.0124028553541198,0.000678730464925069,0.00683147968972979,0.134371988365077,0.306112019787047,0.059323519176226,0.0167513525707268,0.0678565733110239,0.114241099108069,0.387798923411528,0.00725222048896559,0.0369622845725346,0.0361728975919935,0.163641526254664,0.00162611927821413,0.00775600711315633,0.0177230571425764,0.00351391570380134,0.00464800754579575,0.0213359846579346,0.0897435085675153,0.131569128097598
0.00841983737562655,0.167806166219223,0.00513504064635054,0.00413824539817631,0.0155778783673556,0.020165882382096,0.0425134788664372,0.00976553359431277,0.00970066782198598,0.084934791569347,0.0007034615315335,0.0590677249551096,0.723939007618056,0.00688109017764098,0.0156494973024289,0.113003432251974,0.0504347442789385,0.0818139542953584,0.0653612190668819,0.39321472352399,0.467983470028135,1.22000874010253,2.94225376764849,0,0.00455004092672733,0.009700432386615,0.00344579121192207,0.00138664302299666,0.0133428472860725,0.333944953390495,2.25850939184232,2.63496493829503,0.0245724979690666,0.0230649359925971,0.282418512302627,7.13767162241766,0.0017534532072867,0.0629295154380435,1.08504470011725,4.13082551485974,0.00842938549855823,0.0953853779579344,0.17815441890836,0.0713379093278696,0.157105575595532,0.191759934323696,2.90461543339185,4.61082765167849,0.000551977114361068,0.0126132816325358,0.00148672376026759,0.00836753838876286,0,0,0.0209270860817659,0.00272456576431951,0.000806353434122553,0.00323521503313972,0,0.0113196309564699,0.0133302459155519,0,0.0136327296905695,0.0179117976172983,0.0230552962736351,0.0552519333584293,0.0136234831849971,0.0355297857651538,0.0308726658088774,0.0704696192484451,0.0928834372278432,1.8179324887131,0.00266334643781923,0.00980155635138144,0.00751951080020926,0.000278592064606627,0.000407398194684414,0.114515753897028,0.412745813738838,0.162152870943807,0.00962303652253218,0.0369099353840489,0.161258796972454,1.67392242398611,0.00807988354958929,0.0285642816108382,0.108587445669314,0.35891202230947,0,0.00559614801918189,0.0137001454510321,0.000406693114126212,0.00950490173235004,0.00845154338904789,0.761073717914921,0.330686849394466
