0,1.77820174650149,2.02631993933314,1.88452009330893,2.03519452177303,1.19148264561401,0.636551498287211,2.75673611263162,0.062203743712791,0.0368775798762839,0.0717988626312024,0.0356743162527677,0.00705635524224192,0.0646063618374816,0.0643283744188536,0.00360811694647996,0.0782424603282038,0.0149504224539072,0.0186520768371353,0.0169867497235009,0.0106358881080063,0.0210245372131212,0.00444480921196164,0.000608355659673307,0.705408012032384,0.16043556286482,0.358505104118129,2.99647456273486,1.49368463700211,0.036111335564439,0.0184052858797922,0.00149300894669438,3.01193161393268,0.205994994134176,0.0498454569429578,0.0110733668395156,0.0738435442932218,0.0218922020882644,0.00499649696867076,0.00259545689684426,0.572487912973074,0.46980605719745,0.0430011918615884,0.127623234098943,0.0594386185180729,0.0568464325819334,0.00209559345078592,0.000315491097809447,0.721821796120343,0.0556138179903876,0.64775040900118,0.109310535826859,0.0211778323289655,0.0124960440844855,0.03825875908649,0.0384594309557401,0.00304532596286181,0.00174886684777542,0.00442051947343648,0.00477021222531421,0,0.00380300879754946,0.00543268102142084,0,0.0159707344855227,0.00225809467524665,0.00133761003201649,0.00151620830747377,0.00116732934407264,0.00129600800664184,0,0.000744551861724781,0.297549109968794,0.0552733090942672,0.200728800471297,0.583065436684089,0.29290441945558,0.00927494729151649,0.0052777073496666,0,0.150700753629954,0.0218053276524765,0.00986908228412526,0.00269583084009126,0.0122296606111971,0.00605989684223769,0.00124331533212232,0.000507225409100955,0.0149679596117852,0.0165610783754587,0.00314822175104894,0.00449206047305524,0.0020430337213914,0.00222780879743536,0,0.000286769889845601
1.77820174650149,0,1.02238981198481,1.17528296638168,1.64960401664285,1.77210530469367,0.940162022159428,9.55620361201526,1.20193383115209,2.13244207193511,0.785313468993621,1.3452395236033,0.342742417181349,0.329948693065384,1.02095378444193,0.336200845327282,0.302063311466715,0.100536011464453,0.189278767409121,0.369114013811817,0.228719205614092,0.302825892028066,0.183138014684927,0.0671043129262573,0.0513935367976658,0.355876611039171,0.151790222831416,0.622106664315687,0.775707982908052,0.461027048949926,0.272188438058259,0.0151268221907437,4.28689137403091,1.37699651073277,1.20932453304083,0.146026311779747,0.258873752251622,0.276828210818535,0.222465124016716,0.0533478561741924,1.54728152544057,4.30910715947697,0.887755577961699,3.02891275782693,4.62610205050309,2.19200691508713,0.0356081014985981,0.00284464001709396,0.0139106776815003,0.00604813112591533,0.17516679335006,0.0177257577757927,0.000808270011476875,0.00115297544661519,0.0318361366149318,0.00571814770888722,0,0,0,0.000989216761607545,0,0,0,0,0.0192978847801734,0.00946730948802741,0.00281420689690778,0,0.00295798147723914,0.00721393488004796,0,0.00108448508879561,0.010056072854575,0.0787086191765805,0.034473638301603,0.0735753137888278,0.134725254967648,0.0904531399933862,0.0320183717020218,0.00518402665460466,0.0065714236367371,0.00806934992405271,0.00197987085619838,0.00440953286985903,0,0,0,0.000360408948614895,0.000688246082658751,0.00232082471922535,0,0.00172085920910545,0,0,0,0.000685817338144823
2.02631993933314,1.02238981198481,0,1.92040663422579,0.352372150200085,0.657928626305857,4.61270331247716,0.501755160038262,0.049826597403103,0.103793980267054,0.0317219022187346,0.0652341759074848,0.0446791650029736,0.0178470800397822,0.0598390910970323,0.0201033342459981,1.05941228807898,0.405758869641637,0.189571814048463,0.151198002100064,0.107834068758752,0.27796472355174,0.0287287451202571,0.0153316555253806,0.196911732848823,4.35664131062495,0.222898224524733,2.22464398133176,2.09185134158034,0.679648663224867,0.395071481382637,0.0146768603489427,0.521595663905168,0.12157066636922,0.125551607756776,0.026795450283301,0.0154488941900875,0.0213260279534375,0.0225681664226418,0.0165681770613331,0.211710111385764,0.514111473062351,0.271353795501606,0.125764605161587,0.25212754195557,0.23443078119847,0.00636034347361415,0.00210245206984596,0.278508981564454,0.0465293798896178,2.20657203155449,0.221992310780162,0.0207303708790432,0.0116748382059915,0.516817786882256,0.0233732984019691,0.00286697925404699,0.00629444089700687,0.00682658777607392,0.0106629944807626,0.00102845953909375,0.00673090736304655,0.00591646572933621,0.000345266852231713,0.259902585346435,0.0491577233166957,0.0224281101416307,0.00736983513427998,0.00370082629605108,0.0231337422240794,0.000264367099617129,0.000355878819305114,0.149737934758808,0.753031527014325,0.173971200207778,0.659163419827982,0.648157595637187,0.233758393320876,0.125878067955573,0.00178099952182148,0.108210721450056,0.0235592369468896,0.0271015756069054,0.0108168287196579,0.0120698632867897,0.0106624226277277,0.00220562022396834,0.000311914434941232,0.0163699829508111,0.0166497832510515,0.0139052728970993,0.00456869399061308,0.00427247808397828,0.00467993080269297,0.00279877202754826,0.00199285936700436
1.88452009330893,1.17528296638168,1.92040663422579,0,0.956652537802864,1.13834561885529,1.64330116180443,0.797696909714819,0.0946943726450953,0.111859000156873,0.0340256639150475,0.0657363179728506,0.024325309619333,0.0168035399144766,0.0396914941188703,0.0122019966023095,0.472411341026946,0.0769703907371582,0.155093830089283,0.0896692046491258,0.0648826336454893,0.0801565605579974,0.0164282679391382,0.00284487079992839,0.021687489782547,0.367318958251593,0.036030987017045,0.379771986297352,0.378874341369608,0.11655560301273,0.0819199902172117,0.00323042634161883,0.659587610113507,0.0824182506490039,0.0726403787773509,0.00838714690406689,0.0109449728062866,0.0155853904149453,0.00793151799347082,0.00319286445679983,0.341144287796419,0.54117435206329,0.165440212032537,0.143888130087594,0.166642240380408,0.166568645679846,0.00282603290890522,0.00104018766805136,0.0151878141866204,0.00460933477186022,0.178069166419719,0.0161079252853357,0.00058868674312032,0.000895797345858165,0.02697139487633,0.00390742662947617,0,0,0,0.000741228320094919,0,0,0,0,0.0128541912115807,0.00194041629082023,0.000578313134500394,0.00331545803397721,0,0.00561250318791696,0,0,0.003250253130645,0.0519467577605615,0.0212524334954413,0.0399261265026883,0.0705414884651351,0.0284550162452356,0.0248586109512562,0.000884424778077864,0.00144935199239306,0.00150339825853173,0.00194509842651038,0.00210115558716925,0.000866469037389787,0.000274683774658599,0,0,0,0.00118124026386404,0.000757808952174005,0,0,0,0,0
2.03519452177303,1.64960401664285,0.352372150200085,0.956652537802864,0,2.07794700175192,0.473835576727381,1.56589319391191,0.450971562812293,0.0984910751266378,0.102594844614286,0.0694214247654862,0.0181790475226603,0.0368220397329877,0.0552949158106969,0.00953891321492678,0.0922706887309088,0.00604015226593124,0.0439614836378341,0.0383666790545066,0.0174459683212198,0.0158275097908406,0.002449424946337,0,0.0288571292300122,0.0751616179767469,0.0113678958637316,0.211109754826824,0.182558215282355,0.0183056184604928,0.0168210457635477,0,1.68131794310979,0.0767431656254278,0.0595250930067891,0.00431991034776369,0.032496200303786,0.0135779707949742,0.00520489902798472,0,0.794092859151152,1.2568174505706,0.146246253023099,0.467200057425628,0.30334997297055,0.231577744122693,0,0,0.00130728669052462,0,0.0463605667750372,0.00269531989337187,0,0,0.000424429565574883,0.00120121415007472,0,0,0,0,0,0,0,0,0.00289236941098694,0.000889830453210311,0,0,0,0.00140354780771273,0,0,0.0140401153375919,0.0190213241479517,0.00192158070422209,0.0258212689707246,0.0225690760364356,0.00261203962924061,0.00142002307557378,0,0.000605205861911519,0.000726982179864916,0.00253367861746767,0,0,0,0,0,0.00535617918120879,0,0,0,0,0,0,0
1.19148264561401,1.77210530469367,0.657928626305857,1.13834561885529,2.07794700175192,0,1.05511712694471,1.35330488700284,1.0478210178563,0.325333454405508,0.235214066448595,0.171449610547937,0.0466430135514789,0.0156311291434823,0.0565187582816787,0.041761696245059,0.324761452748012,0.0477384268260191,0.17412659133078,0.144347216933966,0.0599848131384998,0.0576339589257519,0.0184754988563477,0.00623187560860432,0.0117767439655447,0.166666984982837,0.0188487215649648,0.177717710671289,0.203702009209344,0.0833278613257059,0.0466722526574015,0.00962325819652832,0.929614658217834,0.109679248149744,0.114590594337778,0.00736105454921826,0.034332591572559,0.0119420343209944,0.0228161286904004,0.00287130791203374,0.596614592262865,2.11029462040645,0.543830188841192,0.699429995542488,1.03636038878563,0.699870106027394,0.00154516509100783,0.000799705810781405,0.00315116419589973,0,0.0423625897991913,0.00654582063052957,0,0,0.00939190359571771,0.000431745894786655,0,0,0,0,0.000988813128722919,0,0.00066426681107408,0,0.00895099974039746,0.000916855423842441,0,0,0,0.00114865284627484,0,0,0.0114243743079822,0.0231217839966257,0.00388257083303356,0.0196449623918955,0.0319683718586036,0.0149511631289559,0.0052955213630379,0.00185786845449097,0.000800629402683148,0,0,0,0,0.00109124202327866,0,0,0,0.00109417675399204,0.00242907711133034,0,0,0,0,0
0.636551498287211,0.940162022159428,4.61270331247716,1.64330116180443,0.473835576727381,1.05511712694471,0,0.542632499317019,0.207499863845135,0.546617773608735,0.03716661874069,0.189615307759284,0.165262937912369,0.00539905245726866,0.063818574014197,0.08274250480637,5.31445789228736,1.8503694083408,0.842119016830096,0.641743735286432,0.524312850647645,1.23122476103374,0.140690225198873,0.0383521093774166,0.0031851572999772,2.56023068811497,0.0666883164158837,0.343872686442373,1.44326516818336,2.61859588650558,1.76421571614083,0.0614003724234707,0.250096183996499,0.0772382480600196,0.174404202954247,0.0905761586274807,0.00701834251952825,0.0457357734922331,0.0598102768979218,0.0315070519793808,0.0946381126819604,1.84671194129251,0.946764150378872,0.268036794532643,0.917607111440177,1.24766663791376,0.0246612777176145,0.0109314799118358,0.0104756624120716,0.019963940809074,0.619781896585642,0.050748344884493,0.00276298560855073,0.00285287892057583,1.43556624492934,0.00258675048102846,0,0.00703297615904265,0,0.0018344933712761,0.00104854679906703,0.00167428851960692,0.000879885566066763,0,0.968996654342178,0.216179442617411,0.0340986403515446,0.0275417887611565,0.00705636432553811,0.16954205096694,0.00107507320534261,0.00803103197074599,0.00603087672404365,0.682390765910754,0.0528401441279,0.0951344539981181,0.430389859136544,0.929370952552383,0.735071225642211,0.00491146128166041,0.00985299628002709,0.0035154622217323,0.0503005778315241,0.02998675736503,0.00126322528638508,0.00435948817404407,0.00170256861797424,0,0.00471170676576366,0.0189808534663425,0.0203737253413463,0.000716647931461043,0.00673902969312908,0.0100108457447364,0.000992928187000764,0.00521923832546033
2.75673611263162,9.55620361201526,0.501755160038262,0.797696909714819,1.56589319391191,1.35330488700284,0.542632499317019,0,1.86379845202997,0.481080725798284,3.19141478828105,1.70684240540193,0.0513502045549092,2.28961552292184,3.85282435330266,0.174515933488212,0.0958195222620425,0.0149393915359166,0.0491589434525253,0.0484959654295535,0.0320522937644549,0.0317111612102591,0.0401002162853612,0.0102293479043315,0.161557118826778,0.10552480739093,0.559498615364357,0.522546637550008,0.54809830046573,0.0862603228447027,0.0359629052771453,0.00832937546596235,8.427143882953,3.08516269048205,0.639269984843538,0.0671446320250557,1.55022096032402,0.814055132411347,0.128737818586882,0.0311594652596926,1.20160482803445,2.31994743617828,0.147297557185355,4.24297509856838,0.410119539959795,0.395627879426759,0.00348751191587254,0.00679924761806034,0.0310148911952083,0.016720746137856,0.117572799420724,0.0130407855020161,0.0080901994345047,0.00431049515616594,0.0186810635862533,0.103149811151679,0.00297260822725248,0.00369142121897821,0.00854933153619365,0.00881313342160819,0.000554872700618728,0.00807821155577135,0.0126406975928211,0,0.00660124564487468,0.00178673499382653,0.000448905513835141,0.000381425903975156,0,0.0037603195624476,0,0.00123417248840847,0.0566223897173079,0.0404162335478482,0.152398778346564,0.0894842312228937,0.0721470444711978,0.0255455001076484,0.0112197581246879,0,0.061667603964261,0.0962959705362108,0.0177318760687028,0.013303400980804,0.0631503633190313,0.0245556256431695,0.00042678238023855,0.00189865895561221,0.00155394422431621,0.00456078956899542,0.00185698565602416,0.00712049372606333,0.000805557389946948,0.00105486527834171,0,0
0.062203743712791,1.20193383115209,0.049826597403103,0.0946943726450953,0.450971562812293,1.0478210178563,0.207499863845135,1.86379845202997,0,1.02000524676699,1.82847188810378,1.57860113519545,0.120611125341125,0.562065734512693,1.75026489743598,0.431432398490935,0.101024276456653,0.011836287439086,0.0867617043937515,0.102625596713163,0.0629650169370965,0.0353563689467155,0.0394100131681577,0.0174238153318979,0.00779272504225471,0.0228724969783798,0.0523195764586261,0.0327544576238947,0.049808684138832,0.0357780250630158,0.0184485849746743,0.00982675178798742,0.338350075939485,0.731350639417745,0.794367783278172,0.0356044828424554,0.124270297321522,0.364192253186291,0.0971593275148327,0.0252081134837543,0.152933766759804,1.03510551983529,0.160780415275936,1.34185565095295,1.30229586638979,1.20514449663252,0.00781934545647989,0.00164037640488557,0.00198292900589389,0,0.0104625201092343,0.000775914328754165,0,0,0.00106845693738118,0.00648468324469012,0,0.00273570556712061,0,0,0,0,0,0,0.000524153685826576,0,0,0,0,0.000363994995968824,0,0,0.0229662907207528,0.0101063239870844,0.0141532616364498,0.00328497681379883,0.00898796349015383,0.00864889063376305,0.00409274093098677,0.00397892436432262,0.000855861724278956,0.00408539237813291,0,0.00216347766088235,0,0,0,0,0,0,0,0,0,0,0,0
0.0368775798762839,2.13244207193511,0.103793980267054,0.111859000156873,0.0984910751266378,0.325333454405508,0.546617773608735,0.481080725798284,1.02000524676699,0,0.665040808475241,5.01204644525449,2.38253392326801,0.157608523707665,1.98492926220258,2.40113715066124,0.625677103048528,0.179757530896221,0.999550199633715,2.20332642911217,1.30274579937014,0.580635834742046,0.519638633598991,0.105457320812842,0.00388290816605846,0.102114721660466,0.0154421841887343,0.0343178088349896,0.135441509101233,0.34943557726088,0.34880544040895,0.0781638934371209,0.0612230280467364,0.292182786476394,3.52602062279952,0.351287409581693,0.0325402554035987,0.839753971016094,0.685284841236257,0.143957852909434,0.0290317993762326,2.17828967935992,2.64445276234675,2.38660466111214,4.81255554618968,6.41150652803142,0.0780780893464543,0.0130279355938779,0,0,0.00710261148335833,0,0,0,0.0036640858618431,0.00278921646475688,0,0.00105421736656819,0,0,0,0,0,0,0.00530602519243389,0.00295095297556627,0,0,0.000856613556102087,0.00323517144284895,0.00253451319626279,0.00192577253312443,0.00115404241168506,0.00662315450413119,0.00257435778332871,0.00529492057769174,0.0236248288672392,0.0418929020284685,0.024044826607206,0,0,0,0.00484238193597919,0,0,0.00149472919009797,0,0,0,0,0.00529455976411297,0,0.00228707930760624,0,0,0
0.0717988626312024,0.785313468993621,0.0317219022187346,0.0340256639150475,0.102594844614286,0.235214066448595,0.03716661874069,3.19141478828105,1.82847188810378,0.665040808475241,0,2.71772176715487,0.0431171249833262,0.968339574694985,4.63073347531337,0.128357509971237,0.0097400427019804,0.0101126318643771,0.00365313535705236,0.0155731819702605,0.0257371690094899,0.0128925999284989,0.028857970932156,0.0104985255739699,0.057566797965772,0.0104487549500209,0.230528690861704,0.0524150984869742,0.0630769425121736,0.0257774685037247,0.013508422043115,0.00255275878709538,0.691736120346964,1.08678723952377,0.586733057599828,0.0355366254092708,0.394552399710993,0.494299907745501,0.111748711146599,0.0386160928748598,0.0187299016492498,0.454535731862006,0.0504623859903242,1.14283121137598,0.225853128297191,0.215823273908136,0,0.00202171522907895,0.004999604176401,0.00149458494893675,0.00751222951635067,0.000964332492454152,0,0,0.00137142667718908,0.018253242684569,0,0,0.00204541970514609,0,0,0.00425529936118429,0.00315987086513392,0,0.00177578901584114,0,0.00225758290742328,0,0.000991963546954328,0.000763168497922018,0,0.00113275841594871,0.0255994016170635,0.00425630065618486,0.100693867460757,0.0217536401747233,0.0107513895104837,0.00384610742887503,0.00085489522029647,0,0.0171696758751783,0.0316628975232345,0,0.00288496953770892,0.0092807552599018,0.00478219080530388,0.00403651297484231,0.000902424981393167,0,0,0,0.0084807063540325,0,0,0,0
0.0356743162527677,1.3452395236033,0.0652341759074848,0.0657363179728506,0.0694214247654862,0.171449610547937,0.189615307759284,1.70684240540193,1.57860113519545,5.01204644525449,2.71772176715487,0,4.52580202513692,0.210503002137457,5.67225893677291,4.68516638761752,0.198124664535208,0.0942128395675481,0.267583772566501,1.57173439167332,0.919500630908083,0.534469515763806,0.863553838838013,0.103650183161423,0.00693088775818723,0.0286233072426973,0.0282801462030436,0.0201830245773768,0.0712539289736863,0.29454735176982,0.302730573871402,0.0525422976134949,0.181782615062053,0.653164194903501,2.86581937787948,0.400117415955084,0.0842527629339385,1.08352634238089,0.810779744778685,0.161815358871964,0.0175238075673878,0.751256161009801,0.975760102199621,1.53267171610434,1.49203915022477,2.98515368190521,0.0338438795712243,0.0150387619067747,0.00111315537270262,0.00146387925827285,0.0064433897827747,0,0,0,0.0040905645628895,0,0.000930398415659166,0.00190159242405158,0,0,0.00136883312936162,0,0,0,0.00432125422089763,0.00215177063687058,0,0,0.000489649156702483,0.00461599597716147,0,0.00327499047831492,0,0.00301825348393339,0.00525230363871194,0.00411417268482324,0.00498650602653233,0.023537810073959,0.0229004551526828,0,0.000750162240235192,0.00675530151715648,0.00495371994063677,0.00273332357375256,0.00120348860184057,0.000832363283344399,0,0,0,0,0.00195247017514887,0,0,0,0,0.000558573853916097
0.00705635524224192,0.342742417181349,0.0446791650029736,0.024325309619333,0.0181790475226603,0.0466430135514789,0.165262937912369,0.0513502045549092,0.120611125341125,2.38253392326801,0.0431171249833262,4.52580202513692,0,0.0122950256311912,1.59658311036173,8.1941219303343,0.217461819144677,0.201306044313591,0.347033644669369,2.54303557929878,2.87281754648846,1.6851880831199,5.52014860057665,0.187311076567975,0,0.0419468770727183,0.00317919914827172,0.00678469464671851,0.056791738087316,0.283173652997885,0.490924193929733,0.130110438245934,0.0120984694367868,0.0960063597831741,1.50319083817622,0.494981031010596,0.0054999355868024,0.610695459512896,2.29875421538286,0.429737052671435,0.00293435481456104,0.257961218600077,1.12754988985818,0.264763044154108,0.973621692864848,1.94230349952589,0.0846805205714652,0.0619033949419003,0,0,0.00244743806186749,0,0,0,0.00471196316456744,0,0,0,0,0,0,0,0,0,0.00296599305792518,0,0,0,0.00300176540239089,0.00672448683528991,0,0.000854010440129727,0,0.00695963210125741,0,0.00182105466935568,0.00452494399119585,0.0297185543207104,0.028363143393714,0.00471401630688478,0.00287122736845544,0.00209306700635654,0.00484198142505329,0.00301022730649586,0.00210420493426575,0.000681964027564076,0.00146635806815483,0,0,0,0.00352886920918971,0,0,0,0,0
0.0646063618374816,0.329948693065384,0.0178470800397822,0.0168035399144766,0.0368220397329877,0.0156311291434823,0.00539905245726866,2.28961552292184,0.562065734512693,0.157608523707665,0.968339574694985,0.210503002137457,0.0122950256311912,0,2.13922418044233,0.0427977565604118,0.000582736162179839,0.0010732814619605,0.0066443885137879,0.00768137984097324,0.00351599177846373,0.00893706463302858,0.0243798244762566,0.0285470281000086,0.0112094851334535,0.00989209693109948,0.216466747353821,0.0220803215735257,0.0446169159447891,0.0218296846978723,0.0190160424974382,0.0183457523046361,0.492379597210677,2.29400742938904,0.574448213051105,0.0471639619895937,1.02333125566569,1.21201917168787,0.16702941262842,0.0472627882943239,0.0382678287261258,0.0187102993147741,0.00694857277071087,0.36991171201135,0.0204345532084623,0.0165479966609504,0.0107342958144702,0.00457828346615712,0.00319226679442153,0.00416710595193368,0.00928398288739193,0.00364406481871913,0.00589351621112466,0,0.00409191183359624,0.0360611918899871,0,0,0.00262118233066552,0,0.00127413842055724,0.0134477234036434,0.0124710723283384,0,0.00052152177566539,0.00570198583504594,0,0.00485146152940155,0,0,0.000503193447332104,0,0.00975526816916156,0.0153792419469215,0.0947089384542371,0.0174258617710954,0.0129405545488377,0.0133652866581033,0.00917371847881467,0,0.0290468304044857,0.0618291761991415,0.00775998500918904,0.00230994276308918,0.0300285040668465,0.00824682444926799,0.00482428479888775,0.00170550577102857,0.00266508192405057,0.00789120563694759,0,0.0112968052907494,0,0.00297239492088908,0,0.000595260479725013
0.0643283744188536,1.02095378444193,0.0598390910970323,0.0396914941188703,0.0552949158106969,0.0565187582816787,0.063818574014197,3.85282435330266,1.75026489743598,1.98492926220258,4.63073347531337,5.67225893677291,1.59658311036173,2.13922418044233,0,3.04305803382518,0.0590991403889355,0.0600913188702061,0.0583159561064402,0.524843878624248,0.246223505648927,0.236629984919098,0.68379558229395,0.186638623637593,0.035924268025948,0.0280639040905711,0.22435780415622,0.0495543160138408,0.0982146893286532,0.351065152254069,0.25307548201162,0.0985852738542408,0.679731947344385,3.55424078946126,6.30620810012085,0.573523362095198,1.03908337914446,6.62665402426074,3.00111825746879,0.600764065857906,0.0550701586713445,0.416840181983907,0.251042703539589,1.39856627076346,0.363081294297337,0.912624089179355,0.0379198420268239,0.0278701881555943,0.0109533589419412,0.00578109474989004,0.0181664682252637,0.00469434320842914,0.00266108275704213,0,0.00328085246573365,0.0323126953070388,0.00200369363191873,0.00139907832624755,0,0,0,0.00305989053229294,0.00146379574171618,0.000853408406063259,0.00789965715485936,0.00720299012867116,0,0.000845060718732873,0.00393976178208211,0.00981684357976482,0.00187736527211463,0.0092891496473987,0.0284911006378807,0.0139883246663038,0.0783828867108569,0.0179819286964118,0.0135349044011897,0.0329547180403647,0.0352988498470072,0.00275269525463412,0.0179041714695365,0.0420217811316112,0.0180265729294477,0.0136482233658921,0.0164186733983336,0.0213571065269905,0.00692406049884253,0.00664434123373758,0,0.00396049203445414,0,0.00633314613986916,0,0.0012286023649587,0.00140136783107342,0.002670459304679
0.00360811694647996,0.336200845327282,0.0201033342459981,0.0122019966023095,0.00953891321492678,0.041761696245059,0.08274250480637,0.174515933488212,0.431432398490935,2.40113715066124,0.128357509971237,4.68516638761752,8.1941219303343,0.0427977565604118,3.04305803382518,0,0.095021878875107,0.099212573950207,0.0748134742340274,1.11105179586482,1.01566796397387,1.15285545984897,7.90873638189918,0.365894627616146,0,0.0200809014895208,0.00781233977040068,0.00606158253587806,0.0465139409216024,0.308532062079299,0.479485426573871,0.211918083911616,0.0445449279748797,0.262117891335428,3.72153965741828,1.03299958066375,0.0468805573065251,4.04414103432536,12.0815848289411,1.26513572292711,0,0.189139757534222,0.57033680427493,0.426304134282793,0.676112512851291,1.34747414288107,0.151631777389825,0.0773154417917077,0,0,0.00244831060210893,0.000615547000309746,0,0,0.00310355648174973,0,0,0.00153364245482229,0,0.000894410672156634,0.000927523342608393,0,0,0,0.00382573336207073,0.00824052410264693,0.002158461059578,0,0.0046513590316945,0.00627059826263656,0,0.00589003694835015,0,0.00396568863470514,0.00472636760279334,0.00112959649044592,0.0044229080792145,0.0442911729635283,0.0325854765297098,0.00853909114285787,0,0.000969970848992509,0.000701334730958181,0.00779734192587571,0,0.0033949595137905,0.00134228948978454,0.000773954359710047,0,0,0,0,0,0,0.00450237100182233,0
0.0782424603282038,0.302063311466715,1.05941228807898,0.472411341026946,0.0922706887309088,0.324761452748012,5.31445789228736,0.0958195222620425,0.101024276456653,0.625677103048528,0.0097400427019804,0.198124664535208,0.217461819144677,0.000582736162179839,0.0590991403889355,0.095021878875107,0,1.34872246054599,1.28775611412835,0.966254973697283,0.748167424259091,1.06403936343733,0.161936722763485,0.0430125036363639,0.00197412227949677,0.552039208404304,0.0180080787628437,0.0732244148301385,0.405487999110791,1.32087296822192,1.47694680894487,0.0485610266782059,0.0326411388533441,0.0284001700645583,0.131856822974287,0.0753427402521923,0.00137009034739915,0.0388437039207923,0.0545935024739413,0.0279494689364202,0.0207145378553505,1.34933405464332,1.04293418357847,0.151475174446336,0.584975393829548,1.17072842096296,0.0382835284883854,0.00751486211416727,0.000665573918854117,0.0115723496253423,0.121773730301193,0.0150939229483157,0.00115794865607338,0.000486989335660225,0.643122606658371,0.00435882322568537,0,0.00699565316776863,0.00043771295477632,0.00286438507241128,0.00120290886970777,0,0.000771736183375948,0,0.885685815139339,0.201199113874894,0.0203412008237996,0.0139901353763875,0.00722421403846893,0.132203897177198,0.000320736540398922,0.000857599807433954,0,0.173903165594192,0.0134277269707175,0.0287410808010937,0.136483230909785,0.532515238737388,0.611111230901353,0.00333479443516614,0.00467481584215845,0.00112026420298945,0.0314670516342506,0.0222652510942257,0,0.00215802597862766,0.00208251300407965,0.000308459539590682,0,0.00945070993078076,0.0197300328677864,0,0.00265238957029253,0.0113159344589338,0,0.00308917520244833
0.0149504224539072,0.100536011464453,0.405758869641637,0.0769703907371582,0.00604015226593124,0.0477384268260191,1.8503694083408,0.0149393915359166,0.011836287439086,0.179757530896221,0.0101126318643771,0.0942128395675481,0.201306044313591,0.0010732814619605,0.0600913188702061,0.099212573950207,1.34872246054599,0,0.261962796842378,0.386177570041849,0.382836687381163,1.49769821932595,0.19678530488652,0.0671829270900084,0.000865936722893403,0.245468781722661,0.0109021791434688,0.0435386722027128,0.183819206656713,0.615065142309925,1.28732382557261,0.124203366125145,0.0121441768538782,0.0130416207671715,0.122073844894798,0.0624673215615959,0.00382616259231829,0.0283851107472609,0.0938527183154419,0.0411257234007644,0.00418261262090658,0.167525793723802,0.288137821441605,0.0421301352235513,0.221851173933747,0.287532289550967,0.036825884772492,0.0243952210683919,0.000382722868649946,0.0038010981173969,0.0332493003131418,0.00267258621424452,0,0.00134977931104487,0.11932811437866,0.0022171178266158,0,0,0,0,0,0.000643172756396443,0,0,0.160136865260872,0.0709639108119961,0.00548546785193818,0.00322364172599503,0.00343260382156604,0.0527493618661192,0.00050688770551905,0.00884473852066921,0.000938695104952501,0.0588770107099959,0.00170539663009522,0.0044880480374299,0.0413661420831155,0.167743068056718,0.295580697863548,0,0.000996095797267497,0.00132712534998827,0.0113913433477038,0.0105602206879973,0,0.00201723227638817,0,0.000345878906979472,0,0.00176755309380479,0.00319871407116482,0,0.00143332404771698,0,0,0.00275337572232648
0.0186520768371353,0.189278767409121,0.189571814048463,0.155093830089283,0.0439614836378341,0.17412659133078,0.842119016830096,0.0491589434525253,0.0867617043937515,0.999550199633715,0.00365313535705236,0.267583772566501,0.347033644669369,0.0066443885137879,0.0583159561064402,0.0748134742340274,1.28775611412835,0.261962796842378,0,1.4624272116924,1.04359404328075,0.328065630137942,0.0978772612863694,0.0186106960092444,0.00127403930406447,0.0940897222078796,0.00186371840629584,0.0277938281291834,0.0970127466101754,0.164031319224653,0.125181255416062,0.0251126348814362,0.00978075825030488,0.0169690923361705,0.0845455030959584,0.0129471815428824,0.00606788983607334,0.0281086892316263,0.0285032747472208,0.0137809168003554,0.0162436252827936,0.978221719466396,1.4079532904166,0.097725985195971,0.619036764666632,1.31276725114918,0.0223857948898478,0.00122429726032325,0.000218812582278053,0,0.00655248133450648,0.00054961726422673,0,0,0.00927813496864384,0,0,0,0,0,0.000773067332788729,0,0,0,0.00686112383484788,0.00379035941704813,0,0,0,0.00606737293364207,0,0,0,0.00583629222838504,0.00405260560050051,0.000788549348200163,0.00675230696445498,0.0218728606908068,0.0204199141555687,0,0,0,0,0.00318377229150891,0,0.00166162327927451,0,0,0,0,0,0,0,0,0,0
0.0169867497235009,0.369114013811817,0.151198002100064,0.0896692046491258,0.0383666790545066,0.144347216933966,0.641743735286432,0.0484959654295535,0.102625596713163,2.20332642911217,0.0155731819702605,1.57173439167332,2.54303557929878,0.00768137984097324,0.524843878624248,1.11105179586482,0.966254973697283,0.386177570041849,1.4624272116924,0,2.01804833079144,1.02632010128111,0.732161712499259,0.0706315136881086,0.000889117535589623,0.07864716261766,0.012484287771474,0.0136605191621912,0.102549937224547,0.245802324925807,0.39182686706691,0.0529608161931186,0.0114511607291079,0.0303451688680023,0.53196229541109,0.144704807683428,0.00524856041606223,0.177976552513047,0.283064340745987,0.0759979923555139,0.0048654018354926,0.645773185972101,1.53543697130663,0.200107020666211,1.12240198276024,1.92163468184377,0.0364715727814102,0.0192952577331891,0.00031153279668842,0.000549300434026113,0.00637648165250705,0,0,0,0.00884121399616564,0,0,0,0,0,0,0,0.00164107447121892,0,0.0138293061658551,0,0.000796138931224658,0,0.00146992969986584,0.0049931631088966,0,0.00213049552605725,0,0.0147796139748714,0.00288244180084815,0.000491347771851555,0.00908366108902967,0.0496159412223355,0.0481610256380305,0,0.00134147249040836,0,0.00600145990028977,0.00132490991968402,0,0.00114123285989731,0.000689301463386638,0.000772796779309547,0,0,0.00139513326516638,0,0,0,0,0.000682499731514116
0.0106358881080063,0.228719205614092,0.107834068758752,0.0648826336454893,0.0174459683212198,0.0599848131384998,0.524312850647645,0.0320522937644549,0.0629650169370965,1.30274579937014,0.0257371690094899,0.919500630908083,2.87281754648846,0.00351599177846373,0.246223505648927,1.01566796397387,0.748167424259091,0.382836687381163,1.04359404328075,2.01804833079144,0,1.64355290116213,1.54702616398402,0.06190185324525,0.000850125537643853,0.0606086686742441,0.00379558974666944,0.00618255217542719,0.0579357701481301,0.231859989421349,0.424086403272357,0.060290600328776,0.001490091879396,0.0269849896313752,0.464371989593651,0.131009042341806,0,0.159550369313718,0.346707394925504,0.100356157744792,0,0.349453115828091,0.997134320191667,0.10299139790845,0.566404265967715,1.03170574346411,0.0585170495067558,0.0354590076303513,0,0,0.00267250534407446,0,0,0,0.0143858251406323,0,0,0,0,0,0,0,0,0,0.0120642446495153,0.00732221395680821,0,0.00122978609677974,0.00212712313166506,0.00450393964220685,0.000417683002652446,0.00383126405105372,0,0.00979975389296094,0.000797531341530822,0.000627252393321079,0.00745393302435664,0.0216608853298982,0.0392252093632865,0.0047327930563219,0,0,0.00697440156619041,0.00131334964545884,0,0,0,0,0,0,0,0,0.00125253034212802,0.000928175681066956,0,0
0.0210245372131212,0.302825892028066,0.27796472355174,0.0801565605579974,0.0158275097908406,0.0576339589257519,1.23122476103374,0.0317111612102591,0.0353563689467155,0.580635834742046,0.0128925999284989,0.534469515763806,1.6851880831199,0.00893706463302858,0.236629984919098,1.15285545984897,1.06403936343733,1.49769821932595,0.328065630137942,1.02632010128111,1.64355290116213,0,7.19446345137857,1.017052581623,0.000739979662319151,0.126933369042168,0.0276727504107398,0.0243996110571879,0.174551144911552,0.970820625740334,3.94540879014812,0.991571358426823,0.0154630772231681,0.0756403283586144,0.71175003760374,0.740363903052676,0.00676332650993808,0.273482321990636,0.943856296016277,0.965068949328266,0.00368407118511699,0.24322421126925,0.507869893858563,0.094581399434058,0.453746941197748,0.591425185937794,0.270136975902615,1.04402146670227,0,0.00379611346479599,0.0220336715827851,0.00104429742678171,0.00105811146477237,0,0.0700952514919153,0.00173433275993949,0.00187864699345083,0.00529316656387914,0.000832754002175803,0.00692354791599805,0.0110892138049983,0,0.00786283024000805,0.0121286362481801,0.121987610932359,0.0805853127120499,0.00925732937222621,0.0168233703465403,0.0232869964892424,0.164392638130564,0.0246509824339535,0.127126029320398,0.000290506543526442,0.0202553159017176,0.00725940527279004,0.00405392103991394,0.0278267957138196,0.249229144143258,0.610054939872124,0.0731091663397885,0.00209089047240879,0.0126221623310049,0.0334776512077215,0.168581343984007,0.00312121858444101,0.0243403145645372,0.0231002516511873,0.0322904340413521,0,0.00394613520534229,0.00966193217087296,0.000965712845076155,0.000604271406655699,0.00627546048385908,0.0116114009328867,0.0861654836261507
0.00444480921196164,0.183138014684927,0.0287287451202571,0.0164282679391382,0.002449424946337,0.0184754988563477,0.140690225198873,0.0401002162853612,0.0394100131681577,0.519638633598991,0.028857970932156,0.863553838838013,5.52014860057665,0.0243798244762566,0.68379558229395,7.90873638189918,0.161936722763485,0.19678530488652,0.0978772612863694,0.732161712499259,1.54702616398402,7.19446345137857,0,2.11285135625926,0.00240119060935465,0.0175535713321535,0.0380334429189229,0.00772970062439195,0.0393632168268018,0.518009371477734,1.42284531033412,1.23644021915687,0.0133987848449316,0.139672132981961,1.47504937253056,1.37492927029689,0.0257378004730043,1.01408877928967,6.19113658628932,5.74054187231555,0.00577718486476961,0.0970905834254772,0.276278093642326,0.121055931756622,0.255297427095058,0.399686229686027,0.294865203793453,3.57902312625059,0.000169854560788066,0.00195728201803854,0.00180493134375803,0.000376947818374228,0,0,0.0113040813106599,0.00365061294871711,0,0.00387126502492152,0,0.00545810194468808,0.00457223779023487,0.00230948609098996,0.00369066772054821,0.00400960914575941,0.0144125788439841,0.0258639245177291,0.00352839342319343,0.00307851969306994,0.00676170346648985,0.0373300014937139,0.011951806136422,0.118958640959985,0,0.00298786547597907,0.0091948805609493,0.000742500344809577,0.00406740679891598,0.102365373606658,0.181010494369285,0.051312916768721,0.00295752815667226,0.00945782654428937,0.0250563390935566,0.133325355403252,0.00564455498026081,0.0182921296958156,0.0188819541087204,0.0437054113922013,0,0.000413185952961963,0.00478548405615841,0.00178803476482762,0.00105368002711667,0.00728998086185655,0.0095402055402308,0.0680033768975291
0.000608355659673307,0.0671043129262573,0.0153316555253806,0.00284487079992839,0,0.00623187560860432,0.0383521093774166,0.0102293479043315,0.0174238153318979,0.105457320812842,0.0104985255739699,0.103650183161423,0.187311076567975,0.0285470281000086,0.186638623637593,0.365894627616146,0.0430125036363639,0.0671829270900084,0.0186106960092444,0.0706315136881086,0.06190185324525,1.017052581623,2.11285135625926,0,0.00554387670820768,0.0180608814676579,0.158142759887989,0.00345285698389527,0.0321238856058559,2.25676667791092,3.87846668959742,2.35156011382034,0.00694002794060217,0.142090378773528,1.01973874597663,3.45036702954986,0.0113952339942617,0.418251195225058,1.31305481019379,2.37286523456774,0,0.0138413580276883,0.0701429767004078,0.0442659491866774,0.114491986052047,0.115823737878807,1.43179383795948,2.26904867994892,0.00132603667874438,0.0104682294236302,0.00503028648002505,0.00130841232562058,0.00164338946189416,0.00228408064004945,0.0196436766327145,0.0190221206804179,0,0.0620301627731207,0,0.0379570416414784,0.047458480403236,0.00659081930163388,0.068458175520031,0.0742097621291744,0.0509271641843055,0.131838547870094,0.0389338083132736,0.0487732354542543,0.0855101595945754,0.248044885364466,0.0886835417245926,0.909392946222967,0.00112368767184948,0.00798877454806675,0.0627239889500648,0.000965771998644735,0.00956159697555536,0.99914951098076,1.36853577626012,0.571750797407691,0.0110130103742967,0.0743346484471484,0.210057806255851,1.13594830642343,0.0187329121302687,0.15840277744668,0.234836892993389,0.290251980292337,0.00400018395556263,0.0142698296145401,0.0381774432055145,0.00202591361339827,0.0266971874368764,0.0398440516908153,0.196312302779967,0.560035125803595
0.705408012032384,0.0513935367976658,0.196911732848823,0.021687489782547,0.0288571292300122,0.0117767439655447,0.0031851572999772,0.161557118826778,0.00779272504225471,0.00388290816605846,0.057566797965772,0.00693088775818723,0,0.0112094851334535,0.035924268025948,0,0.00197412227949677,0.000865936722893403,0.00127403930406447,0.000889117535589623,0.000850125537643853,0.000739979662319151,0.00240119060935465,0.00554387670820768,0,0.0514479605075661,1.51059280206809,1.27151337056777,1.13079286798436,0.0109251690864096,0.00373318919037191,0,0.448597054433672,0.196136282849868,0.103110070145866,0.00703903861817373,0.0583110061398981,0.00454627005022634,0.00195058932075848,0,0.00813464842428108,0.00108855168209696,0,0.0231480445646123,0.00167284861426055,0,0.00186871430251703,0,0.320944731991439,0.103292016374945,0.204116919304476,0.066801562654497,0.0357741395316996,0.0275765463579845,0.0146654335960341,0.0533282616423686,0.0110588938026338,0.00411614154894983,0.00459808053238218,0.0112907083853519,0.00160333297869006,0.0418441146235012,0.0160401169442854,0,0.00927165490865764,0.00232521673078856,0.0048912090195834,0.00120615829813392,0,0.00106792830879739,0,0.00158666852609446,1.13244140764298,0.0213790849132346,1.06984132321345,0.486547096014952,0.456607611401689,0.0134146257231111,0.00317502796287323,0,0.27180658471772,0.061432811869557,0.0278828905983194,0.000923371878607051,0.0210170309254179,0.01799179032334,0,0,0.0312371062194444,0.02040732923858,0,0.01515119604202,0.0017981879440232,0,0,0
0.16043556286482,0.355876611039171,4.35664131062495,0.367318958251593,0.0751616179767469,0.166666984982837,2.56023068811497,0.10552480739093,0.0228724969783798,0.102114721660466,0.0104487549500209,0.0286233072426973,0.0419468770727183,0.00989209693109948,0.0280639040905711,0.0200809014895208,0.552039208404304,0.245468781722661,0.0940897222078796,0.07864716261766,0.0606086686742441,0.126933369042168,0.0175535713321535,0.0180608814676579,0.0514479605075661,0,0.348099964862039,0.789114755706241,2.69835872792248,1.39592985253828,0.395328327198894,0.0144076099478758,0.11219663520264,0.0824656323022624,0.126677594745901,0.024246459287019,0.0183767267454908,0.0183565673516711,0.0189543823904783,0.0111271872285559,0.0464492952763088,0.283434083917743,0.182062843201973,0.0647702113384021,0.234794638021486,0.197981090445158,0.0160269525898638,0.00539396751340931,0.0102913605973898,0.0492256178312898,1.57060645177194,0.106345736052142,0.0124794282129873,0.0119401511167404,0.90465437496572,0.0172490305853378,0.00210402870503335,0.019311182697235,0.00168566271446235,0.0093459595385697,0.00550804188923251,0.00255152373247292,0,0,0.455363650055687,0.121024059341476,0.0521952031769267,0.0395753092308768,0.0182404244650292,0.0404097849322288,0,0.0036472508981041,0.0305667789231392,2.10408278253819,0.273898706534051,0.329828647507712,1.33156991208919,0.800984452628259,0.177757852304011,0.00998526058971059,0.0393669731437478,0.0187525250843909,0.0550975705340866,0.0393040700363139,0,0.00461664216108032,0.0109210864771071,0,0.0112149329419788,0.0584000404524889,0.0417715482139967,0.00590962110994704,0.0136229651980102,0.0166433983955091,0.00263460546721661,0
