0,0.861479390668481,5.97751363934401,4.57801135688546,3.2357721643992,0.483411375970369,0.254270612537354,0.691563115142749,0.0448224037639835,0.0331458922644629,0.0366557738317528,0.0657851323855285,0.0131734843701379,0.0357865909351724,0.0504668978549356,0.00738101255486539,0.0608605220293352,0.0130327663154601,0.0158698425437885,0.0190459453447546,0.0114396698868545,0.0181502846239376,0.033056275891677,0.014670386136849,1.95152250068227,0.0503034788298698,0.855958413332476,7.68216992327987,2.04686170858381,0.143236840623073,0.0294810551475392,0.00718782624974452,3.00371145483441,0.414437474253351,0.189677911952925,0.187066314175731,0.0539390604711064,0.109285254562737,0.0169926803634376,0.123124402969411,0.778427982879969,0.102330847770638,0.0203783073798585,0.0503901094183379,0.0136672001533341,0.0231385576980752,0.00428359546890917,0.0525152218658042,2.44063697782878,0.171746484742227,1.2663559332504,0.0980352057090016,0.032115829979557,0.0201714852457963,0.0516675678485275,0.122425139940903,0.00933352101299185,0.00608794608718643,0.0172324804738171,0.00992168539468758,0.00346230657755514,0.0157042934278279,0.0202892170345134,0.0013490587499975,0.0137523551158044,0.00632258471681738,0.00288011598616554,0.00351902934812066,0.00353826782113537,0.00436555269805889,0.00840342389048895,0.00556656381511262,0.705177915840912,0.0461480617014723,0.644832518125241,2.01444767211278,0.918913060648489,0.0718705817046654,0.0167642838828444,0.00117962655237888,0.564921315294103,0.0992606070504095,0.0459904089924603,0.0658395214453555,0.0191984084650594,0.025508068570548,0.00690521167045792,0.0163469942072823,0.0344892651890772,0.013762045391737,0.0069912395095431,0.00906674665374883,0.00242830818828749,0.00750878454055193,0.00071855003203556,0.0228134020442827
0.861479390668481,0,0.317897741228673,0.629272001821338,0.671141752633919,0.680325973716662,1.07525539070402,2.71026449437402,1.56679936512706,1.53206747753015,0.615550817059454,2.07934442896942,0.127196365444525,0.475715488741329,1.1323727823359,0.052684186035319,0.949712956911755,0.0614392119478075,0.439094432419703,0.177306569982173,0.108853480521944,0.037939791293312,0.0609094221908111,0.0242000576090697,0.0654300485526347,0.0285910053873102,0.298191786187891,0.258651381428459,0.14252888954346,0.191564962822874,0.0524761438518325,0.0226349546551191,1.15603969996694,1.50949292878401,0.523088192268672,0.296348562376822,0.642726052473746,1.20130408326804,0.0710151395278957,0.18618612366331,0.393799840792588,5.2501417905212,1.00426038857971,2.72781342516326,1.67880004517419,0.948199452266115,0.00682116770135349,0.0832385774536454,0.141534852250904,0.0653006054120268,0.117851409082259,0.0366660814292899,0.0132737689416862,0.00392514653508313,0.0288724301393074,0.0508819293144522,0.000655764071735218,0.00524223373281191,0.0104105323132197,0.00986977502198873,0.00937397654091954,0.0074500935903013,0.00896231456045723,0.00349554214272951,0.0161781883868568,0.019234100053757,0.0121071407822715,0.00672591277779054,0.00734144149274465,0.0111132187066217,0.0330091188962648,0.0122338576862798,0.0372611426225242,0.0294375623575338,0.191040817454185,0.173308151226146,0.0766013721844748,0.088216503963191,0.0212208385196451,0.010470665052342,0.126503440258956,0.0847898488626938,0.0532624828588008,0.0814052291056286,0.020002693106224,0.0306704300805173,0.00797337530605557,0.0255774605080873,0.0130486108947054,0.0156716766299818,0.00921169888384038,0.00272171760769219,0.000559434313684479,0.0102592035412767,0.00508446333251972,0.039513479424887
5.97751363934401,0.317897741228673,0,3.07768348185972,0.180173731857481,0.139356492691783,2.53137596335158,0.106745770552203,0.0270718275226942,0.0583994995675814,0.0129346550519368,0.0919342365472159,0.0390035594376746,0.0159765222385835,0.068154183566126,0.0211101871757265,0.719923839455801,0.181080611615536,0.0627326085325965,0.0997442610280035,0.0720669287118548,0.0661661557136299,0.0424167629655236,0.0277995148099771,0.142794695944622,2.3857539090217,0.332605634250603,7.44755544150869,3.27223383189879,0.82797006195334,0.261600954215753,0.0219729710367761,0.230780700772113,0.231276790394398,0.211944182258477,0.221437565175043,0.043118642830544,0.112866981007312,0.0471556711685613,0.103695936171472,0.0880739061809025,0.121681289159173,0.0752826508076536,0.0590670835466638,0.0304344457583422,0.0652578219444292,0.00567626713506731,0.0482053976435901,0.97385431063951,0.114986268225924,4.21935085971239,0.193337506915021,0.0266982846083629,0.0189451332732289,0.538153020200069,0.0321205811537943,0.00915294331149133,0.0237174115797627,0.00686061626302348,0.0223392986354446,0.0081886164744519,0.00496477844588001,0.0307260297727101,0.00725357436987095,0.138552362692413,0.109872069599482,0.0223153599032677,0.0240872175108066,0.0412086649670298,0.0473982084198894,0.0175634177244863,0.00791382785393415,0.0844801818984419,0.846367734299449,0.271034716849083,2.90350980613859,1.50177705459042,0.588263547072739,0.155715768332053,0.00999408180128434,0.104773494511375,0.0801695471908232,0.0818393075958978,0.0857782493235396,0.0173940059031875,0.0366784498687276,0.0176540371111092,0.0163233266266253,0.0230837029338706,0.0254543410570363,0.027043523151885,0.0057529177161221,0.00554829886312877,0.0243991096300543,0.0018979012958429,0.0256249342301066
4.57801135688546,0.629272001821338,3.07768348185972,0,1.92995147797201,2.52475777527592,4.88984491090133,0.240478240786186,0.101407890666067,0.116408950189507,0.0379093820383605,0.1324650544804,0.0339758840445423,0.0186700536493689,0.0916832748023927,0.0125984683424586,0.378633983128648,0.0413761764416896,0.0963635558504926,0.0510626683408403,0.0509715133162994,0.0232688545552826,0.0395499132739969,0.0101647210281659,0.014106971815184,0.0436343079547473,0.105082974847204,0.874398989927659,0.257151299837252,0.107288269728756,0.0326692230949837,0.00923483661835746,0.285073475692749,0.304426880068502,0.217402804111528,0.177232805596691,0.0526126777301412,0.124833858987009,0.0341125534722298,0.119401000291529,0.578142401245658,0.341021145474124,0.100179977957986,0.10184184692064,0.0554528492694282,0.0716893755801737,0.00222807992138946,0.0430629440394085,0.095390109616475,0.0222536394869941,0.225932972429981,0.0376738997131019,0.0022898318720801,0.00529757845181182,0.0384106170429868,0.0158184012192304,0.00376319238092415,0.00555152177619878,0.00124976761731199,0.00300943975347833,0.00373783136198502,0.000379941271240469,0.00533742867697591,0.000864316752098165,0.0124824392909375,0.0102264228719468,0.00674640912968441,0.00739735809672012,0.00658878698215501,0.0118450374316934,0.014500014840317,0.00650275168906927,0.0150171211789901,0.0328273857963252,0.0611311875365954,0.152636072401317,0.094818823509662,0.0497866523876448,0.0179344448153491,0.00497354345322114,0.0332649971572735,0.0273534284054549,0.0186783734508382,0.040322164133918,0.0045865848476805,0.013465946452809,0.00144152723182433,0.0179070891421981,0.00706731613778457,0.00701889450247119,0.00497917124697753,0.00217921305008577,0.000452042456902141,0.00602574280503047,0.00145394168787401,0.0214949398897726
3.2357721643992,0.671141752633919,0.180173731857481,1.92995147797201,0,3.00550638219476,0.31023619463127,0.934873404145219,0.176654649488918,0.0250424825495191,0.0498351343046547,0.0717401687233498,0.0156872329491903,0.0196894539543057,0.0356866557670152,0.00842448627241954,0.0425719061794027,0.0080694973223959,0.0187014446105548,0.0179981410182446,0.00625270166494949,0.00238154899499403,0.00558752760666814,0.010777224097717,0.0301119609926336,0.00506386830759334,0.117801286713599,0.211419967531865,0.0728089914776696,0.039172310383826,0.00718695836277264,0.00328051730826362,2.01165678103935,0.162568427664526,0.083362157228174,0.0456225175421771,0.0312743905421484,0.0767287228603475,0.00998573815257994,0.0528799485497791,2.00327128455066,0.111312408122878,0.0337296722537103,0.115268439680822,0.0344105429048639,0.0320693618955775,0.00153587072236568,0.016492571571518,0.0486725581535551,0.0389148266311395,0.0381679318739131,0.0101275308848255,0.00541673443528182,0.00381968364119488,0.00149409597137226,0.0100568520542567,0,0.00137605519235251,0.00247121449487746,0.00418548684867598,0,0.00196128085844521,0,0,0.00182237702187555,0.00336319977710857,0.00158757056797354,0.000421986568007619,0.000661728249155141,0.00180459216325586,0.00247082157733839,0.00709078415267073,0.0151929786074884,0.0092182929578928,0.0847260904254076,0.0845436726241981,0.0385815784873391,0.0178703207440571,0.00399251405893938,0,0.0585070069729528,0.0198107843048744,0.0040968214943201,0.0205240921357479,0.0101186510650415,0.0113822817689518,0.000809212067123116,0.00598785812759903,0.0162358540082963,0,0.00300174746584649,0,0.00398812968726958,0,0,0.00231964798428569
0.483411375970369,0.680325973716662,0.139356492691783,2.52475777527592,3.00550638219476,0,1.3435948878772,0.756900622352242,0.332951170425768,0.150868711560695,0.126912025534372,0.166078489158599,0.026303945008787,0.0309948306751192,0.075013651062594,0.00536938439848209,0.158242482890603,0.01521503825554,0.114730135583123,0.0386592472901627,0.0204015842636828,0.0134635771368603,0.0242823581051189,0.015054864174771,0.0111761137631316,0.00863476562500895,0.0616991491932561,0.0944534449980779,0.0296980240096746,0.037257131978803,0.00712714844084172,0.00341258254400862,0.663678400682517,0.242260250163952,0.161808053817244,0.055793709186755,0.0606308233549478,0.145266990898518,0.00776243928350382,0.056581764893139,1.08955707894022,0.564168121964701,0.10455458413622,0.207127540058334,0.134546276562097,0.139595013061936,0,0.0251620107110911,0.0257502815456533,0.0123506827926236,0.0264498811412571,0.00447468245067176,0.00406399831506399,0.00384586488506734,0.00447568712964934,0.00738708721307821,0.00183119079523425,0,0.00301226779004071,0.00143324576909373,0.00156219111390804,0.00244562674866167,0.00206251121692452,0,0.00350169911391168,0.00310017343310268,0.00164400378039629,0.00111344029858546,0,0.00152039840054217,0.00846576664267734,0.0032494876001844,0.00380115436680818,0.00582248161545239,0.0311550338276702,0.0374801600135422,0.0182561748928526,0.0182309116433131,0.00455135093524646,0.00245349653142979,0.0216804099268041,0.011847795499648,0.0103456205083027,0.0176271968715883,0.00429864783657562,0.0033203234527,0.00183500626689446,0.00673186157596061,0.00307555939490019,0.0027608577263245,0.00319352838688871,0.00187352643662311,0.00161232470154776,0.00196984648022683,0,0.00717933944523897
0.254270612537354,1.07525539070402,2.53137596335158,4.88984491090133,0.31023619463127,1.3435948878772,0,0.398843941863169,0.280108411825019,0.407167007833569,0.074011901241091,0.492188833204005,0.177282689585262,0.0435765149658131,0.21753736376337,0.0739161389495648,4.92672910255203,1.31580803425914,0.713041070306019,0.44317076706317,0.360478680867099,0.352947350825741,0.0761888025089797,0.0342617534710681,0.0255252388736249,1.2540347482444,0.114053791176985,0.361300825641137,0.791800001199978,2.21931593276327,1.34658021796564,0.0942576416703206,0.157204674892506,0.230256218158861,0.182373445670832,0.270383089262901,0.0636551099651514,0.220232048568406,0.0864254985723477,0.0957649828955498,0.135269914959399,1.12188500394173,0.499490970402569,0.293998757057834,0.265445405831436,0.355109920910236,0.017357235950247,0.0888172277628312,0.0491272844479472,0.0334554862718827,0.616068979862947,0.0395760632525979,0.00292876373267854,0.00367059442813001,1.05951516516881,0.0154312367636105,0.00453058215242407,0.0229035809506953,0.00469287648175288,0.022959466459391,0.0251977744629207,0.00275380127350843,0.0328529199459863,0.0206770778911377,0.43391314517342,0.309514572750424,0.0562223899635639,0.0572216178695853,0.0862957225736766,0.183478573178332,0.0230426020523408,0.012795328331702,0.0173782247577882,0.525456504896578,0.0684572295391746,0.236846108281318,0.447915869146867,1.09772785856796,0.545275287342362,0.0190143664421118,0.0394173530628197,0.021202365477175,0.0513643383444326,0.081552234996123,0.00624098021046784,0.033022747779271,0.0243893322689031,0.0169016114905401,0.00349577448347741,0.0124060215692521,0.0330940454835094,0.004348588643306,0.00426752555544344,0.0363782113828048,0.00718069276066217,0.0225873273686976
0.691563115142749,2.71026449437402,0.106745770552203,0.240478240786186,0.934873404145219,0.756900622352242,0.398843941863169,0,1.10685916566943,0.378113265137254,0.934838211064236,1.22530828575382,0.0724653409026032,1.59199527514203,1.0075841465969,0.0429153525390688,0.174124913954791,0.0286945480326394,0.098048722584174,0.0655099692062612,0.0415570262833168,0.0279730018721495,0.0331721228068725,0.016597571510098,0.139175018439073,0.00591184876729791,0.598445390652862,0.136119053050347,0.0534160306116554,0.159934921384314,0.0351757277183103,0.0146578929098291,2.40584592465838,2.11158949186678,0.272222482932812,0.204653025877755,1.36857309956476,1.03447273342267,0.0507219400145396,0.140038120825522,0.661938084749733,0.752637823290724,0.138104042012924,1.45779708581605,0.220834477226275,0.173693354364594,0.0036769932772236,0.0458188857774713,0.0870601737026769,0.042927257660317,0.0410958010431383,0.0141334583781069,0.00800532539988391,0.0047735097659263,0.0160288751076289,0.137159612328838,0.00199237229891774,0.00301192297658348,0.0105683531302912,0.00894793046633813,0.00513881695796958,0.0221207451043689,0.0320241496397008,0.00518898933231906,0.0101518545290543,0.00653244489984724,0.00274253748605438,0.006932080926603,0.012091208156394,0.00823045376976427,0.010432904391868,0.0114103653826048,0.0553214650778888,0.00714796672604951,0.194574125358186,0.0747934613950067,0.0552569819989887,0.0594021494702775,0.0195816465139073,0.0053836600295968,0.218616977199522,0.10260377434033,0.041619334994306,0.0543877274230002,0.0338404101517144,0.0414352609440088,0.00631107471104331,0.0185134546083161,0.0105264495775372,0.00422693652691869,0.00392743408985674,0.00877631324069233,0.00641521800024192,0.00405091222125363,0.00491454570880831,0.0290238996365515
0.0448224037639835,1.56679936512706,0.0270718275226942,0.101407890666067,0.176654649488918,0.332951170425768,0.280108411825019,1.10685916566943,0,0.551833671896214,0.662039316374411,0.936804706236551,0.0395218958967234,0.506257641610184,0.533668737407447,0.00938762451471255,0.143883262478448,0.00399952795123681,0.0765160174810918,0.043887332599676,0.0237452894855808,0.00435875806389175,0.00363201595923922,0,0,0.00663033871546115,0.0495683419866725,0.0147328092426366,0.00475711278291879,0.0108691029236477,0.00540715650952017,0.00916448747728198,0.18638628710676,0.227650946441517,0.0759845963331868,0.0282371801626558,0.444530478949775,0.336077765708262,0.00599152276077548,0.0230154620665265,0.163913292439921,1.13188343959506,0.219614418171393,1.41375324366646,0.506335810219027,0.374432957778386,0,0.00543229283757093,0.00543915325805431,0.00710865301053465,0.0100460549507974,0.00362054147828992,0,0,0.00125766929733193,0.00631038224108852,0.00213680747226094,0.00158447710949128,0,0,0,0.0096455662012187,0,0,0.0019405668431135,0.00211975105956184,0,0.00143076002381126,0.000918258275633424,0,0,0,0.00958223194926697,0.0018486794217034,0.013931544989695,0.0162676104525012,0.00629035973930674,0.00222231145635833,0.00308746780071241,0,0.0146715696502269,0.00780225790614042,0.0141494016720672,0.0220433847776876,0.00172036030915035,0.00303206189810895,0.00230448629120386,0,0,0,0,0,0,0.0031381630028461,0.0023301796835091,0
0.0331458922644629,1.53206747753015,0.0583994995675814,0.116408950189507,0.0250424825495191,0.150868711560695,0.407167007833569,0.378113265137254,0.551833671896214,0,0.262460407969022,2.65577751859491,1.07001158472539,0.1481651656867,1.46319814306253,0.139104543641342,0.502584748955807,0.0567024775699438,1.03047326093273,0.979308688219283,0.345477925130998,0.0541670448671891,0.0343159024612154,0.00808383141170845,0.00191474877596944,0.0122042396528589,0.0151312466879604,0.00754593714328194,0.00774720752514879,0.0506073493532811,0.0331240517744383,0.0301411352688118,0.0769552107613467,0.214038936537509,0.120345175111085,0.0683650394560692,0.158183867489697,0.468412352596924,0.0278128623022463,0.0327960574357578,0.0191304986653465,1.42644101607536,1.30649309653972,0.973167327825666,0.708345565832656,1.92270660998254,0.00479137324031745,0.0205858500158756,0.00147461039846715,0.00526817568464408,0.0187051178499287,0.00308241895884346,0,0.00218347499945315,0.00995280256066227,0.00497474597624593,0.0037228647913668,0.00316928265812844,0,0.00180178954759476,0.00205369691012397,0.00375081013189943,0.00341246327046862,0.000605388065375051,0.00706826412164101,0.0065283445682339,0.00493907101194539,0.00838699566137881,0.00867066440244619,0.00453872167861032,0.0012023172611285,0,0,0.00462088413247631,0.0106500722160878,0.00450764721056752,0.0116872297792242,0.0132548698116781,0.0145674496045016,0,0.00566846603465617,0.011890549494268,0.0103548141798647,0.0102426304597097,0.00766372838332929,0.00533097018195347,0.000809600804405168,0.00146774224692758,0,0.00168631104996414,0.00244339519273895,0,0,0.00519890310620099,0,0.00873388825216734
0.0366557738317528,0.615550817059454,0.0129346550519368,0.0379093820383605,0.0498351343046547,0.126912025534372,0.074011901241091,0.934838211064236,0.662039316374411,0.262460407969022,0,0.607017000983078,0.023303821520722,0.475854293339653,0.449053481725857,0.0096876258306087,0.0472016164252643,0.000461871371055045,0.0586643596870072,0.0209412458796312,0.0104392267819336,0.0028530564439283,0.00237407810799894,0,0.0168298072141236,0.00615664548588374,0.0197651239583205,0.0052640399026686,0.00288348855885525,0.0117932660066132,0.00445487199759148,0.00539005376612645,0.134930197137889,0.14420177968897,0.0386469955925918,0.0143904427700736,0.310758749265184,0.341530008590065,0.00754867725958147,0.00582959845158904,0.0549939616666355,0.330843428869504,0.0768457855092028,0.572945677595777,0.160516376848662,0.141869517518389,0.00212291147738025,0.00582151461829684,0.00611035496313098,0.000678573203031801,0.00324278614945673,0.00267649439204204,0,0,0.0057473562256064,0.00705289609000316,0.00531811136738308,0,0,0,0,0,0.00120715635655867,0,0.00299528946773738,0.00178318922378423,0.00275582205665698,0,0,0.000522433213439588,0.000989115642533268,0,0.00409268891788617,0,0.0207012355558539,0.00386701206020745,0.00260254829596508,0.00665901257472242,0.00410836943635034,0,0.024680013787861,0.00427642302840676,0.00315122634199316,0.00536307099684141,0,0.00126922037488977,0,0,0.00622480966777417,0,0.00226369767711189,0,0,0,0,0.00549327095454907
0.0657851323855285,2.07934442896942,0.0919342365472159,0.1324650544804,0.0717401687233498,0.166078489158599,0.492188833204005,1.22530828575382,0.936804706236551,2.65577751859491,0.607017000983078,0,1.39298073784094,0.486728105148426,4.09242882349121,0.502361244781168,0.495991597875472,0.089729912398832,0.715950966328615,1.01071582073877,0.292803213415072,0.108180279299206,0.0701316677833305,0.0111633239410065,0.0089085347922397,0.0188311823585774,0.0484857754103674,0.0236227734726585,0.0138986939935349,0.163540279578153,0.0837397092522182,0.0370586010218829,0.157494378933798,0.387769947519373,0.254450616524359,0.213817198701526,0.408956354085469,1.22071804363659,0.249290628828745,0.0621876890306785,0.0587388670969684,1.37849023983794,1.01557792118621,1.41721954392809,0.634033318306342,1.38409920095144,0.0156288157560304,0.0322277082977328,0.0108008792214148,0.0112502149238254,0.0241296255801015,0.00452416872146208,0,0.00176257750819514,0.0212317305847577,0.0161957651997373,0,0.002420213767857,0.00257047227663691,0.00152325296178197,0.00145266819410834,0.000566960478641798,0.00944918021860235,0.00697918838106275,0.0108726059771313,0.0335437526200922,0.00421719715621105,0.00626807039903738,0.0129207761176107,0.0134196450425818,0.0050479176788737,0.000531695206678381,0.00494262452892379,0.0086674092925761,0.0183298071089313,0.0128413564275198,0.0118761067641283,0.0571127471126371,0.0386352922258662,0.00578074908623802,0.0149455104460264,0.00976228540890053,0.0306510198723031,0.0208318915476125,0.00606451835988264,0.0201434654971965,0.00350092576784899,0.00561824457494754,0.00311897301274172,0.00233859974789253,0.005296778928647,0.00288295504929226,0,0.00587275959490616,0,0.00688523596607503
0.0131734843701379,0.127196365444525,0.0390035594376746,0.0339758840445423,0.0156872329491903,0.026303945008787,0.177282689585262,0.0724653409026032,0.0395218958967234,1.07001158472539,0.023303821520722,1.39298073784094,0,0.042913617262691,1.01224940497571,4.2652371917367,0.370199029982715,0.331092156472921,0.899063281151344,1.78013035013821,2.03898762603495,1.43773080430594,2.69428343438841,0.282324444316745,0.00424121843187905,0.0310316642373988,0.027363739826194,0.0118128237538879,0.0187393474251979,1.03554919088958,1.11138942435433,0.639544890131219,0.0312146027253855,0.119836582501645,0.264086695879806,1.51397320574095,0.0488118411613046,0.430386781134383,2.37430561756001,0.585259292864447,0.0100416357652799,0.111195634121629,1.05140065273174,0.0451190336700296,0.0906495089832365,1.1759052856388,0.255512400966722,0.430434355959466,0.00527575700783359,0.0100459103344067,0.026873814471452,0.00331902490932852,0,0.00323668488688308,0.0291964114949161,0.0048383754236221,0,0.00961990406192324,0,0.00414709013773398,0.0098451540068996,0,0.012595288545847,0.00519415525281584,0.0388747187595951,0.0701691335321832,0.0169452252928055,0.0185799153750119,0.0357399974471789,0.0525864583260654,0.0294338709837997,0.0409324999569165,0.00122541959169897,0.0125216581876729,0.00643609312521221,0.00816315345014969,0.0104356664322766,0.145836039258087,0.192005779937492,0.0615340086760261,0.00651931932420307,0.022730219142893,0.0202547724839118,0.0824872333247203,0.00679896772215027,0.0235586616831581,0.0318343743442505,0.0247032737775083,0,0.0017225100864155,0.00817579354511996,0,0,0.010933319111909,0.00363151115251847,0.0421513643493333
0.0357865909351724,0.475715488741329,0.0159765222385835,0.0186700536493689,0.0196894539543057,0.0309948306751192,0.0435765149658131,1.59199527514203,0.506257641610184,0.1481651656867,0.475854293339653,0.486728105148426,0.042913617262691,0,0.751184431193982,0.0204165444981181,0.0383742767638075,0.00622712866557879,0.0179950613503958,0.0198684743371909,0.0259300243510634,0.00783158706870356,0.00912373189960692,0.00107159984954799,0.0109285917624982,0.0040285308739979,0.0188914354196558,0.0183385512496773,0.0121081633397697,0.0261810357362973,0.00604276128575133,0.0125757270229892,0.134840229304486,0.254793472058035,0.0712949376804644,0.0273833524195361,0.970512464139233,0.656908495572544,0.02462361107819,0.0195958617686619,0.0307028590097219,0.266094791462845,0.0904518638868716,0.477553780438816,0.146190109975047,0.116770759879512,0,0.00628229424861834,0.00557317044979876,0.00211976568562198,0.00403220712058352,0.00219980904045421,0,0,0.00465082310556308,0.00516848354027474,0.00654218985959854,0.00145115489942604,0,0,0,0,0.00258889733216261,0,0.00206547928944075,0.0026601577059138,0,0.0020247818305136,0.00171900355014902,0.00300935673559468,0.00237447842431043,0,0,0.00109962955796833,0.0212071932784818,0.00794738841734968,0.000914714190448362,0.00605774151980162,0.00116642512816062,0.00444590997518257,0.0160335830690956,0.027929828421258,0.00775579803061279,0.00943926690485583,0.00458251658875508,0.0020636047890756,0,0.00460064740223282,0,0,0.00134031623313444,0,0,0,0,0.00506232359697058
0.0504668978549356,1.1323727823359,0.068154183566126,0.0916832748023927,0.0356866557670152,0.075013651062594,0.21753736376337,1.0075841465969,0.533668737407447,1.46319814306253,0.449053481725857,4.09242882349121,1.01224940497571,0.751184431193982,0,0.974248697028176,0.279524433143817,0.0869457330466865,0.362532354327528,0.562536760460009,0.229789706304733,0.129243682654576,0.119497319504494,0.0274925990970065,0.012627691873191,0.0243483815893396,0.0521284881964164,0.0215607798161281,0.0130642067585677,0.263740096219392,0.128166719241911,0.0799485327244042,0.169904429346692,0.422242662648348,0.398234999358402,0.320806837790461,0.613985375494076,2.12639173075021,0.902243070938104,0.0650763939581139,0.0433735149324,0.820305057246509,0.582806648528316,0.828673302470374,0.347383839907195,0.756054952596367,0.03286847840102,0.0530165498261124,0.00932481151853164,0.00415165368394375,0.0273632805458043,0.00220619392147304,0.00299785088062065,0,0.0212051443900436,0.0122483532207532,0,0.00893303762020698,0,0.00140786570814114,0.000648244842977853,0.000785585010162834,0.00632767092335193,0.00455783764137269,0.0125488891790456,0.0265077612282529,0.0074573042073011,0.0110645837171301,0.0138285469226851,0.0196272867769986,0.00854168858879103,0.0113388300075958,0.000577675067914007,0.0196619612098418,0.0183619730087459,0.0199059965690491,0.0112134953224362,0.0705545836310441,0.0492230196770139,0.0192080759815053,0.0205897060065233,0.0222303797569698,0.0458351736264551,0.0265164352002883,0.0144742623024492,0.0105730838022291,0.00803064391552786,0.0146239414287895,0.00125737374999473,0.000981230866189786,0.00400748933181157,0,0.0046089498405181,0.0122058842612341,0,0.0115193550531432
0.00738101255486539,0.052684186035319,0.0211101871757265,0.0125984683424586,0.00842448627241954,0.00536938439848209,0.0739161389495648,0.0429153525390688,0.00938762451471255,0.139104543641342,0.0096876258306087,0.502361244781168,4.2652371917367,0.0204165444981181,0.974248697028176,0,0.15871327903051,0.169206027478634,0.111985065416957,0.59994536156198,0.913982381893265,0.760771394374899,3.43461244512975,0.262922960997274,0,0.0181727930950294,0.0103318771515593,0.00809679477536913,0.0105739180422321,0.762962368562303,0.686776250707149,0.520500565725709,0.0148276474139965,0.0821569989935334,0.362152406218727,1.31818718556283,0.0488894558063554,0.98578569917344,6.6754073832944,1.02425262412354,0.00792916308180791,0.0348594969343513,0.244067124161698,0.0197657535678034,0.0507889203814579,0.220075070071728,0.285287347471206,0.36715162807787,0.00238039435930297,0.00676702013472516,0.0117106245325268,0.000969039890054119,0,0.000888441475235119,0.0240551152897413,0.00398732963414124,0,0.006180900177772,0,0.00336900090238713,0.0142678358405721,0,0.00475145744599529,0.00883645845037421,0.022028219615433,0.0436410458669726,0.0115468305144976,0.019002540074123,0.0190923376381258,0.036711464261146,0.0190668313350093,0.053223667344409,0,0.0150352050114481,0.00443276602136693,0.00332374313268037,0.00940331461023983,0.155767532366864,0.217503413054223,0.0780829553162448,0.0101266011931829,0.0132508482478432,0.0165725380244353,0.0688638928255298,0.00540088286715079,0.0170376762142911,0.0185879813776296,0.0237225779294345,0,0.00694237032632568,0.0158328379955815,0.00130665210060221,0.00140269417711823,0.00990568909760954,0.00240931768776598,0.057654444605081
0.0608605220293352,0.949712956911755,0.719923839455801,0.378633983128648,0.0425719061794027,0.158242482890603,4.92672910255203,0.174124913954791,0.143883262478448,0.502584748955807,0.0472016164252643,0.495991597875472,0.370199029982715,0.0383742767638075,0.279524433143817,0.15871327903051,0,4.20001286244779,1.88944961333864,1.15896274559729,0.913423343770164,0.858682197422568,0.118510562221382,0.0244790271605609,0.0104741943978131,0.276023883754941,0.0437401403549363,0.0810300985240879,0.192782800308845,1.69819053267674,1.76065213502924,0.161931519824473,0.0631656904390373,0.13455250619873,0.161714205193029,0.276587113010035,0.046367158805972,0.204826248428237,0.127393824183327,0.0641436384264755,0.0313119757744985,0.987532953623316,0.797409285482347,0.227934871492719,0.308966460822825,0.476313814991885,0.0623771929253609,0.105426021636138,0.0191476155425993,0.0185922191339872,0.18885872053933,0.0134026381921297,0.00156839408506888,0.00120906050796194,0.537712986594006,0.00589893330586056,0.000379362526717164,0.0283799746149553,0.000803150819841374,0.0188850255152168,0.0353986316768774,0.000459454705740894,0.0442488021691127,0.0362983430482772,0.474155396576264,0.54736950293551,0.0721901749768228,0.0835360145819506,0.0940280248865225,0.298876825303168,0.041010508810114,0.0170273022358083,0.00581669020320802,0.192917000669589,0.0275416276938266,0.0591330127704824,0.122746624320461,0.792320049927592,0.688656200838968,0.0554346316027947,0.0151904919819562,0.0179293432176311,0.0442192226037104,0.0896372188981365,0.00352386655980215,0.0392420706920699,0.0343108486041885,0.0226826728471168,0.00138304438752569,0.0091274182320123,0.0243874478241226,0.00191186546859634,0.0022242036145708,0.0235387704897454,0.00781558423357281,0.0342363561994218
0.0130327663154601,0.0614392119478075,0.181080611615536,0.0413761764416896,0.0080694973223959,0.01521503825554,1.31580803425914,0.0286945480326394,0.00399952795123681,0.0567024775699438,0.000461871371055045,0.089729912398832,0.331092156472921,0.00622712866557879,0.0869457330466865,0.169206027478634,4.20001286244779,0,0.376263146460626,1.2047762393694,1.75594880200014,2.36915250787058,0.20090586030271,0.0470122600088223,0.00926605531013686,0.164541133787301,0.0247827212345349,0.0511978350855947,0.110206003833415,2.25461374142763,2.71803344661054,0.328973654387897,0.0154783512215584,0.0474620018896203,0.129098218798595,0.403187646165231,0.0138156718690874,0.0987821973261846,0.235939181329899,0.0697575597771301,0.00847684272719273,0.0203383608812303,0.248299339689758,0.0253736731745322,0.0267263143045781,0.135528229324584,0.149720019534973,0.215746557602541,0.0068839844377196,0.0153530803109817,0.11693314369875,0.00736018362856807,0.000625267430043375,0.000686334030795238,0.300344371512027,0.00525760387536532,0.00199812733501137,0.0435858886256207,0.00110919748172514,0.019316750039421,0.0555205187903805,0,0.0502922531964026,0.0336810177904875,0.37887748596193,0.521840514466179,0.0896695478746227,0.115400530494552,0.118120810854871,0.37139096079947,0.0635980187219356,0.0379968984814541,0.0059765521445056,0.122293529918144,0.0131628263107087,0.0345552519757286,0.0750501175743414,0.78296959544995,0.83703895372491,0.110942400633282,0.00582510239525039,0.0162133632873062,0.0580770924028321,0.0919833130008854,0.0054641063016443,0.0479173736230836,0.058572790500815,0.0234212009495134,0.000964205095723203,0.00296674611055883,0.0415317738598953,0.00132288469361263,0.00254061441112827,0.0299915554931205,0.00541215949261289,0.0515375968473953
0.0158698425437885,0.439094432419703,0.0627326085325965,0.0963635558504926,0.0187014446105548,0.114730135583123,0.713041070306019,0.098048722584174,0.0765160174810918,1.03047326093273,0.0586643596870072,0.715950966328615,0.899063281151344,0.0179950613503958,0.362532354327528,0.111985065416957,1.88944961333864,0.376263146460626,0,2.91558096614375,1.61013255474014,0.187122111652313,0.038693283534989,0.00625618957458291,0,0.0229037787491235,0.00690257201295119,0.0105006014914837,0.00930944001247007,0.0855868264740752,0.0564434175123819,0.0174469888463332,0.0302049377997316,0.0779326740289353,0.0889111626331581,0.0420960465000038,0.0471881718448018,0.122699322146324,0.0394563926600635,0.0233482987280218,0.0195139765871459,0.55451190628993,2.36204319396016,0.143939853962682,0.280628451641164,1.46984617930867,0.00959463682293421,0.0271521032763316,0.00208989185752055,0.0055398937917357,0.0105280135141656,0.00332808018455311,0,0,0.0146281894340179,0.00320821109418273,0,0.0030530182726691,0,0.000991158310730739,0.00197568941916255,0,0.00439160560170113,0.00253997741768222,0.0125545979773773,0.032928880629389,0.0100533860193147,0.00503122493159137,0.0109704963351265,0.00934706500984876,0.00575457829487857,0.00441082245585237,0.00147981281470902,0.00526759167539808,0.00453427960436446,0.00451374927570131,0.00791994873426291,0.0317466596382588,0.019078034797202,0.0112730557439395,0.00257864000646065,0.00731004969375373,0.00524359666369845,0.00801290457810793,0,0.00814648380325906,0.00401529480673285,0.00368631099611549,0,0,0.00217887622976352,0.00105334713723046,0,0.00155419088642024,0,0.00165847279320756
0.0190459453447546,0.177306569982173,0.0997442610280035,0.0510626683408403,0.0179981410182446,0.0386592472901627,0.44317076706317,0.0655099692062612,0.043887332599676,0.979308688219283,0.0209412458796312,1.01071582073877,1.78013035013821,0.0198684743371909,0.562536760460009,0.59994536156198,1.15896274559729,1.2047762393694,2.91558096614375,0,2.95620023638391,0.733404694745,0.266151775875972,0.0616694674909403,0.00359344914750702,0.0365831341860416,0.0444659014421422,0.0141475007065637,0.0323417188841892,0.806183514993738,0.693572121322005,0.18002916965648,0.036647134645278,0.100227668022943,0.251326340535463,0.502224588252893,0.038955627733474,0.257550174950055,0.459620334048737,0.108817948852852,0.0163798785360082,0.12832373583784,1.96570250095571,0.0526901831604536,0.0882570382532341,1.55609587315811,0.129339292946965,0.113868278106902,0.00377671217950224,0.00869168246301472,0.030900482209088,0.00872670415242263,0,0.00169924253716451,0.0620368061805123,0.00437144592205712,0,0.0160980372595349,0,0.00953304290170576,0.014407048545141,0.0035002760378039,0.0157054578114544,0.00924885573705564,0.0732128688152527,0.107608359341435,0.0417609065256376,0.0338245913926127,0.0472119297043526,0.0746498698332985,0.0131885631293578,0.0128358131677195,0.00178373464444151,0.0216881043677313,0.00917053355016942,0.00892013221356121,0.0177611717546293,0.241282048898978,0.1858579737995,0.0367233684526894,0.0112477371495516,0.0102028555196577,0.0376168942236472,0.0428088743631468,0.00303370741312392,0.0212522751069919,0.0214616037218076,0.012654774511541,0.00263376953143038,0.00233763922649139,0.0142180081145888,0,0.00215104953730807,0.0159521115802705,0.0058557638677777,0.0175319578472287
0.0114396698868545,0.108853480521944,0.0720669287118548,0.0509715133162994,0.00625270166494949,0.0204015842636828,0.360478680867099,0.0415570262833168,0.0237452894855808,0.345477925130998,0.0104392267819336,0.292803213415072,2.03898762603495,0.0259300243510634,0.229789706304733,0.913982381893265,0.913423343770164,1.75594880200014,1.61013255474014,2.95620023638391,0,1.91336664996339,1.03350749169086,0.14046135490797,0.00283252808784251,0.0414365422023197,0.021674455556555,0.00940751050140268,0.027407770714922,0.841349736537145,0.979758474215474,0.411574986509621,0.0240420506616275,0.0668928836246454,0.145126102886526,0.504423142375728,0.0380280264306489,0.165034702387408,0.600484894553816,0.189350167980569,0.0070145520928425,0.0770789534261142,0.991518782203639,0.0298436174550976,0.0290748884555744,0.544474110782755,0.17417904604589,0.331338422601195,0.00526956268514817,0.00384098916090157,0.0362350932819659,0.00418779197872805,0.000663286560981441,0.000673779585679719,0.0790729013779841,0.00516001356213087,0.000604377251538835,0.0199312634546169,0.000552689730861623,0.0113423279889088,0.021877978241267,0,0.0226770151859549,0.0113344740792029,0.0938351849235697,0.131062688613152,0.0322655163546593,0.0442317931241517,0.0550659829671382,0.0954827055856909,0.0228010210431001,0.0215762051901158,0.00248033779908708,0.0398615862505034,0.00937684686480589,0.00483904565763997,0.0133629408667988,0.252569193363203,0.241954533758205,0.0518111411226425,0.00556202748255131,0.011783705291393,0.0268808614615878,0.0656920595463443,0.0015595750687528,0.0229190558382789,0.0268999085526219,0.0247600194006141,0,0.00295549447464535,0.0227395224357843,0.00229882075355413,0.00433015689123972,0.0121308886099896,0.00649788519796524,0.0396063582082408
0.0181502846239376,0.037939791293312,0.0661661557136299,0.0232688545552826,0.00238154899499403,0.0134635771368603,0.352947350825741,0.0279730018721495,0.00435875806389175,0.0541670448671891,0.0028530564439283,0.108180279299206,1.43773080430594,0.00783158706870356,0.129243682654576,0.760771394374899,0.858682197422568,2.36915250787058,0.187122111652313,0.733404694745,1.91336664996339,0,3.14924295225567,0.494405496377136,0.00211357689323928,0.0420298140298058,0.0151401207398578,0.0207226630045063,0.0366620088349461,1.18525854413179,3.49345244176157,2.19435739516793,0.017508977603443,0.0461773224969826,0.111643722804984,0.991555883945172,0.0158319355858741,0.112111374721577,0.866514292147154,0.768858819088123,0.00507846997946851,0.0169296714364086,0.161433146029469,0.0112499708427598,0.00795949524642452,0.0701956883282191,0.333637135963625,2.64429789604595,0.00601523523683418,0.0135028397886225,0.0416109218706397,0.00888848793198322,0.000912834097423258,0.00138321376438244,0.168516902932002,0.00545614266288839,0,0.0223691983646828,0.000700301921225702,0.01083675916774,0.0507281030814066,0.00179524313290173,0.0562689062018634,0.0389881934434019,0.188388132915107,0.303802653360641,0.0362911519310364,0.0690300431523971,0.0926033179403221,0.61639706491495,0.136741192724706,0.141849262111956,0.000943415642745008,0.0413514319661883,0.0132421078943629,0.0155143222275067,0.0263513369885588,0.437964726253416,1.30222762740793,0.412696574151444,0.00754093711589014,0.018248821897086,0.0482209115856262,0.235237616476189,0.00309341995942295,0.0371946140969339,0.0814081017284786,0.0961016530670425,0.00109525522450291,0.00215459953471188,0.0245574562526059,0.0013317126367986,0.00259567238520053,0.0178262494570894,0.0183973952704179,0.367016618438377
0.033056275891677,0.0609094221908111,0.0424167629655236,0.0395499132739969,0.00558752760666814,0.0242823581051189,0.0761888025089797,0.0331721228068725,0.00363201595923922,0.0343159024612154,0.00237407810799894,0.0701316677833305,2.69428343438841,0.00912373189960692,0.119497319504494,3.43461244512975,0.118510562221382,0.20090586030271,0.038693283534989,0.266151775875972,1.03350749169086,3.14924295225567,0,1.399522374683,0.0020348254175303,0.0142280914139453,0.0199569195274552,0.0217545948861917,0.0191544945071215,1.10117173256757,2.0316204817145,2.05725253258257,0.0366886773328253,0.123126093735799,0.159590832526905,2.89866496510475,0.0136570744248486,0.182891489898866,4.25846194440191,7.57656722816069,0.00904158855847721,0.0151281187289508,0.057554246327298,0.00804322019691232,0.00601154426880837,0.0295288181967322,0.692724765266903,6.29752214318668,0.0183506582336679,0.0212294335213796,0.0249439213397607,0.0175094498898921,0.00375831287415964,0.00560045030506073,0.0312120465495253,0.0232345300610892,0.00183526633308264,0.00394941423169977,0.00200042875372501,0.00545043179800649,0.0220479999703569,0.000837225414747206,0.0234314257560635,0.0313153248672694,0.0197518448166949,0.0498545699261756,0.0111362042534963,0.0147367084012359,0.019269054761813,0.178628254680172,0.232968044921785,0.249003075236041,0.00342994155502194,0.00623788188131233,0.00916056843194143,0.0115997226106103,0.0190481952711823,0.443402447659047,0.713329018437751,0.350763743587249,0.0184092123907374,0.0522983798407343,0.0815151694602328,0.529700916364581,0.005794102458801,0.0281286455464234,0.104468127995705,0.217771465739538,0.00345437355831683,0.00800261753103324,0.00684672767503864,0.00127039645121421,0,0.00839658891876713,0.0437250272217222,0.630065924303
