0,0.252083733706736,0.958191378788817,1.52543580443855,0.86531172529451,0.221326064945574,0.120017551189394,0.288234347583616,0.0171943385514956,0.00490585636559417,0.0115855708523349,0.0110793388745995,0.00232894826533272,0.00640022877874223,0.00692513018083672,0.00117908883321794,0.0436627204670295,0.00732222052331,0.00792351888862749,0.00469196611606013,0.00214066379526976,0.00475316770595135,0.00137180574393924,0.00150703253148503,1.26371633751495,0.0223559363303685,0.302909370630445,1.48137544211138,1.07542009929628,0.0161409240152958,0.00641468999950775,0.000785608713689379,1.13266719676446,0.0288052939868451,0.0124352905543236,0.00541692645882552,0.00547668807311659,0.00759289202622937,0.00336795733168929,0.000682924427041331,0.08968871353365,0.0389114339882246,0.00414122944287253,0.0125407776008353,0.00603924452396992,0.00422769022758203,0.000162099582775891,0.00108534208852075,1.05858344220619,0.00680797046410101,0.261864293411276,0.0223695446860808,0.00406713204222667,0.00417177393124366,0.0171769789119209,0.00159383931606054,6.88525870367667e-05,4.26728840707599e-05,0,0,0,0,0.000104599981409044,0.000203839833748643,0.00818224356482478,0.00189401873465456,0.000372740315395484,9.84761311677487e-05,0.000153103217192005,0.00215870807122125,3.39171744868012e-05,0.000723754388882738,0.600104975608982,0.0238429336206605,0.0847871471035262,0.502631550163337,0.302913384435706,0.00962227337916832,0.00422007733069908,0.000765881513992964,0.023830229928727,0.00137210029354041,0.00137854565688003,0.00158433434559163,5.0024266547823e-05,0.00046469312325572,0.000578589888107297,0.00012869203715887,0.00304192049293328,0.00117877177939321,0.000280436972965064,0.000223969505264017,9.7972942366421e-05,0.000202922938558244,0,0.00140856896438503
0.252083733706736,0,0.0743134237633726,0.216364115807134,0.383613381552861,1.22034620614095,0.364386536749468,1.44686383650781,0.60530988352553,0.380151056639203,0.216878648645393,0.429177701015657,0.156762934037607,0.0762333134638058,0.164309235495439,0.0648848829507964,0.194853086549783,0.0910241172824084,0.125055487668369,0.180058174734696,0.07416239731906,0.100263065647395,0.041667536000595,0.0135093677109176,0.0188264421657995,0.0205127840726066,0.273238289043873,0.0848992338585208,0.120783271724663,0.0581509979775687,0.0441114561728552,0.0029723087569117,1.64064453641772,0.301749908528576,0.157171484581065,0.0518396628822116,0.0504715744887135,0.200194182509289,0.0828342456446191,0.0100598432755495,0.951594025235213,1.92057467687039,0.121886494509417,0.780140557692362,0.827169639494996,0.350471721694578,0.003562351650036,0.0105883503389891,0.013307086641155,0.00548499064893824,0.0339764331209163,0.0123111888586562,0.00197872047037052,0.00300767575562153,0.0210407461683064,0.00147913804981058,0.000223893640821107,0.000253146689026523,0,0,0,0.000199975291242183,0.000537562587717377,0,0.0273962817619897,0.0117773980532041,0.00213928256103939,0.00250125034415293,0.000951134686189804,0.00891998008185999,0.000484737423617891,0.00214639493913488,0.009603490088774,0.0203513812224982,0.0265908376638727,0.0266568332501156,0.049349508881088,0.0230507962531994,0.018872087326623,0.00451942387127828,0.00443703301214928,0.00325869054085477,0.00690955235578404,0.00559951477993696,0,0.000948516068338043,0.00181747639593615,0.00143686542335674,0.000231332711518062,0.00274039557635892,0.000507371799609899,0,0,0.00116651333057817,0,0.00612829184580463
0.958191378788817,0.0743134237633726,0,1.48896259606827,0.0348282237273018,0.0576577806653843,0.778722973305122,0.0189652137719664,0.00423059921647094,0.00244020569890613,0.00179126307667888,0.0049054765007187,0.00257261659456392,0.000533770937116509,0.00135716722316451,0.000774559687342575,0.352703211697558,0.0657891056228739,0.0242348388051876,0.0148831728748174,0.00828579589727891,0.0115687296966622,0.00106493989641779,0.0051397786563346,0.113527425495177,0.422117797807668,0.0728435963796764,1.15320210562315,0.800594181948175,0.0892747027104966,0.0285010725241824,0.00256283571266099,0.0330527012483781,0.0248615941439864,0.014052345390265,0.0107455434260492,0.000838269492577318,0.0029973159632706,0.00339596036532999,0.00144067844751188,0.0234531841370042,0.0451885092219594,0.00871231223491288,0.00732962634036579,0.0059016608180056,0.00184506871626205,0.00159001472891404,0.00247878377941329,0.413063693294307,0.00897048308836385,0.857456065896552,0.0486235653012443,0.00922933499592778,0.00775338715958938,0.166501606646997,0.00101654779992811,0.000635957785918378,0.000631318746624305,0.000134272084281017,0.00032830237153522,0.000211727699109807,0.000143320786736501,0.000342122057152779,0.000373873506131907,0.0602986442057994,0.00940918629124694,0.00168449255593468,0.000661136930270867,0.000671654058385355,0.0078387132763333,8.51605343637853e-05,0.00239930175463885,0.0562694486067373,0.322955148352428,0.0369059085396699,0.430928853517069,0.469112953586675,0.0571313572912191,0.0234584346651125,0.00410586524332299,0.0135845450787394,0.00342183312341609,0.00304125286008133,0.00552916226382268,0.000169486831837318,0.000274470911838728,0.000408531169652965,0.00085235769685459,0.00435457804275048,0.00297689609667229,0.000766462103079472,0.000117800136782906,0.000250556469883687,0.000764132885394559,0.000921605464501901,0.00413623221252783
1.52543580443855,0.216364115807134,1.48896259606827,0,0.673095309150173,0.766675067951658,1.36375591490535,0.0668767399234219,0.0191898931077641,0.010092882718623,0.00632589192228107,0.0102452908415777,0.00356103771391729,0.00174486808588564,0.00563282677674425,0.00155381459341727,0.565006344483959,0.0866829222883839,0.117186059004337,0.045412593146906,0.0121953904398275,0.0130029776740849,0.00297972629595353,0.00210616763060808,0.00669915811969888,0.0929457270090693,0.0730399446656763,0.0790894077675151,0.101485431595252,0.0297292370452226,0.0130336011798135,0.000918580352061331,0.0939972935532703,0.0270524721454059,0.0166912188837803,0.00757754385081378,0.00257859295044421,0.00740765192720488,0.00348356419628748,0.000742380723769211,0.119771805668635,0.138295305113301,0.0375295716219585,0.0162810906980644,0.0167259425697911,0.0064154409134248,0.00187338521119482,0.00177279665908797,0.0209970979163206,0.0036969140104886,0.0759959682285383,0.0260351173228454,0.00350980643596358,0.00329659450404278,0.0389257158047481,0.000634985848397584,0,0.000189384634862698,0,0.000177257620420784,0,0,0,0,0.0172753361116673,0.00343273623492966,0.000460103766079087,0.000239327667463773,0.000293429402684092,0.00255542276860098,7.53933326923494e-05,0.000743886967637077,0.00716339665720311,0.0507574722847296,0.0186678720066106,0.0445292706015782,0.0893104018119393,0.0141402024045637,0.00657666900680904,0.00106758506381458,0.00487385115744723,0.00105870220197348,0.00120582551857438,0.000748637493410674,0,0.00034776654715068,0,0.000154608004160343,0.00172314581302391,0.00161119305002127,0.000262088434089995,0.000235403692308782,0,0.000242144460055266,0,0.000830166014659533
0.86531172529451,0.383613381552861,0.0348282237273018,0.673095309150173,0,0.775040764297765,0.122722988170998,0.235887466875874,0.066157772424537,0.018831134009599,0.0323156181609062,0.0234126826710204,0.00528025659202931,0.0167363859253836,0.0140509865509725,0.00460521272836509,0.0394970585410555,0.0046864534819331,0.0216019116703316,0.00991617640146496,0.00361557047651234,0.00342710745873526,0.00130722616742748,0.000230358520365348,0.00888059950360841,0.00513576280805421,0.0594796156802703,0.0475381188514693,0.0760297592301486,0.00445474454461303,0.00179564425540514,0.00168673031786989,0.454206374587018,0.0272747868251763,0.013225886340464,0.00106868605305087,0.00924747965981342,0.0157547106003206,0.00461954837700812,0.000208915047989686,0.300456826764401,0.178449071348999,0.0100689557728918,0.0542705495593545,0.0332659094622219,0.011722283966114,0.0010422153937456,0.000694600974468908,0.0065513691726732,0.00117774348566924,0.0137547108581792,0.00411517630739607,0.00250499332249368,0.00101508619685916,0.00267385549886902,0,0,0,0,0,0,0,0,0.00034222733937439,0.0015548314195708,0,0.000624347312428379,0,0,7.08970846459412e-05,0,0,0.00365056941892919,0.0072401161056832,0.0187225107749799,0.0105274069933343,0.0316858858575884,0.0028181905242116,0.00110967620471227,0.000444044005231334,0.00241480766960501,0.000312252859309414,0.000762309131239177,0.000791184465383642,0,0.000225302889048646,0,0,0.00280707477852992,0,0,0,0,0,0,0.000255020399474393
0.221326064945574,1.22034620614095,0.0576577806653843,0.766675067951658,0.775040764297765,0,0.515386841152333,0.347898101456265,0.179185427492144,0.0419523910745371,0.0514905554391226,0.0655525279091001,0.0144914635152211,0.0186030015641124,0.0253442565926452,0.0102572006766683,0.167856328585646,0.0175138767023047,0.0963744835740771,0.0261674772723541,0.0132349020682527,0.00826745331668448,0.00350461385463593,0.000757507858554506,0.00071540262697385,0.0151932282763537,0.0462220005853771,0.0309129068931907,0.0375292123919228,0.010476863882973,0.00482356366041797,0.000829484986544615,0.233191132358062,0.0430417011684429,0.0254532503810869,0.00407258303834257,0.0102764063000135,0.0237878853454647,0.00760381711681365,0.00276575298034637,1.15960177807494,0.96962677535878,0.0514125534781264,0.162421467137875,0.120650736160706,0.0388621111316681,0,0.000886632670705317,0.00445859210704154,0.000943425717422564,0.0167409910066006,0.00767019555474775,0.00104494077164997,0.00246129225387462,0.00637250748976116,0.000520461329296548,0,0,0,0,0,0,0,0,0.00640589424278988,0.00181020961112635,0,0,0.000394474303486159,0.000536195814475098,0.000213818902808985,0.000334720514136286,0.003021238884662,0.00915340623577308,0.0161914042898209,0.00748762568098179,0.0328241949210389,0.00667298396491112,0.00248149989174669,0.000325546070873893,0.00178802661621338,0.00166908692755455,0.00136830442496064,0.000703942811880754,0.000309106472085874,0,0,0.000148860860296904,0.00042014167409439,0,0,0,0,0.000617757393331914,0.000524424872642017,0.00103643456975696
0.120017551189394,0.364386536749468,0.778722973305122,1.36375591490535,0.122722988170998,0.515386841152333,0,0.0926074079237008,0.0523287962678088,0.0296782401778363,0.0144465212176285,0.0392438105071416,0.0115603659424279,0.00559607279561486,0.012087920387222,0.00570139731383509,3.17900976884722,0.653810591250959,0.560692221606391,0.209965857216305,0.0544325613503512,0.0896849002369487,0.00828258703110545,0.0118174814963968,0.00256139293518359,0.344691994763363,0.031686648041767,0.0777959846675253,0.22004477335113,0.278245153900091,0.1610156414421,0.00775733406218397,0.0490391704560405,0.055085689648089,0.0338928114909393,0.0153028505737879,0.00206249080264429,0.0107770082045617,0.00854593209101024,0.00221935631965166,0.148250698848653,0.596398225811668,0.166596013136102,0.0450367847101252,0.0497842734779694,0.0379624481499833,0.0034751283639179,0.00452146813695446,0.016469043491216,0.00844087722777979,0.156124803972018,0.0318039194853008,0.00405371789435282,0.00545965347797823,0.437286658158243,0.00156751012820991,7.30986918080056e-05,0.000641291796570062,0.000403145124462074,0.000255522740118801,0.000380930969553028,0,0.000387109354239875,0,0.298509546442138,0.0321567249152413,0.00382097264043127,0.00175087311237789,0.00133326519549804,0.0287600588651345,0.000465670783558933,0.00421452875125741,0.0052251407779792,0.229629321661812,0.0103651844769297,0.0626407713249335,0.223286417051499,0.165677883879572,0.112693265634841,0.0140510097320116,0.0024283142244424,0.00677806961288051,0.00669200971261863,0.00835751860473182,5.27552354039063e-05,0.00131639405202635,0.00121876573614673,0.000855395344158557,0.000769521490638764,0.0033513061265379,0.00176683782090218,0.000377579063075655,0.000207566783305611,0.00123955840198759,0.00115591731822477,0.00795683428673986
0.288234347583616,1.44686383650781,0.0189652137719664,0.0668767399234219,0.235887466875874,0.347898101456265,0.0926074079237008,0,0.618420812316437,0.154578837499241,0.504103743958811,0.388338976346603,0.0622100864722294,0.575229757132334,0.413042102973879,0.0558649987878953,0.0496017415542492,0.00985917757690497,0.0302461751366816,0.0541056356746688,0.0216097756876322,0.0206215826764068,0.0280055456503519,0.00606725481960698,0.0262264751850511,0.00241690989960929,0.294109949348383,0.0333047958869945,0.0507232779873272,0.0121700166264685,0.00856956819119671,0.00268230622584451,3.25193480196475,3.19003887036555,0.067649177426475,0.0486905987863402,1.80426355697741,0.720460886509614,0.104333315211658,0.0198766663466831,0.366926101516389,0.42364276117585,0.0276284414700733,0.470033325104461,0.147147726504176,0.104428021544095,0.00306488395834097,0.0131741768874617,0.00515328801643659,0.00122617050959389,0.00593142220941469,0.0033068892585268,0.000579673320134166,0.000426325327023159,0.00350873513452414,0.000159051919291484,0,0.000120767668528129,0.000222942398980189,0.000307028358928411,0.000205611345199287,0,0.000217389086516992,0.000547314334711778,0.00361047077915849,0.00111798822999483,0,0.000537871722733384,0.000124347865323934,0.00260402400680898,0.00121079652505447,0.00178804341488049,0.00637089940230411,0.00278917616720552,0.0238620445904617,0.00621500818043904,0.0123080810498776,0.00592615902812607,0.00548148339742308,0.00280005264933022,0.00278861357519244,0.00121155021047529,0.00852710645772863,0.00902906018504489,0,0.0020361361286163,0.00382948351198328,0.00339034107149705,0.00042491385022244,0.000416298469289866,0,0.000282266250152687,0.000225593733716386,0,0.000654019522742345,0.00546104103212332
0.0171943385514956,0.60530988352553,0.00423059921647094,0.0191898931077641,0.066157772424537,0.179185427492144,0.0523287962678088,0.618420812316437,0,0.315389297495691,0.513079954787092,0.59121795663487,0.103301948355764,0.2442773446696,0.283346963567333,0.0565900486296976,0.065149153659882,0.0161548594463897,0.0667928801946802,0.0863836543917528,0.0322904023917697,0.0165031685184865,0.0168697575922949,0.00559352101379217,0,0.00357648485318515,0.0101899940671158,0.00554804684056211,0.00972354247844292,0.0125013996112302,0.00645407867818014,0.00413339241473282,0.136637577645334,0.145534853303774,0.0847666743816835,0.0236297371521443,0.0595950763133562,0.220594452377914,0.0524483474696496,0.00966677142162354,0.160624194883116,0.473427639221807,0.0717841219334279,0.641946384921014,0.396228384916671,0.247241776205081,0.00764824388827462,0.00454144728150795,0.000264233109179245,0.000573191921305123,0.00242551336460954,0.00101844424732607,0.00127922194344963,0,0.00292412021950423,0,0,0,0,0,0,0,0,0,0.00319016629598498,0.00259062897008803,0,0.000178430887507949,0.000946787882753451,0.000773736664964405,0.000114762245152084,0.000751118249105858,0.00254000520244229,0.00225114863150329,0.00238137374103076,0.0021882015942727,0.00946189099279749,0.00476634263586895,0.00276260790659941,0.00214027468763488,0.000492874601500892,0.000382666864269764,0.000719378644076958,0.00133826933163194,0,0.000587142526839592,0.00205753702643108,0.00187494119471403,0,0.000663796770958042,0.000943656704364824,0,0,0.00122943811257685,0,0.00182373128181596
0.00490585636559417,0.380151056639203,0.00244020569890613,0.010092882718623,0.018831134009599,0.0419523910745371,0.0296782401778363,0.154578837499241,0.315389297495691,0,0.176069703673338,0.853125991075543,0.443011623839166,0.059453923192049,0.275811558538508,0.161708831373066,0.0852135680660352,0.0176401249759564,0.161760226166271,0.336016679110904,0.16490436254891,0.0454585815500022,0.0459750899098598,0.00852187126491769,0,0.00165655632266657,0.00235762879310691,0.000894687612096105,0.00438007802069718,0.020366893721667,0.0101156271558608,0.00394626618750035,0.0290744814755538,0.131087208227144,0.22131282452462,0.0683151033637025,0.0176229601788209,0.218575888515003,0.102045269026145,0.013105259973312,0.0369471309439613,0.293278940402,0.214948048549616,0.343877961639227,0.551786088392967,0.554788100457698,0.00566876242601164,0.00842273196652041,0.000300391007062348,0.000152758795962384,0.00201595853892865,0.000481838660183073,0,0,0.00177114774719071,0.000304564323270914,0,0.000549499799321378,0,0,0,0,0.000584134946833403,0.00106369391602115,0.00392317364160506,0.00188902937919889,0.00050792427964183,0,0,0.00134746131000294,0,0.000538302938529189,0,0.001892815292443,0,0.000138394274398029,0.00575700223345748,0.00395998731129701,0.00444417956998658,0.00411870135349749,0,0.00049658258563383,0.00452282525476612,0.00271166476650737,0,0.000396665077146696,0,0.00116146439828355,0,0.00018856220247581,0,0,0,0,0.000760359280322115,0.00444720198430348
0.0115855708523349,0.216878648645393,0.00179126307667888,0.00632589192228107,0.0323156181609062,0.0514905554391226,0.0144465212176285,0.504103743958811,0.513079954787092,0.176069703673338,0,0.440545168503017,0.0592889765467607,0.388198484022868,0.478522280049106,0.0687025557041785,0.0233929804834239,0.0036169131465858,0.0222209051652192,0.0361609662529105,0.0145305359904019,0.00494076230882543,0.0129180026977477,0.00351085149992987,0.0015745855028972,0.000385815571531022,0.00775833409158557,0.0013362561977485,0.00286522762681207,0.00381069407221926,0.00373785537663192,0.000306588745476281,0.071639316116078,0.115314503031811,0.0720032423383226,0.0178192828099988,0.0603854577149142,0.27729143368161,0.0614774761023583,0.00861051080254437,0.0488794042826138,0.165596080455409,0.0344682287693351,0.369071480218995,0.164270154105303,0.122882728660336,0.000662943953041069,0.00591190238094856,9.90269570308945e-05,0.000196804056694519,0.000455512991976001,0.000301410635491771,0.000383297439098606,0,0.000378730879174615,0,0,0,0,0,0,0,0,0.00201651595191062,0.00116319606551278,0.00033695987018292,0,0,0,0.000652082410210033,0.000126569089303308,0.00131937318935198,0,0,0.00164921013667674,0.000570219882940707,0.00309765296817741,0.00249665535372409,0.00143698507348212,0.00294687483015288,0,0.00065765444403152,0.00338960646269499,0.000951643852582007,0.00146725253316682,0.000883612509107526,0.00144826273286666,0.000262770587992171,0,0.000746189169986033,0.000814060763951692,0,0.000639213192237628,0.000570742601249272,0,0.00173622065491487
0.0110793388745995,0.429177701015657,0.0049054765007187,0.0102452908415777,0.0234126826710204,0.0655525279091001,0.0392438105071416,0.388338976346603,0.59121795663487,0.853125991075543,0.440545168503017,0,0.674817374725246,0.172059182964096,1.01864377688956,0.430691448819328,0.0873148289359129,0.0137136879610729,0.137505309308698,0.353579335353988,0.152421628501754,0.0746049516980097,0.109292548381183,0.0220956290869017,0.000511336493746468,0.000967757028646544,0.0091458336903927,0.0043298208198453,0.00537838594972904,0.0284628305193741,0.0225413844505542,0.00428553244197191,0.0619616558969497,0.333352067456369,0.318413499363408,0.122372425328764,0.0584742336345176,0.670189014473228,0.226864823761013,0.0310117354572554,0.0413872308004344,0.287884712854407,0.137420663220252,0.431919172774765,0.545681169212779,0.624375012698841,0.00955730870955757,0.0167419195037162,0.000441161816751305,0.00157736315836723,0.00266179101022934,0.00118421880613782,0.000154077020095095,0.000230225052969988,0.00210309116629526,9.06489659550057e-05,0,0.000179920784951562,0,0.000361581246044851,0,0,0.000396250301254023,0.000223239300510143,0.00520837219189373,0.00291645550335582,0.00113268738628726,0.000808538840753353,0.000527384389633954,0.0044576846296941,0.00117618537211709,0.00369863867771881,0.000196153192190959,0.00267598434622082,0.00346256944793446,0.000869393840011605,0.00705926206323216,0.00967052168932837,0.00837635732059592,0.00915194228519641,0.000644984514989618,0.000960610652873289,0.0110348507553542,0.00618820093081388,0,0.00110372398045299,0.00163603910510388,0.00250440194240594,0.000750218004350111,0.000866828091353883,0.000342113534982039,0,0,0.000683539115152745,0.000993217441328062,0.00658347347984654
0.00232894826533272,0.156762934037607,0.00257261659456392,0.00356103771391729,0.00528025659202931,0.0144914635152211,0.0115603659424279,0.0622100864722294,0.103301948355764,0.443011623839166,0.0592889765467607,0.674817374725246,0,0.0297649872816105,0.348184591344143,0.704940699206994,0.0311294240876218,0.0118342723702445,0.060077812764523,0.400710736150074,0.32555737283676,0.18209805087504,0.396203900885577,0.0387466233099605,0,0.00182709896621483,0.00374087137064149,0.00211454515711891,0.00461185562539946,0.0338828822950837,0.0310524291324376,0.0149906056553393,0.0191500626497386,0.170548035392782,0.301688184836361,0.124584412239791,0.00603522887585601,0.187904946189886,0.32839503408182,0.0543714344816302,0.00804216507405832,0.072292710549892,0.0741297291334626,0.121126557456345,0.196559784230566,0.266441447218842,0.0226910097408077,0.0303171920775766,0,0.00036843710650046,0.00063410006684066,0.000806737866041053,0,0.000184392143971368,0.00312400642621529,0.0010121626767725,0,0.000790024787852988,0,0.000829678440259954,0.00048273662381596,0,0.000304011808653137,0.000577273166961934,0.00324506252983834,0.00317199637550854,0.00090505921827173,0.00069174538174667,0.000586963499496496,0.00436894935028154,0.000670548209096486,0.00602370189046912,0,0.0016615477042992,0.000599320818917851,0.00119850025590941,0.00558311964811355,0.0104660934648412,0.0118976585173833,0.0131537900588082,0,0.000380966178951191,0.00680141883180234,0.00556113747486414,0,0.000943617330744278,0.00207956438585747,0.000777544644508068,0,0.000308622398249431,0,0.000214434612761161,0.000763406935256825,0.000938450719082443,0.00295784102638554,0.00730905057494258
0.00640022877874223,0.0762333134638058,0.000533770937116509,0.00174486808588564,0.0167363859253836,0.0186030015641124,0.00559607279561486,0.575229757132334,0.2442773446696,0.059453923192049,0.388198484022868,0.172059182964096,0.0297649872816105,0,0.47793761626579,0.0336230133475789,0.0049369943580387,0.000407907783051852,0.00587136992311016,0.0147602577734142,0.00546793673808591,0.00540419537921949,0.0128801796508382,0.00568135657255675,0.000398295294807637,0,0.0148042243099964,0.00119786907995033,0.00104248825432433,0.00647465473417681,0.00233415856304515,0.00454411454911141,0.0821669364725401,0.38490486382124,0.0331910283146923,0.0266433905857843,0.833801908161965,1.04981609084626,0.0856741083638434,0.0127411205623924,0.0314879524942449,0.0450218734583481,0.0108428561997525,0.154258053637455,0.0790737103758166,0.0449062153893648,0,0.0076283716152528,0.000188879787109611,0.000213017393806345,0.00071552548376945,0.000305595037361234,0,0,0.000137252342303952,0.000170422712928303,0,0.000485550123576622,0.00064396498146357,0,0.000236563828579686,0,0,0.000285397226297807,7.83472612864555e-05,0,0.000438288000424027,0.000701094912615658,0,0.00161833148580153,0.000560102385208355,0.00203723602361283,0.000907046936548861,0.00076518800640335,0.000758011426680971,0.000383373355374722,0.00209601976339609,0.00375190623422478,0.00114720298133641,0.00500711513193185,0,0.00118862078110961,0.0108325883018631,0.00613325134399666,0,0.00328768226850996,0.00504715608938345,0.00221136333659287,0.000855878026675624,0,0,0.000553321031338871,0,0,0.00109000412765174,0.00811481316673775
0.00692513018083672,0.164309235495439,0.00135716722316451,0.00563282677674425,0.0140509865509725,0.0253442565926452,0.012087920387222,0.413042102973879,0.283346963567333,0.275811558538508,0.478522280049106,1.01864377688956,0.348184591344143,0.47793761626579,0,0.570675772609208,0.0209708857469914,0.00634767556564171,0.036229499990306,0.149229459926682,0.0583803300281137,0.032137495924361,0.106311383630826,0.0243139412208228,0.000306185804991449,0.00166211213857771,0.0132271450238518,0.0024580276753929,0.00269228988844506,0.0198715558974681,0.0150125285171346,0.00483227189603738,0.0692438733943463,0.367513245006271,0.260952421311956,0.0972087315846514,0.183656306548738,0.804444613956326,0.370509289857854,0.0590153779102418,0.0187009854592464,0.100427757219919,0.031093400578124,0.268647696188684,0.20221185139584,0.189338479762195,0.00764086392767982,0.0303046403658688,0.000202773214954087,0.000367268345513741,0.000747155983636477,0.000776037820221127,0.000304094290834056,0.000179793120075079,0.002248121797163,0.000177276261441796,0.000496532855837062,0,0,0.000145243312052516,0.000602019494937565,0,0.000361444209917017,0.000843983746143234,0.00163651560250062,0.00165065504982004,0.000223194628905986,0.00030658565706974,0.0016201929899399,0.00399594910097337,0.00288916077896385,0.00487040796079347,0,0.00165250487487224,0.00208151468446366,0.00118276347326533,0.00291924770039174,0.00800120198258644,0.0108250344463625,0.00741185997506011,0.000335099242536177,0.00318723526778332,0.0187105246311762,0.0155481194768862,0.000624120735231985,0.00407821741701593,0.00584403651526795,0.00331312898657771,0,0,0,0,0.000289498265547555,0.00131449624906695,0.00200584928789192,0.0119622133973586
0.00117908883321794,0.0648848829507964,0.000774559687342575,0.00155381459341727,0.00460521272836509,0.0102572006766683,0.00570139731383509,0.0558649987878953,0.0565900486296976,0.161708831373066,0.0687025557041785,0.430691448819328,0.704940699206994,0.0336230133475789,0.570675772609208,0,0.0139523986559145,0.00704941104844964,0.0228758694833818,0.138656846266827,0.0825665515205734,0.0726582183143835,0.502215572652296,0.0542107560280097,0,0.00195462306684296,0.00602816295078386,0.00112609199571071,0.00350529880245404,0.0235617583715772,0.0277618564955174,0.00570998906814693,0.0121048236946552,0.108338775344118,0.162638714102014,0.101531750307359,0.0102639914076511,0.149601992588933,0.456258041224602,0.12003994284069,0.00329982719949953,0.0422705954944926,0.0286965221990771,0.0624561701504395,0.10261353353889,0.102834519321134,0.015017342795653,0.0493514942803285,0.00017098602850747,0.000513439132132634,0.000568204117962427,0.000646987917951015,0,0.000341489051933985,0.000703389041423284,0.000117559784760945,0,0.000892487024368151,0,0.000609025019267129,0.000879023479809723,0,0.000649816615010271,0.000919607118953929,0.00335529984120898,0.00340218349866374,0,0,0.00110559836420455,0.0040234966696146,0.00199511198583933,0.00523328686651915,0,0.000550285120751851,0.000511622046762104,0.0011402846515123,0.00240649116593438,0.00860074356687464,0.0104618838869395,0.0177205658870927,0.000505208629868206,0.00162814000485874,0.0150306800653611,0.0102651813597506,0,0.00401169515905409,0.00641584166947642,0.00207907664048021,0.00040739760360748,0,0,0.000380749787729177,0.000406094339584702,0.00111057007740403,0.000920481190872374,0.013491064118265
0.0436627204670295,0.194853086549783,0.352703211697558,0.565006344483959,0.0394970585410555,0.167856328585646,3.17900976884722,0.0496017415542492,0.065149153659882,0.0852135680660352,0.0233929804834239,0.0873148289359129,0.0311294240876218,0.0049369943580387,0.0209708857469914,0.0139523986559145,0,3.53383381879115,1.77158547965693,0.97163887816809,0.257650427024544,0.455990232767579,0.021437164160216,0.0233672764548147,0.00129538725243346,0.215440066711906,0.0455657585457357,0.0567927246297614,0.185383556023075,0.447223769889857,0.749136926752955,0.0170962635446803,0.0191094773514739,0.166602086480394,0.0834019528481649,0.0295073651192129,0.00266119549256447,0.0242019375801326,0.0188644519273483,0.00648898040645759,0.0299422829512446,0.915868751909086,0.438294393770942,0.046941051195824,0.109056398491977,0.105673618898547,0.0109427341629652,0.0141021113912163,0.0108344251504316,0.0160161963016184,0.105055224664685,0.0282381995577104,0.00435531422358623,0.00561832711594407,0.443466942248695,0.00178616750557609,0.000993338401167936,0.000933340497822229,0,0.00136080310964154,0.0011079024391808,0,0.000396122941795623,0.000435917083490266,0.468569750878725,0.0900515926614414,0.0107892142299431,0.00359537651809914,0.00278762147422067,0.0625950553589666,0.000805356791844111,0.00630794800771471,0.0048769471645776,0.190545816412589,0.0136914027388855,0.0501257826841704,0.229063938773813,0.226502056678126,0.278504346909989,0.0236232547341135,0.00456932776679155,0.0173142766170609,0.016355077249844,0.0163799512980079,0,0.00118906673826389,0.00246406223097398,0.00125971013699987,0.00273899275218123,0.00711481290855356,0.00275309995170173,0.000436080543135297,0.000821085084803854,0.000888138395019185,0.00143782563472176,0.0145067659026929
0.00732222052331,0.0910241172824084,0.0657891056228739,0.0866829222883839,0.0046864534819331,0.0175138767023047,0.653810591250959,0.00985917757690497,0.0161548594463897,0.0176401249759564,0.0036169131465858,0.0137136879610729,0.0118342723702445,0.000407907783051852,0.00634767556564171,0.00704941104844964,3.53383381879115,0,0.931301286856742,1.12366595808738,0.73434788931011,2.24733812034808,0.0166311458971598,0.0237802660887331,0.00091642914182944,0.0438401575924127,0.0408509373100414,0.0133073028513244,0.0451587522694051,0.2915038567147,0.789177276608076,0.0189396262978866,0.00583363276847143,0.222269554328261,0.112336415744634,0.0218577408700156,0.00324357650266047,0.0161040910264076,0.0154368230474082,0.00408342094388069,0.00552539264794684,0.0891922967670509,0.221260473675893,0.0174360146146681,0.0264710844042831,0.0633016731852916,0.0158946262440699,0.0140060105650625,0.00283498396660562,0.0117060240108172,0.0230118972762873,0.00985630637466879,0.00197198460972636,0.00407812150893661,0.0787262939717136,0.000442372560232589,0.000756458860919906,0.000999813609217324,0,0.000153766568533863,0.000397699832517193,0,0.000669632321821682,0.000210530995632587,0.128943636137771,0.0618468418562322,0.00867248777492492,0.00178321147819286,0.00346737854982525,0.0527735658564947,0.00121245890349128,0.00537683890871035,0.00254002468786631,0.0447468000210862,0.0112244422330696,0.0130060558975358,0.0674356243344489,0.0939091974967281,0.158040734679928,0.0194016081105749,0.00238728781473178,0.0113933732282873,0.0163878776505302,0.00870257863468119,0.000810583782279863,0.00154043856411193,0.000580550900414293,0.00212224625678911,0.000504212435092818,0.00456782116530538,0.00292670412444451,0.000718833146091669,0.000596330774966097,0.00203316354499639,0.00311222657542165,0.00870735156150797
0.00792351888862749,0.125055487668369,0.0242348388051876,0.117186059004337,0.0216019116703316,0.0963744835740771,0.560692221606391,0.0302461751366816,0.0667928801946802,0.161760226166271,0.0222209051652192,0.137505309308698,0.060077812764523,0.00587136992311016,0.036229499990306,0.0228758694833818,1.77158547965693,0.931301286856742,0,1.73027221930809,0.584648531550019,0.211380234531079,0.0305444097659534,0.0134361889584823,0.000437859053651034,0.0147694999976075,0.0224197180578757,0.0037657759567338,0.0237562374094806,0.0644436171674223,0.0622544337887269,0.00609843485063198,0.0104162236877091,0.117178773832401,0.0802461248739202,0.0105139116844141,0.00531290503045745,0.0337919763072202,0.0163168933474056,0.00990324684387458,0.0280941579027028,0.63788516713741,0.990381766739899,0.0505865380214487,0.194188894149597,0.462331751852948,0.0131842194069145,0.00974985443663347,0.000638992195520702,0.00432397811010676,0.00809257708134587,0.00579360097047683,0.00164819277375772,0.00203409557777904,0.0212076458071616,0.000397375361485739,0,0.00104464221847688,0,0.000372864258805209,0,0,0,0.000505674950387652,0.0337758787053257,0.0209313194886623,0.00208789352489532,0,0.00119112155653606,0.00766433581203138,0,0.000668256924714783,0.00210798926724751,0.0158552291850457,0.00763374635797697,0.0055388817445613,0.029838374102374,0.027435176032474,0.0138809902620713,0.00481394526841232,0.000647251569034064,0.00173194088652548,0.00847981147456428,0.00244638853485171,0.000367899475580509,0,0.000712636739534714,0.000395475473614196,0,0.00123210889514591,0.00029308267230688,0.000727231778093553,0,0,0.000433012033100231,0.0029780192610997
0.00469196611606013,0.180058174734696,0.0148831728748174,0.045412593146906,0.00991617640146496,0.0261674772723541,0.209965857216305,0.0541056356746688,0.0863836543917528,0.336016679110904,0.0361609662529105,0.353579335353988,0.400710736150074,0.0147602577734142,0.149229459926682,0.138656846266827,0.97163887816809,1.12366595808738,1.73027221930809,0,1.53316670560454,0.679607648993037,0.104935931232002,0.0178839337960253,0.00030569845542229,0.00647652045200695,0.0113068734508459,0.00476309312324956,0.0115807177849656,0.0729139773157981,0.0819735122021336,0.00844299617933245,0.0111070852466008,0.191614872408982,0.185076974423261,0.0544395442362137,0.00571498359037365,0.107589863666281,0.0947170384076448,0.0157486650313252,0.0135357537216859,0.215175503720136,1.09512931998023,0.0896472710781919,0.21034012932389,0.532923435940265,0.0264333174547525,0.0192614887191668,0.000447496843061183,0.00177318960247184,0.00576831717045739,0.00295085362569797,0.000462846743552216,0.000837615914987769,0.0144548290663455,0.000833299691879431,0,0,0,0.000655825222819371,0,0,0.000187680014079813,0.00125586066490392,0.0212959015492543,0.0162827091852371,0.00260680331295544,0.00151948940007839,0.00139997373284567,0.0104535446395489,0.000230892937904771,0.00161570759068955,0,0.00421998218528687,0.00353900732494351,0.00238497950200175,0.0201974141024177,0.0192257826855227,0.0152376705539053,0.0047010432217401,0.00093738292102389,0.00340929222543126,0.00534432593973339,0.00388784827321998,0.000209555259174002,0.000784580094291013,0.00152468905874677,0.00110722797378357,0.000159319132100072,0.000430097570016751,0.00050170164977624,0,0.000763985493846493,0,0,0.00416582520805658
0.00214066379526976,0.07416239731906,0.00828579589727891,0.0121953904398275,0.00361557047651234,0.0132349020682527,0.0544325613503512,0.0216097756876322,0.0322904023917697,0.16490436254891,0.0145305359904019,0.152421628501754,0.32555737283676,0.00546793673808591,0.0583803300281137,0.0825665515205734,0.257650427024544,0.73434788931011,0.584648531550019,1.53316670560454,0,1.80970131264438,0.203475301154852,0.063113829510189,0,0.00539191249930559,0.008416542730376,0.0014964667301977,0.00704893516275718,0.0473394275898401,0.114368467973554,0.0221874084095286,0.00558252540606181,0.176844357934279,0.123192528802258,0.0414404771417554,0.00383597564046071,0.0629212232619799,0.0655006102087085,0.0219515631998542,0.00753303450129778,0.0859209443062279,0.548828175680651,0.034644536626305,0.0724797550312492,0.216418180797931,0.0875980823116527,0.0349441051446014,0.000519785326940059,0.00282358822579437,0.00224208769359646,0.000757973681019519,0.000180810508392555,0.000281227683540822,0.00589714693258437,0.000123448687945377,0,0,0.000241903820765759,0.000481450721578295,0,0,0,0,0.0122789498653967,0.00961781672637485,0.00113109129393687,0,0.000849028653753839,0.00702546555375201,0.000286337158070934,0.00300941673895852,0.000629725950037352,0.00305368355763147,0.00550871458304147,0.00162123017731119,0.00883135866979051,0.0119095983033954,0.0127770360064291,0.00924817104900373,0,0.00304921156046833,0.00631005834203153,0.00394731563136452,0,0.000641223562029168,0.000994535873617733,0.00114208522335621,0,0.000598157836949144,0.000895510345619941,0,0.000277603567697283,0.000139000208333451,0.00114099675640411,0.00664941260825899
0.00475316770595135,0.100263065647395,0.0115687296966622,0.0130029776740849,0.00342710745873526,0.00826745331668448,0.0896849002369487,0.0206215826764068,0.0165031685184865,0.0454585815500022,0.00494076230882543,0.0746049516980097,0.18209805087504,0.00540419537921949,0.032137495924361,0.0726582183143835,0.455990232767579,2.24733812034808,0.211380234531079,0.679607648993037,1.80970131264438,0,0.632490009900679,0.216316058422851,0.000331480615141824,0.00723265009208074,0.02571942361992,0.00428494160255603,0.0215069775801243,0.217589835456338,1.39261354035709,0.144217858317408,0.00875242231535121,0.476296544526436,0.256674206780526,0.112330814950804,0.00795186130662205,0.0780234922500005,0.0975017268268212,0.131224553836083,0.0035272338364233,0.0459554705196475,0.182156395095147,0.024987544467673,0.0294901494737931,0.0930147257990015,0.173856016134397,0.320280395776449,0.00214088764555627,0.00521429181750936,0.00844775471537509,0.00421931084485545,0.000805931055963703,0.000925440995284487,0.0333022681379338,0.00144610342750591,0.000102515238725312,0.00213403319383955,0,0.00126487063896303,0.00165220210126928,0.000133830607914158,0.00045545415457311,0.00058444251086745,0.0663246748078334,0.0440110307033182,0.00671252322254846,0.00440735540842194,0.00236789587044897,0.125272925328212,0.00117318592858011,0.00962356386742597,0.00105953807144581,0.00755716045633509,0.00804623435342578,0.00499433981101506,0.0292096708135654,0.0877233830466917,0.284935967370935,0.0751356253858122,0.00152967007047549,0.00913409415645028,0.0233713873063682,0.0203511645613,0.000277281574976104,0.00257961766608449,0.00388620714348397,0.00334828801797079,0.000352638812748719,0.00124240098496196,0.00178628532790061,0.000508947600409487,0,0.000844920065885572,0.00447512637811046,0.0495043517931996
0.00137180574393924,0.041667536000595,0.00106493989641779,0.00297972629595353,0.00130722616742748,0.00350461385463593,0.00828258703110545,0.0280055456503519,0.0168697575922949,0.0459750899098598,0.0129180026977477,0.109292548381183,0.396203900885577,0.0128801796508382,0.106311383630826,0.502215572652296,0.021437164160216,0.0166311458971598,0.0305444097659534,0.104935931232002,0.203475301154852,0.632490009900679,0,0.231492768232196,0.000131924160120732,0.00074075495244576,0.00459876386625255,0.00110630412907374,0.00347471218539192,0.0290607737058218,0.053903826132399,0.0308323295962354,0.00832489715421568,0.11212758784726,0.116886360486754,0.149919100402095,0.0037920005757559,0.086030037863338,0.349660979269853,0.554896075065037,0.00192322381771536,0.0233182363965556,0.0336642413997785,0.0179645447141849,0.0301174337671373,0.0431515874351484,0.0567754909054732,0.503850309109364,0.000534304766998304,0.00129458207884954,0.0015851131259826,0.000609677341111786,0.000639074249341265,0.00057896923009941,0.00327946173564359,0.000862916942424071,0,0.00101810033391079,0,0.000753344255113352,0.000873716476743657,0.000351118041304603,0.000653538734394721,0.00299698405340482,0.00515994940948415,0.00277589844126991,0.00118639371560604,0.000738141146317504,0.000725441663626532,0.00923648181033299,0.00308052038084204,0.00950383707446835,0,0.00229475277273525,0.00148427174780376,0.000678695156037322,0.00479919682883806,0.0165162012322969,0.0164795479161675,0.0172648909759382,0,0.00228454935686923,0.0181185635653675,0.0376137383174201,0.000204658644631985,0.00511904519151887,0.0125613712432402,0.00978890532543308,0,0.000834161279013477,0.000946559156804267,0.000679498885451255,0,0.00035040072015885,0.00395776506768447,0.0656524187954515
