0,0.672246304575122,5.46210403763612,6.85229514901986,1.92798174749394,0.454763042627429,0.238295334568126,0.526725142841374,0.0230904322356113,0.0191206887236653,0.0909462154339939,0.0398043137913413,0.00901682505082345,0.0589876966578136,0.0473969634965142,0.00366614414710133,0.0420882575944049,0.0134214950903839,0.014834663246366,0.011172727266951,0.00701584315559583,0.0117453748793604,0.00384980627899084,0.00421605097092049,0.477573301960156,0.135125260537993,0.943896559016906,4.75678810486182,2.12144645691699,0.0728460632381452,0.0186927893402941,0.00224328846911293,1.89794118388901,0.238432319834296,0.0783908825342622,0.024052092050909,0.0659578334097193,0.0392720708411776,0.00943754492300939,0.00587595561605814,0.295024856010031,0.0780854415158365,0.0158320343773997,0.0499226805658954,0.0121505692640262,0.011272289750523,0.00108066009453139,0.00541939511600908,2.99100869082244,0.0730113713688922,1.60647802522204,0.0553017202789678,0.0380127960527838,0.0172158239814331,0.0481284761043494,0.0597309456956154,0.00275306853341549,0.00244177981527204,0.00535112745059497,0.00309546613598634,0.00144834581368969,0.00613721127280908,0.00425750482563693,0.00224731919927631,0.0137341704621709,0.00762669695238451,0.00210196327570318,0.00171547810264894,0.00166163569941674,0.00338464464773005,0.0021551630211136,0.00197808873469991,1.12419516206073,0.0602136091488911,0.513439425666323,2.0561729513888,1.17518593931802,0.0541660723878479,0.0167067919292071,0.00111259233686527,0.235506916270676,0.039466835433439,0.0281027422825793,0.0103934361583836,0.0141444340158683,0.00928792793454737,0.00183518974094236,0.000778986488848814,0.0253668010417612,0.00948187614865879,0.000972594239336974,0.00461143724002294,0.000743233128225964,0.0016884033836503,0.000208483596522112,0.00321559826054174
0.672246304575122,0,0.806833813810163,0.640081958143169,0.714392859139655,0.397612214480087,0.84219431435429,4.77545435036326,0.936468518474836,1.31870595511632,3.29852348246965,2.10799615452652,0.139932012390903,1.20117696231344,1.18416497472674,0.0710609820804055,0.767220539817897,0.117839263793342,0.538270104437227,0.292406075760617,0.0609751138073283,0.0690883684593726,0.0415001269021659,0.0340454379003399,0.0629174796385777,0.163089853488438,1.19745406975269,0.387182315247987,0.294456847190459,0.103941679564155,0.0557759681437385,0.0205346367593337,3.17298933564808,1.99031160859326,0.69361487478027,0.114032174275309,0.661861341427761,0.748203419975918,0.0763420561162391,0.0291216972611074,2.40025952205646,3.97881201586018,1.38000337121108,2.15255097040054,1.22018743858177,1.17078916737371,0.0149570350074868,0.0345572964758952,0.168213390759184,0.0718309074977855,0.172143143025359,0.0392059958317243,0.0245955349761294,0.0123072533274365,0.0741197121772808,0.0564036411673649,0.000805780856925585,0.00594048120915946,0.0197632917442309,0.0139326403385294,0.00805555699809363,0.0114517788245855,0.0131993253021182,0.00612869256906962,0.0398421403612247,0.0295217056150017,0.0158331352332233,0.0101327072384264,0.0130048896734673,0.0180622707923922,0.0191878826863207,0.0069081056087108,0.218601148248979,0.0469547934795593,0.269286331057916,0.233299880593046,0.218857532720329,0.0658635806442831,0.0328320988643081,0.0059706350574092,0.0842805914324618,0.083102471671746,0.101055338280029,0.0332768823339713,0.0268119502711561,0.0345352871357797,0.0133515721407987,0.00833054602253944,0.0183536553040859,0.01410745809632,0.00533229752068048,0.0152512350787444,0.00442649670098712,0.00657863438347936,0.00575569072928836,0.0161326080684222
5.46210403763612,0.806833813810163,0,6.07291138711829,0.381365911942356,0.358662161889379,3.52002838723958,0.346327460518084,0.0432045184452687,0.0610634467816996,0.221782082933772,0.120847379946478,0.026634936214614,0.0900409139688043,0.0925188377281803,0.0192869935571327,0.600668662956283,0.153445925203995,0.0559319398253488,0.0653205034757625,0.0293511447461096,0.0728035003905695,0.0163839886610769,0.0369612242975143,0.0843445293247623,9.38108749019232,0.445922749568592,13.8240100040849,7.00996029403039,1.36307133163256,0.230633239708419,0.0233745154951535,0.396533123055135,0.438237441946828,0.392627676470399,0.120292693577004,0.0593007425095026,0.0880556261526263,0.0436487081537666,0.0161461005242676,0.228605581879617,0.270880393915142,0.0486917541179565,0.118072131981363,0.0418072675776753,0.0421481514257471,0.0102797174935909,0.0255371043047375,2.3527089446657,0.188129691335146,8.87182934281886,0.131845355572547,0.0541349147201949,0.0478504546264573,0.57663772240343,0.102715977828952,0.00716867302982427,0.0118591355488112,0.0275199138407829,0.031422477126878,0.0140306998065939,0.0221399372048628,0.0162196770228792,0.00756899290716787,0.193710212143142,0.0360503132747054,0.0141678884463172,0.0254865636411678,0.0163886130967473,0.0472550362147515,0.0110638127224482,0.0359340157789724,0.567860612172706,2.51440197906638,0.466713142551689,4.71150454033904,5.40011140566584,0.790676304437595,0.202741757760501,0.0261151385724801,0.146053424013871,0.13022625621964,0.117578532794826,0.0771842649281211,0.0221116896297608,0.0349974603329134,0.0124076511929428,0.0108655554820383,0.0572638296048022,0.0655392798648782,0.0118367004772371,0.0254260905118596,0.00436680371018533,0.0200504781021435,0.00116512953249874,0.0156843064338335
6.85229514901986,0.640081958143169,6.07291138711829,0,2.69642730586277,4.34419948125997,3.39919557186849,0.380949455474732,0.088920559014576,0.0534590549679094,0.273998123902769,0.130405037553179,0.0378459431225862,0.0664465876899077,0.0952995480325927,0.0248912006101144,0.350088067135749,0.0593458265819546,0.0926937203644752,0.0968297476345641,0.0487035337719501,0.0337847121675258,0.0177215567569845,0.00404179132383406,0.00622742414674811,0.218933367464064,0.21893371246652,0.317055859770466,0.241627701864646,0.0467710349249978,0.0117446118609227,0.00206989585671232,0.314163841621537,0.31856332440387,0.170612872407103,0.0340404766823657,0.0570138490701259,0.110009876894762,0.0240604784479056,0.0144591891143192,0.442284738722625,0.274309906401358,0.0723198710135595,0.107401299351585,0.0356771208956819,0.0780991376941461,0.000578987607046777,0.00688281863815898,0.105829057224543,0.0381952793029749,0.263863379481756,0.0443325745058562,0.0183067919283294,0.0142259887846909,0.0405152543282131,0.0296371870400404,0.00147818667566726,0.00740889263178885,0.00645371661508864,0.00530859336154042,0.004423521672574,0.00220440405164352,0.0103475066532521,0.001187411125286,0.0166892138073222,0.0109295380001183,0.00516913992330537,0.00615094666188962,0.00478186628041712,0.00380945991945004,0.00487184344681068,0.00217713557556648,0.0361598362895697,0.0736622487194392,0.0749557421014049,0.180054475656969,0.179264575910559,0.0409215878445748,0.0187469043510846,0.00124090896407113,0.0339230053272957,0.0328108527976769,0.0425913687891412,0.0202283963910858,0.00461966436319295,0.0104273063204451,0.00192481458628972,0.00128734190623924,0.0219376964488711,0.0194635591911155,0.0047954283338383,0.00521102035888742,0.00289285213630683,0,0,0.000918908979814781
1.92798174749394,0.714392859139655,0.381365911942356,2.69642730586277,0,3.90793146045964,0.48654104470626,0.894819511958197,0.150342026781415,0.0246555950503957,0.500423989082137,0.0905823722567462,0.019240071746654,0.135026753685352,0.118285838605423,0.0137399781994216,0.0476005044264979,0.0133542792170103,0.0255216536284567,0.014909220711725,0.0112306237812315,0.00571010124951731,0.00313373533226528,0,0.037908214544328,0.00954915985995017,0.277014049561959,0.185542879266945,0.122573637829144,0.0138037610275825,0.00477423589007298,0.0021743023615679,0.887400435690701,0.12532167366106,0.038564696211841,0.00709832483251963,0.0543881316600318,0.0419317286264275,0.0094030172298022,0.00280901648470451,1.05099527203365,0.198570705875729,0.0579257235313357,0.188482361949344,0.0584143765413035,0.0759145000366987,0.00166287803026383,0.00502891995111905,0.0860084385039893,0.0178300546810809,0.0614631221535,0.0159050998275572,0.0185670910238169,0.0114643092268475,0.00571515609918551,0.0131803515001474,0.00334066044682646,0,0,0,0,0.0169518225862731,0.00292837293614792,0,0.00394755058483328,0.00102182165970525,0.00200916403018274,0.00172730205358163,0,0.000238343177119734,0,0,0.152098338817022,0.0183471341853927,0.114086928544607,0.164628889880444,0.104697895341693,0.00851384781196597,0.000944395100544046,0,0.033069745526409,0.0150546485207879,0.00426218749434902,0.00309341024422416,0.00163723162328884,0.00470294708030275,0.00142308940759006,0.00401248905758325,0.0149204716701048,0.00841847251305733,0,0,0,0.00127593490667975,0,0.000742832969942153
0.454763042627429,0.397612214480087,0.358662161889379,4.34419948125997,3.90793146045964,0,1.39245508928112,0.624907546477596,0.179190228506046,0.0776036213434233,0.482863484471303,0.10867572239925,0.034977060927304,0.124152696742194,0.110847592700661,0.0062225057923198,0.103199131180974,0.0239671132433223,0.0608911736676606,0.0447079315559384,0.0122901370016259,0.00640069177932867,0.00719484772257002,0.00517305877899728,0.0124203196431703,0.0542761738018573,0.153776589423146,0.100530926719058,0.0477371736175763,0.00702119420461222,0.00366443924490978,0.000942417706449164,0.241114956237918,0.154299928061287,0.0442087200191056,0.00583998604244381,0.0311739508416112,0.0392035893792262,0.0114214347855154,0.00369669581768817,0.593050141521472,0.24999181825676,0.0362376879775842,0.192746700266503,0.0650083990784392,0.0721789922258936,0,0.00102198091657318,0.0142591582148539,0.00279706753161857,0.0560026666538146,0.00504354571052393,0.00403176282401974,0.00304168752250522,0.00622192316498186,0.00903124944838296,0,0,0.00402501781708323,0.00177618010853316,0,0.00215649984436261,0.000787472084106566,0,0.00494633341736927,0.00306192150604596,0.00102269446656218,0.00074523351775227,0,0.00220888232918411,0.00139747646642308,0,0.0179043395563742,0.0226765123902506,0.02843609990768,0.0463803726124708,0.0442304254661155,0.00945923569391205,0.00214022516812992,0,0.0131423749278093,0.00683575188338836,0.0115631273662278,0.00236914141089942,0.00618454664887985,0.000819814270217822,0,0,0.00287695848034719,0.00512850644658833,0,0.00156891753559377,0,0.00167782876082234,0,0
0.238295334568126,0.84219431435429,3.52002838723958,3.39919557186849,0.48654104470626,1.39245508928112,0,0.47341157284838,0.19089947163733,0.217741479371427,0.491791444780964,0.447159967718685,0.141789952003705,0.134859863746793,0.248387888081493,0.075528962732568,4.73846114520875,0.797449697714737,1.09787559419489,0.541820541772777,0.205701543699499,0.333379345693543,0.064005656897096,0.102949768977749,0.00527985400823688,3.49696808397654,0.0915302287426403,0.629505138198054,1.34721029622509,2.60804629550362,0.902090558551467,0.0637207189247448,0.166025703251127,0.295332984006451,0.302898027425468,0.275526137283558,0.0494863679263657,0.155582433982301,0.0490242866881552,0.0488192627113971,0.200998067325751,0.615499558590029,0.252633128642156,0.247469412629382,0.127087911199255,0.182602519161668,0.0343719916638952,0.0554375599824262,0.0607964134987062,0.0392250783105048,0.472854346399563,0.0285808343542918,0.00756428858210326,0.00831404091150959,1.17990709658157,0.0230865157455552,0.00472802119219118,0.00854856549866996,0.00691564670271715,0.0219757652476503,0.0189751297964222,0.00308931286412048,0.0183698348706597,0.016777138923971,0.632731270676641,0.11603090815859,0.0213566560551529,0.0157220242331602,0.0274473187366128,0.17241435829199,0.0255818501053748,0.0685953836388906,0.0512311789563165,0.649664377103246,0.0667218177238973,0.221763957604682,1.05396440498636,1.69248563599666,0.742625170514523,0.0630285892022993,0.0342972587129591,0.0480290479646744,0.125120418113277,0.187096242337437,0.00786009514460537,0.0286532365855357,0.0232398932520478,0.0134912379866893,0.00931127369476484,0.0139807580681293,0.0104569671640913,0.00457261137090113,0.00552639833466594,0.0108230276562615,0.00949527774558879,0.0437212259361561
0.526725142841374,4.77545435036326,0.346327460518084,0.380949455474732,0.894819511958197,0.624907546477596,0.47341157284838,0,0.584710140472035,0.25194175620668,2.74917276159503,0.843085452247846,0.0761658991887732,1.21095286359519,0.7602712129373,0.0357956681988484,0.189584537573474,0.0339204324922307,0.118496209142231,0.10417370979173,0.0332966741347385,0.0301202416682554,0.0347241324574485,0.0132677031160917,0.118394265415101,0.0254006584483966,1.08997438177124,0.207462669552209,0.124835347000846,0.0266374112034628,0.0188622431750594,0.00285901920588542,3.59085880683477,1.21687809543774,0.143976061735511,0.0390272498827545,0.756251492879763,0.391742779066121,0.0375553486975865,0.0214342299453652,1.88514640315143,1.42840073119435,0.251012233192383,0.977416581690713,0.213734424310768,0.182672204362407,0.00209979576437692,0.0320616401676241,0.14947292918966,0.0287406277968417,0.0861730469699621,0.0141181187157278,0.0112072816648675,0.00753191842328679,0.0155628607169974,0.0620873966400042,0.000843274532887184,0.00048553460485725,0.00201766426393409,0.00417849291919685,0.00352727393884994,0.0037754632629594,0.00856425892305203,0.00437886145659489,0.018165550298342,0.00971865191638836,0.00352401932331617,0.000874457572495185,0.00390493558125578,0.00965407987995882,0.00493490200206909,0.00813462066583491,0.229669303878304,0.0229811385802471,0.307033297554335,0.121601010767261,0.0920849573098756,0.0223727368913794,0.0140316009519583,0.00265284905894256,0.0886721492490843,0.05743997061487,0.0453155388346548,0.0187300163082944,0.0413118214498408,0.0229366747385649,0.00240867031347796,0.0043416772048978,0.00895508313413557,0.00386394648773371,0.000957080323409503,0.00488399349893969,0,0.00677823651283168,0.00129575954738631,0.0101217409604052
0.0230904322356113,0.936468518474836,0.0432045184452687,0.088920559014576,0.150342026781415,0.179190228506046,0.19089947163733,0.584710140472035,0,0.736896076164485,3.16765725003223,1.04401866051682,0.0513641402832973,0.670198448259419,0.703107706413752,0.0273009824000526,0.270119572654905,0.0211140027676417,0.218486787419526,0.0779658179698433,0.0254055076929548,0.0158207524949973,0.0142919632217645,0.0063185171519381,0.00235395512620307,0.0178923674613705,0.0758937675107144,0.0251183726380867,0.00634561993986416,0.00416993924220468,0.00325664745064875,0.00215779056965049,0.141347595683405,0.111141705203616,0.0379405281182299,0.00787793651114681,0.052177466363676,0.107121966689241,0.0109499009732486,0.00851175601127065,0.498377479465425,1.52333390743921,0.462387590853209,1.08558279417735,0.628735003753359,0.593893934624844,0,0.00727190063678698,0.00298029096764838,0.0118533912730554,0.00659290102303358,0,0.0015603590391835,0,0.0029564886678064,0.00258552008248238,0,0,0,0,0,0,0.00167121246731106,0,0.00282620403026457,0,0,0,0,0.000806647341263397,0,0,0.00374580953001025,0.00252912265122363,0.0157099110572464,0.00926065930539891,0.00339833986059279,0.017965630160791,0.00272540443745792,0,0.00839745942321675,0.0037772623260014,0.00213452649259954,0,0,0,0,0.00104901838858128,0.00270328547297689,0,0,0,0,0,0,0.00515305305197444
0.0191206887236653,1.31870595511632,0.0610634467816996,0.0534590549679094,0.0246555950503957,0.0776036213434233,0.217741479371427,0.25194175620668,0.736896076164485,0,1.67475193890898,2.14798977802391,0.36335894038805,0.386344993574821,1.15045460898555,0.21141649958978,0.631370969002229,0.0752948594021632,1.23861027498953,0.583480028174308,0.155276532692554,0.0544480045997555,0.0510881041118446,0.0159729207889265,0.00876076442996739,0.0167302879541157,0.0398324914190023,0.0115131919017732,0.0126607426123393,0.0232664628718352,0.0227042719718791,0.0205599886196074,0.100853169381984,0.13069098575913,0.0948440484509286,0.0206309300208285,0.0682867795953204,0.263818507533518,0.03095498341302,0.0193115151544107,0.123186405480356,1.72715150527415,2.21674756963128,1.08137952303631,1.120315086138,1.93133590049761,0.0054691952092218,0.0347223909700762,0.0037959966905797,0.00404646899596783,0.0126707574895435,0.00165317781340153,0.00112138753787533,0.0013581979287399,0.0075927358098519,0.000706510895218705,0.00103710562091516,0.00107717512884409,0,0,0.006737399507038,0,0.00205688623467424,0.00527603471960774,0.0118284835102717,0.00780800370919293,0,0.00484711227926225,0.00868155537560447,0.00661605296748003,0.00555220595384852,0.00087295029516371,0.00807760779799882,0.00664886817191665,0.00614482413191575,0.00735634358245268,0.00470206263668747,0.0366227257229471,0.0167354235252078,0.00998104561534686,0.00545563547623665,0.00323700494674638,0.012438175873236,0.012272075962925,0.00162489331494553,0.00466755373270108,0.000852663124034758,0.00167565509789581,0,0.00124940483973932,0,0,0,0.00128386385138013,0,0.00314111962620717
0.0909462154339939,3.29852348246965,0.221782082933772,0.273998123902769,0.500423989082137,0.482863484471303,0.491791444780964,2.74917276159503,3.16765725003223,1.67475193890898,0,3.24589100035359,0.149296344924603,5.02432392221687,3.28497493607373,0.104602925560303,0.444642947699818,0.0432489816244841,0.397223606330551,0.168509021802366,0.0533121749564253,0.0372756835349497,0.0299325677848056,0.0195840024494492,0.00977258584667984,0.0509463625930269,0.210927020661677,0.0760533409600396,0.0274205548708157,0.0263418146154547,0.00838668102477342,0.0142057376653899,0.697562828140005,0.344303825492759,0.0849297885880134,0.0302117845056177,0.240070554269422,0.620947585408389,0.0341804820621974,0.0319527729962657,1.60563997944215,3.85177715271844,0.97020739395889,3.23260399023255,1.46231223992403,1.16085473350942,0.0107564366880972,0.0292679372898955,0.0133411342304402,0.0136919373525817,0.0243769712961254,0.0100359668669324,0,0,0.00464323627251027,0.00237188901633252,0,0.00132781111093858,0,0,0.00352895757394529,0.00244847709749496,0.00224838462031279,0.00723581190869327,0.00589498397319825,0.00611153104790301,0,0.00440029660901953,0.00113821971994966,0.00526018653206898,0.000956941795068212,0.00246995989094667,0.0355367551446683,0.015264720995561,0.0589212319955212,0.0368139966953304,0.0397298768891411,0.0191948677037749,0.0135973395299542,0.00145306446714784,0.0156112527136,0.0152680808294814,0.0259664214308154,0.00458592415881753,0,0,0.00114272375939617,0.000818005454856247,0,0.00304142782820593,0,0.00304561055235381,0,0,0.00386644828280527,0.00329089984684085
0.0398043137913413,2.10799615452652,0.120847379946478,0.130405037553179,0.0905823722567462,0.10867572239925,0.447159967718685,0.843085452247846,1.04401866051682,2.14798977802391,3.24589100035359,0,1.06514354610543,1.03058524173748,4.88385993489534,1.09332602722422,1.06135164714142,0.178652561983505,1.18410293787177,0.818950377339907,0.260894552602673,0.201899332580579,0.165034026831377,0.0389769519644741,0.00164206264528251,0.0362818327469629,0.071749956391492,0.0313733905740472,0.0368931497942133,0.0659198477877553,0.067062914286512,0.0405528625287247,0.191110697738296,0.275405605299857,0.178766491588504,0.0919502008274569,0.122525897606649,0.543541933514259,0.164642859751399,0.0730439222245404,0.294054856792757,2.34807636611098,1.99077679282532,1.62214318089533,1.59357250800034,2.19698300318437,0.0113543974922258,0.0856242165523104,0.00830698676806778,0.00739500357644302,0.0123732805007778,0.00150127873363016,0,0,0.0150611263169535,0.00641219810721388,0,0.000897066027519405,0.00387947465717758,0.00327480982539373,0.0106862189102747,0.00206013286591603,0.00710334538939181,0.00848198061274155,0.0168027596760214,0.0203648376608899,0.00629545567790046,0.00370552143546733,0.000632354760012579,0.0222884781592068,0.00602615112659147,0.01625046101557,0.0100873085390083,0.0123394334608225,0.0345948897464629,0.0141713994112232,0.0285030306879878,0.0479985025455624,0.0373650827223732,0.0131674525658735,0.0101962070005963,0.0113042986481286,0.0143372105451529,0.0261290444151015,0.00474865811100529,0.0120122667650078,0.00795048875228173,0.00632962271450382,0,0.000603947475193906,0.00323925169092742,0.00327315967733954,0,0.00635991361588879,0.00766452624644052,0.0216224515756845
0.00901682505082345,0.139932012390903,0.026634936214614,0.0378459431225862,0.019240071746654,0.034977060927304,0.141789952003705,0.0761658991887732,0.0513641402832973,0.36335894038805,0.149296344924603,1.06514354610543,0,0.0763105443908467,1.07947167680216,2.22269666728246,0.236765871476608,0.298698222841232,0.487748360587052,1.83308912758881,2.63056205261685,0.822471795578769,1.63108426797529,0.1045824635314,0,0.0163620382630922,0.0238595345928569,0.00824202706474142,0.01025487050216,0.116698034745471,0.141357166879003,0.0821154492481269,0.0240604181857577,0.114063311295411,0.288331042514409,0.329328856675932,0.0301270093483954,0.27341186154887,0.523149327852491,0.43885270520519,0.0402799613345095,0.180109082997214,0.395260224571513,0.104368812604237,0.0959100995986778,0.39058782169138,0.0812010653411782,0.269129938573171,0.00285242857984732,0.00598718727780428,0.00804238975941552,0.00182441247782405,0.000677776023442489,0.000744924655875848,0.0134617172993959,0.00467798136625369,0,0.00389048052645988,0.000723431419412529,0.0102491193855115,0.0212380695074584,0,0.0118117066036925,0.0256828974727584,0.0192317076437209,0.0194774886596431,0.00367945326265964,0.0117236439091492,0.0203780782496284,0.0670709070739886,0.0357796528956715,0.0458663458800402,0.00296287731370298,0.0104350373564542,0.00561098510724091,0.00249105509581064,0.00899291467724947,0.0760715454404161,0.0746185228348503,0.0529511185391112,0.00778468734651257,0.0121849746482621,0.0416763860574368,0.117999182758179,0.00201783394337493,0.0317980721368417,0.0265546294566023,0.0291680379955856,0,0.00238793657138813,0,0.00218315890646915,0,0.00208630822472847,0.0141879542383616,0.0667678792162429
0.0589876966578136,1.20117696231344,0.0900409139688043,0.0664465876899077,0.135026753685352,0.124152696742194,0.134859863746793,1.21095286359519,0.670198448259419,0.386344993574821,5.02432392221687,1.03058524173748,0.0763105443908467,0,1.39321283950841,0.0407273036997139,0.103909165340971,0.0316838225107747,0.0865982581440415,0.0817695490431058,0.0158669342040117,0.0191486134226086,0.0278646086712477,0.0157025234672785,0.00854673555282298,0.0148724412819519,0.247693911000915,0.0508118391767899,0.0353073208066126,0.0180688103215345,0.0122885311842103,0.0213490853193194,0.435729402678554,0.395314307081017,0.104514581197175,0.0266985088988494,0.342958145834593,0.382271662232452,0.047824423114821,0.0379387664500762,0.492626798594694,0.837866132838365,0.301076697225084,0.812795400651486,0.451763830207532,0.216854242069641,0.0156571558309445,0.0295436147410989,0.0140696198167473,0.00262102252411589,0.0223601786213256,0.00272208057690228,0,0,0.0102384952594824,0.00899518690060641,0,0.00361903003031409,0,0.00822571455031934,0,0.00450200217542901,0.00323769541702366,0.00306566473197822,0.0016021471320437,0.00117737734050216,0.00707031879824603,0.00117918947518689,0.000718566765586952,0.00582471577021748,0.00335407554486388,0.00391553698680606,0.0817973873769857,0.0158817085407196,0.0552580201849132,0.0266891568343848,0.0290214420008145,0.00911104762262865,0.0105117978119429,0.0109485824497923,0.0163020758722844,0.0127334297920315,0.0129016799933383,0.00706497550080083,0.0192385595188656,0.0121072856274813,0.0036203899540261,0,0.0018447247055452,0,0.0012284640870254,0.00203641369258034,0,0,0.00741253070272596,0.00472990461018568
0.0473969634965142,1.18416497472674,0.0925188377281803,0.0952995480325927,0.118285838605423,0.110847592700661,0.248387888081493,0.7602712129373,0.703107706413752,1.15045460898555,3.28497493607373,4.88385993489534,1.07947167680216,1.39321283950841,0,1.4794625604604,0.465146100444965,0.241220765094625,0.515882947256429,0.523820998341182,0.245684144451188,0.280487918398741,0.33849433049354,0.157244654462125,0.00858036280668684,0.03955059950709,0.175080871781531,0.0271366164717038,0.046120157922814,0.22929623427943,0.160060302840466,0.0901493049995769,0.252830968066218,0.532691248605857,1.06117900013927,0.697746149812768,0.18591469318633,3.0752865389738,1.42550047262756,0.469182577243806,0.268238072262658,1.14822497411383,0.894584118810454,0.832162379550762,0.702115707986569,1.02739890286484,0.0623013689091682,0.232605853786071,0.00732627450970942,0.0183960190930582,0.0230857505832389,0.00693104086044387,0.00212906310820497,0,0.0216675634822175,0.0139766539009631,0,0.00525870007374668,0.0115297543154412,0.0114269788562715,0.0325582772284704,0.00220201399079829,0.0200799942408079,0.0205116762128871,0.0283637978286498,0.0327307171847206,0.0111875325471006,0.00875297744291657,0.0240232344609688,0.0722200499646146,0.0332337534259291,0.0776771772790202,0.0168134128392345,0.0123466771583929,0.06865297299671,0.0231118470746195,0.0281056626504723,0.112375100808764,0.0965580172610094,0.0630068625812145,0.0163702637741075,0.0219231380469447,0.0883254614939098,0.176716473272123,0.00587736165558829,0.0454026273985735,0.0296041908604635,0.0225825309168278,0,0.0104096173347218,0.0051380908153256,0.00141606946943829,0,0.00224918104640146,0.00946775235943775,0.0726397361720314
0.00366614414710133,0.0710609820804055,0.0192869935571327,0.0248912006101144,0.0137399781994216,0.0062225057923198,0.075528962732568,0.0357956681988484,0.0273009824000526,0.21141649958978,0.104602925560303,1.09332602722422,2.22269666728246,0.0407273036997139,1.4794625604604,0,0.104000158291434,0.14419180431678,0.204111041594918,0.543038692776269,0.588188057004316,0.335647833648683,1.4424828977042,0.16667821930235,0,0.0133237153732116,0.0341310091617982,0.0129340844360934,0.0150534134280717,0.15224227129832,0.137399633781711,0.142818162016167,0.0291473395995003,0.0884153141989567,0.447090839303317,0.691247814314309,0.0205244346196062,0.735993416406495,1.93199927229355,0.934722785671685,0.0229452693013439,0.0863067610282579,0.225631524808169,0.0473946864334264,0.03942787563261,0.201968843989595,0.0468018524578735,0.314046075864665,0.00160376354932548,0.00218921932605295,0.0085581925395407,0.00329348420882865,0,0.00165765833974318,0.00605787187165658,0.00659615138246196,0,0.00202641686591727,0,0.00562985700829541,0.0264330453057975,0,0.00937244209571786,0.0230269116102631,0.0130480633407805,0.0310213053149178,0.00223337888377523,0.0114701880939146,0.0114799068737534,0.0412217535313412,0.0333642548512819,0.0485171830046796,0.00579143297502507,0.00708091829675073,0.00724079375945097,0.00756786982615188,0.0141301503937354,0.0610653006849287,0.0840962392278162,0.0326269551632821,0.00360186873312387,0.0173842897723826,0.056001708285166,0.220829623053463,0.00639123618782689,0.0282982025522403,0.0229040906994974,0.0464820912876705,0,0.00445795440827845,0,0,0,0.00115298678346466,0.0243755982395377,0.0719923160750367
0.0420882575944049,0.767220539817897,0.600668662956283,0.350088067135749,0.0476005044264979,0.103199131180974,4.73846114520875,0.189584537573474,0.270119572654905,0.631370969002229,0.444642947699818,1.06135164714142,0.236765871476608,0.103909165340971,0.465146100444965,0.104000158291434,0,2.01200821013604,2.71705239403187,1.39467912520653,0.510910385655101,0.600827432166541,0.105811661691062,0.105855429249363,0.00748810817207899,0.79590353502728,0.0431998365660219,0.160232240505683,0.409965151634168,1.60274031786683,0.974646662582489,0.135338220669897,0.0842600946021674,0.158620060908264,0.262507812962742,0.296907247152431,0.0449145727095251,0.192013391277847,0.0826797545441987,0.0664972092687248,0.0877750672136235,0.900499165966361,0.910084418617153,0.292447558218874,0.382642558871285,0.739779589285719,0.0517452899697785,0.0906303365365801,0.021292483272352,0.0292212755453172,0.131667062411294,0.0114712379856416,0.000846368817834075,0.00490511062736579,0.44444277669205,0.0134187735553624,0.00184777633107647,0.0117269515033366,0.00526264502105273,0.0232132477681826,0.022209818738208,0.00742084485627485,0.0236951855682185,0.0113880262544395,0.450735716792051,0.137721572819616,0.0281136275803325,0.0263108105947674,0.0380086202687159,0.217702051054934,0.0269005439147851,0.078539429603629,0.0146516851228983,0.21231514000807,0.0322509103549198,0.0660259992491967,0.360128698181217,0.946445701434112,0.759055727829957,0.0793655691587753,0.011972099885465,0.0303771754019314,0.108593667314081,0.201850690293986,0.0054868726761839,0.0356492654915169,0.0202173564291232,0.0112898632031369,0.00415828638004309,0.0106434545729214,0.0103905929853613,0.00351942532122107,0.00619261200937411,0.0194004362586132,0.0171181677666442,0.0759019424807225
0.0134214950903839,0.117839263793342,0.153445925203995,0.0593458265819546,0.0133542792170103,0.0239671132433223,0.797449697714737,0.0339204324922307,0.0211140027676417,0.0752948594021632,0.0432489816244841,0.178652561983505,0.298698222841232,0.0316838225107747,0.241220765094625,0.14419180431678,2.01200821013604,0,0.626859347076018,1.76380578682281,2.01734205028664,3.6414925321989,0.252769175740074,0.451445199036894,0.00164125036705193,0.283264759043189,0.0287809688753865,0.0528094211237946,0.184433298941432,1.27219998796889,1.6937695097505,0.644169878948772,0.0302181101756075,0.107577084909103,0.387261926402357,0.748502411516839,0.0258536293397528,0.208436546400175,0.221742234341626,0.233253475027763,0.0157416133662764,0.0712895490287337,0.279519848215349,0.0485512186421893,0.0536561506564802,0.174485406965521,0.259017066368246,0.29728026755605,0.00595097376239991,0.0129446693972692,0.0317745517475774,0.00367319401469519,0.0014835458585561,0.00625810439593907,0.130574252087653,0.0103037446146781,0,0.0135628136817494,0.00445061079776221,0.0265981425644288,0.0566579192036785,0.00414417309042984,0.0355478722751991,0.0348836439538908,0.17221531011232,0.157661249534374,0.0118379355153791,0.0282493889321774,0.0893923787281026,0.281622463695085,0.0737980701078078,0.177588479231048,0.0139636206700061,0.063028723952358,0.0187233424317069,0.0325166373904104,0.137640936443358,0.651980466299995,0.662082838121773,0.172150573525111,0.00815146902537368,0.0227596461904195,0.13057891472835,0.371544929814609,0.00839454613665245,0.0732797417077972,0.0290413072323351,0.0370326653751085,0.00297170737652782,0.00931114239443559,0.00641095392880849,0.00356202247434961,0.00706092744934591,0.0132238429969714,0.0428600267245782,0.148334925807289
0.014834663246366,0.538270104437227,0.0559319398253488,0.0926937203644752,0.0255216536284567,0.0608911736676606,1.09787559419489,0.118496209142231,0.218486787419526,1.23861027498953,0.397223606330551,1.18410293787177,0.487748360587052,0.0865982581440415,0.515882947256429,0.204111041594918,2.71705239403187,0.626859347076018,0,2.0832190391048,0.533293219044599,0.119923228116652,0.0800797044510301,0.0120366073650634,0.00358965509822412,0.0149389545401125,0.0189117984110811,0.0140070127529483,0.0149671585382747,0.0330428149356298,0.025411383469112,0.00924757294356832,0.0426029323573609,0.12411147886241,0.0996473535277057,0.0242734963843154,0.0374593017581163,0.123983751642462,0.0298183939859472,0.0271544066054091,0.0764197184960382,0.798111803960458,2.38340232364631,0.299737125082023,0.483458251963015,1.60647640292849,0.0026659854015843,0.0301043917541451,0.00141173296010514,0.00802965231879267,0.0136684165529759,0.00150215749134435,0,0.00135520448806187,0.0134566620111311,0.00305592507943161,0.0016383731309545,0.00117539811768231,0,0.0013944425730175,0.00727114280523163,0.000941928374186496,0.00778874996127564,0.00172100478200175,0.00877346228517167,0.0128602971027035,0,0.0087420757792816,0.00553785331999556,0.0119519742108609,0.00698408739875329,0.00888742576473939,0.00117619784594689,0.00411892756510177,0.00921591845786002,0.0104186184793535,0.0159662685190618,0.0314944708244109,0.0158476541289755,0.00538237905553672,0.00584444622109798,0.00731106761785631,0.0159457281921968,0.0143150188214962,0.00513642641078624,0.00296456694034294,0,0.0030748361691509,0,0.00080867028557717,0.00411304091809557,0,0.00263037693020146,0.00252833055511947,0,0.00780240640559398
0.011172727266951,0.292406075760617,0.0653205034757625,0.0968297476345641,0.014909220711725,0.0447079315559384,0.541820541772777,0.10417370979173,0.0779658179698433,0.583480028174308,0.168509021802366,0.818950377339907,1.83308912758881,0.0817695490431058,0.523820998341182,0.543038692776269,1.39467912520653,1.76380578682281,2.0832190391048,0,3.99511197642843,0.925838640360792,0.370188347637169,0.146737019594375,0.000816019847953153,0.0348892476155129,0.0231318420581615,0.0154630080586048,0.0226308337628772,0.182523495547985,0.271401490133723,0.129389896284144,0.040486252620696,0.10676858925863,0.219085722179302,0.230536664350303,0.0276690091687474,0.174309696422679,0.16480124185931,0.149674886079286,0.0360262446456108,0.344295901408417,1.06486735789296,0.152225518321177,0.227307345662733,0.791060645264346,0.0987662855791855,0.137359705692116,0.00314047443421204,0.011007381953409,0.0143299702105827,0.002614380653516,0.000644364685165946,0.000702253486423665,0.0246829834634514,0.00652204130270408,0.00267866992481945,0.00326506905787142,0,0.00308550866935249,0.01696271460969,0.00303983563582354,0.0110037992296553,0.0229958920552396,0.0310081140997444,0.03068406155192,0.00595655980712758,0.0100065263594997,0.0241795810628946,0.0511888981285515,0.0296983477692928,0.0293380958963915,0.00855887172748652,0.00762032172135685,0.0106795067688827,0.0059909227187884,0.0207150905934096,0.102575134863433,0.0813061767990966,0.0501047271912438,0.00627502632992366,0.0063275007799249,0.0513568269516709,0.0996795656285307,0.00318795290301455,0.0330279332153801,0.0104322731005354,0.0105438248889903,0.00271819893728854,0.00215281844397164,0.00234828917083218,0.00392153437909881,0,0.00355364090812801,0.00409561389982482,0.0562258044327046
0.00701584315559583,0.0609751138073283,0.0293511447461096,0.0487035337719501,0.0112306237812315,0.0122901370016259,0.205701543699499,0.0332966741347385,0.0254055076929548,0.155276532692554,0.0533121749564253,0.260894552602673,2.63056205261685,0.0158669342040117,0.245684144451188,0.588188057004316,0.510910385655101,2.01734205028664,0.533293219044599,3.99511197642843,0,2.62547012396254,0.750755586882091,0.219523451245796,0,0.0200196172422762,0.00635350865739022,0.0189919602542781,0.018587444122934,0.379379750179024,0.601996324421499,0.274974044372217,0.0170108011768273,0.0555873156089914,0.282387427042829,0.516660218529882,0.0175067670975056,0.113034438656487,0.233444821718507,0.181714753702358,0.0194612586658897,0.0798381672201597,0.279363024881232,0.0231579131692653,0.0668415951147809,0.291374533742932,0.277073650339269,0.254049302501498,0.00151996153855484,0.00525207426840155,0.00931606968455034,0.00202693240155642,0.000685039701386517,0,0.0129670650905873,0.00257741896172607,0,0.00194805834825246,0,0.00335858340899378,0.0213123155963009,0.0014085199638015,0.0120589818630854,0.0237978052442541,0.0203392059730031,0.0342007836938554,0.00185817574935596,0.00700062497327168,0.0261670388875749,0.0696793237637361,0.0242323321447817,0.0436614993408014,0,0.00349275255524764,0.00656316372789292,0.00653273807875083,0.0214274826369903,0.124113227138083,0.116322201879682,0.0590459112019045,0.00308493000435123,0.00744856894086737,0.0371580524647669,0.133548362860619,0.000836300415179375,0.0241356483362376,0.0112140863816222,0.029163048402128,0.000704071997270087,0,0.000727300803128703,0,0,0.000637699929240614,0.0292375998759124,0.0738940433920435
0.0117453748793604,0.0690883684593726,0.0728035003905695,0.0337847121675258,0.00571010124951731,0.00640069177932867,0.333379345693543,0.0301202416682554,0.0158207524949973,0.0544480045997555,0.0372756835349497,0.201899332580579,0.822471795578769,0.0191486134226086,0.280487918398741,0.335647833648683,0.600827432166541,3.6414925321989,0.119923228116652,0.925838640360792,2.62547012396254,0,1.98316035659646,0.899461505268648,0.000880498574962408,0.108576370318623,0.0157954668644291,0.0368113676263239,0.100592588219416,1.27621298183416,1.97116802658114,1.26955910454446,0.0270979053056777,0.0868646895167288,0.440322132159706,1.83335496905427,0.0158140144332621,0.235810014054147,0.443754018967193,0.580072236239645,0.00805717835589333,0.0494314620783549,0.134506126096157,0.0220410401947487,0.0270272665797951,0.101888941383544,0.342850628065884,1.93668026502542,0.00422476766910914,0.0091016141533793,0.030399790835522,0.00147114722565632,0.000789080798857353,0.000286380209970443,0.0772990935826554,0.00588424107559389,0.000299708791379763,0.00778962418460407,0.00225266005981534,0.0182417879386249,0.0645851101860037,0.00148123507541809,0.0411592684996049,0.0448053710332689,0.0976486626653993,0.112747301031025,0.0103863966681466,0.0213919889302958,0.0651246888270583,0.53769568563878,0.131377760491553,0.278591084775339,0.00250843233071683,0.0268613032563226,0.00759997699143798,0.0158278197141012,0.0888941346963995,0.618403581209449,0.825518059892932,0.299951243146559,0.00885916723549943,0.0186587982926057,0.143350907552311,0.740980191918338,0.00388640006717295,0.0588345517462298,0.0625383690835599,0.0870305332603244,0.000781498307715428,0.00167923729933489,0.00510302437438098,0.00244338217169002,0.00108590221880598,0.00587794801685299,0.0310717706282393,0.440384720036751
0.00384980627899084,0.0415001269021659,0.0163839886610769,0.0177215567569845,0.00313373533226528,0.00719484772257002,0.064005656897096,0.0347241324574485,0.0142919632217645,0.0510881041118446,0.0299325677848056,0.165034026831377,1.63108426797529,0.0278646086712477,0.33849433049354,1.4424828977042,0.105811661691062,0.252769175740074,0.0800797044510301,0.370188347637169,0.750755586882091,1.98316035659646,0,0.502318688442263,0.000463165017918904,0.0171953257281137,0.0107803811865785,0.00415951498106713,0.0129014654985838,0.357693483740059,0.348815030046892,0.294942226462119,0.0231430869526946,0.0720567736149942,0.323409261654769,1.53707083810275,0.0101269112075755,0.248958888421974,1.27441377956877,2.4385074618659,0.00468101613474867,0.0271580106638083,0.0744443631021297,0.0151915458705109,0.0185392520939882,0.0728291353989134,0.0957326275609848,1.45541971593352,0.00171894318134759,0.00541719036007308,0.00546774057967107,0.00114109358138359,0,0,0.0148369641339825,0.00317598003167944,0.000631766540284809,0.000777518381641501,0,0.00366358075441639,0.0228472959984624,0.00183835130850318,0.0141721738799587,0.0294590007277355,0.0122685871104032,0.0201094494613253,0.00169302485987266,0.00662582999520865,0.0255043073865941,0.106889263089689,0.0711953635582689,0.0867478812963498,0.00234815997516147,0.00293520504468073,0.0083558165566529,0.00279413211415539,0.0112930033303528,0.123530306896469,0.145350595886865,0.0630816016375493,0.00314743024029765,0.0153400734603047,0.0843799682146634,0.519958688800554,0.00177152058467811,0.0363203608200178,0.0406996208744817,0.0920861836771456,0,0.00339301152761096,0.00181996937388343,0.000614528834978062,0.000780162476414464,0.00161616053202132,0.0204000963896192,0.215105856438111
