0,0.877018742530797,2.57621307112471,3.8923708151906,1.45148460235257,0.701521686641096,1.50199904156696,1.544068416647,0.0729595966238284,0.0449113383635035,0.0588755334570139,0.0961629593929984,0.0296085499947689,0.114444123372095,0.100435153653498,0.0345582699240975,0.203965094856796,0.0315385832471369,0.0496090741906238,0.0502093187392208,0.0359001594069816,0.0451620506750988,0.0399813315782471,0.00615085030902374,0.654040635891842,0.115504652576165,0.318574590876883,2.78325069498187,1.20217186220268,0.171064854510142,0.0334199834796379,0.00208066236580703,2.53484335395077,0.144983212700752,0.0212578682118572,0.0197023816395939,0.0542954818957136,0.059969884258951,0.0328981466210013,0.00673531834927323,0.419387346959613,0.240053795401112,0.0536339291990306,0.0820478115175093,0.0168952525623113,0.0345432824665247,0.0036882315655863,0.00592058099561242,1.13335608909762,0.00435801027200783,0.554879228832186,0.0644026735804576,0.0114253780335849,0.00550135465189939,0.0624892894797798,0.0135351837876621,0.000781867955442174,0.00171522840880485,0.00144265713585592,0.000524562916180266,0.000573286671341405,0.000819986363478839,0.00227163195959266,0.0013100472745981,0.019064176062917,0.00325968022241544,0.00612100407084674,0.00520518678614338,0.0013183645296331,0.00324419850145439,0.000196341705834299,0.000327936447499367,0.325053684304419,0.0190025488963864,0.218403908109077,0.845666354661134,0.450879346795952,0.0244557432887277,0.0214835008095915,0,0.0374937098447654,0.0113318283197086,0.00633319008633229,0.00387857008445146,0.000185686207941984,0.00134428976402706,0.00472652916965461,0.000596633558117744,0.00392237482381082,0.00255673003058037,0.0028726068450483,0.00204412387425724,0.000191375986729038,0.000932313366525366,0.000297272062223762,0.000121056131556106
0.877018742530797,0,0.442447305405568,0.957890715314313,0.671316396992498,0.635514441983523,1.17979577463111,5.51201183396007,0.218804495164847,0.396870234636277,0.133371013657328,0.41892123661829,0.272425546981059,0.310791822507159,0.211852974985747,0.212282375261783,0.418964559150715,0.0879548942542525,0.327701639179283,0.358927880680309,0.207053685693289,0.121912193129873,0.210762975635886,0.0724458451037233,0.0118206214853674,0.232669875484604,0.236116033239268,0.14980115100046,0.566701183443743,0.966715532694893,0.148723617120892,0.00375992829807213,4.04332084755881,0.671906789841453,0.338379428874603,0.14900658958245,0.232708977275633,0.203098001455345,0.334720946389432,0.0654078459300945,0.773959323636687,1.26189851303828,0.533187324649966,0.703567922406776,0.647968938142458,0.750026287213152,0.0422685702056696,0.0316493342890218,0.0163621538234431,0.00500609259166707,0.059803653908056,0.030605430240121,0.0141216658056102,0.0137595369248443,0.0556680891454577,0.0140667757783539,0,0.0029048192392471,0.000636444356354501,0.00625503505453923,0.00710613936421779,0.00731711316597733,0.00418905563192885,0.0022675907441787,0.0244888227749695,0.00857727002479291,0.00813503822892946,0.00848363663085411,0.00617935851697202,0.00502085694627125,0.00262082042898617,0.00210718920380806,0.00804924398264061,0.0377421335695908,0.0730913399457506,0.0456961960672713,0.0809943805474185,0.0583455627767744,0.0364431591259646,0.0009629026032138,0.0249271436369564,0.0132294920226905,0.0107271969887673,0.00768058952910881,0.000889480956429461,0.0114159761616403,0.0155724078612412,0.00188690735867702,0.00536755962078746,0.00302947897139498,0.00178396746971504,0.00245657554058076,0.00330822650033658,0.000847738197989528,0.00303421225784076,0
2.57621307112471,0.442447305405568,0,4.99138180778217,0.358787220076204,0.369623977453488,4.59220880528219,0.480454953102516,0.0296716149011625,0.0241678110266445,0.0361601600664303,0.058156856165998,0.0312134161869601,0.054056929056146,0.0468501872031787,0.0283408005864821,0.435088110504917,0.11463076584664,0.0627288270065848,0.0733594842665747,0.0412904691905949,0.082346860758742,0.0642685709586389,0.0417956094537774,0.0269946602224964,2.13475758242635,0.168318578331321,1.77856058917879,1.64861069353444,0.783422179424719,0.224246631915631,0.0092795106702823,0.63399974351301,0.1630185565097,0.042195666837871,0.044524939426321,0.0431013178387519,0.0327514633057101,0.0425517519377235,0.0199486555875933,0.154243432154376,0.209543107157597,0.0856705393297972,0.0471142939478784,0.0239932220104197,0.0359367507035878,0.0209446993259035,0.0121722621070798,0.239106943459873,0.0184582208235803,2.1029439133211,0.17403324062362,0.00216094650663672,0.00531731064577944,0.842859743981241,0.00383924037484197,0,0.00274390891877975,0.000455180354348814,0.00226864028837261,0,0,0.000844465212281487,0,0.13632047175616,0.0273410940259819,0.0108986951820501,0.00325840613350255,0.00259316185762202,0.00437195182771,0,0.00199869057621659,0.0128633847093456,0.570194176685893,0.0582471990023214,0.511017166694043,0.425735683062858,0.275838739129853,0.1151603102328,0.000983039375963571,0.0137218293345816,0.0203140146718977,0.0121355727925875,0.00644834833470767,0.00366748809892374,0.00122451593432387,0.00326811829674975,0.00252229106209952,0.00499018071117877,0.00894754800965895,0.00228646770152267,0.00223200554815739,0.00206091778191347,0.00358785696196193,0,0.00040168052283307
3.8923708151906,0.957890715314313,4.99138180778217,0,1.36265037722052,1.42325617446539,4.47973786210756,0.936487597355389,0.119202614323093,0.093244565223101,0.0951456711622978,0.162273767476516,0.0889787570575891,0.168498309089711,0.192324845224046,0.0713580980064366,0.611164814908157,0.139062211919659,0.154846225469958,0.164712518859927,0.140039013788558,0.140575486603219,0.135941351076953,0.0356774449637862,0.00258027210127298,0.809126367413353,0.0576623630545582,0.495871402213472,0.62540890608169,0.500867342881271,0.111321133658752,0.0163236722674607,1.09974664387889,0.138786983190264,0.0370210265048592,0.0426441154285482,0.0566352199961433,0.12481718888832,0.0857844411994042,0.0255105300065809,0.453831297171694,0.545532971985431,0.168173319020634,0.13519291853666,0.0600470804242955,0.094873759913927,0.0190621978704662,0.0181916550078837,0.0110146936514165,0.00338632104921991,0.125408663157341,0.0196487480662297,0.00152149796083552,0.00451918358933099,0.133839594279665,0.0120551419852199,0,0.00234491554375094,0.00124350948120849,0.000810786080033876,0.00371785411022293,0.00194223517360059,0.00230543041690404,0.00347000340194484,0.0232789175670712,0.00568836718588368,0.001876171859995,0.00232336332031536,0.00140905915785589,0.00298956103393411,0.000565108571687255,0.0015145320196191,0,0.054488814756431,0.0201239792846519,0.0380590521990207,0.0723980885275004,0.0577254193271492,0.0275971563242935,0,0.00862661113926809,0.00420144758233566,0.000970207018915432,0.00704920374815473,0.000361565012867909,0,0.00381533527403576,0.003056972670951,0.00177726364937792,0.0030361913116437,0.000304421500316801,0.00119738370484124,0,0.000409993275141123,0,0.000327745863785096
1.45148460235257,0.671316396992498,0.358787220076204,1.36265037722052,0,1.43099435340503,1.03732363176336,0.861221318179804,0.221077984339795,0.075008652604939,0.149962490458262,0.145236560064885,0.0511271845927024,0.23089682537312,0.184041012159495,0.0783317804436914,0.21221061697764,0.0369160811062863,0.105408540404347,0.103472259980047,0.0597200110770109,0.0383747414766757,0.0485889059604681,0.0127145785918052,0,0.113765802386454,0.0422879338247767,0.0879812409557192,0.109308718875537,0.14328598315867,0.0301370020414015,0.00657579219825266,1.18700423348989,0.0886849594692835,0.0375470525472751,0.0116316155934664,0.0643280411514597,0.117657207190035,0.0797365276164293,0.0146995035311528,0.467097304350692,0.502920603275566,0.102962326446498,0.234236062433054,0.0765502026364484,0.0999328263744535,0.00725605671485152,0.00612130925899845,0.00373085617977085,0,0.0120766324916269,0.00505859923112189,0,0.00365011328995784,0.0197249605009091,0.000804791337382135,0,0,0.00180390060200981,0.000959307891297341,0.0014408237251604,0.00184463294340588,0.00282171954272703,0.00485206531401755,0.00410685805708149,0,0,0.000709442736655318,0.00118715016332233,0,0.000971291835834248,0.000827350474152173,0.00513223427464599,0.00933232713114246,0.00936314798446962,0.0109509790083797,0.0167218410872846,0.00972156164751138,0.00732424897781294,0,0.00176907305970267,0.000912336705042802,0.00291784741392482,0.00613663298840274,0,0.00348421326598521,0.00404537700113086,0.00351954961844447,0.00249443338106325,0,0.00342239764603876,0,0,0,0,0.00032605513219372
0.701521686641096,0.635514441983523,0.369623977453488,1.42325617446539,1.43099435340503,0,1.61170276664067,0.822407319453552,0.256399103968876,0.178899097382978,0.227001472013508,0.204398176153678,0.0927911204635166,0.286704446410853,0.267500133765487,0.138586249460513,0.397230722872671,0.0840020119010703,0.197605308216965,0.158498789042287,0.124886139332602,0.0765790876616767,0.127162318152847,0.0225294121720088,0.00765811777020919,0.147572771223397,0.0360202616494292,0.0486543501930566,0.129895229063433,0.262814465060158,0.0393884395970344,0.00809550063303854,0.624641249214884,0.101326814462577,0.0686541179883256,0.0182791049649659,0.0660059591650293,0.183520681048806,0.0921676135366402,0.0177959203514409,0.343003598656483,0.648031108907617,0.183060903245775,0.248507433613437,0.125055711426366,0.123551131992955,0.0207865848333161,0.0143052916275035,0.00409140292128533,0.000671742816403649,0.0147259773615057,0.00613617808745457,0.000986499981587459,0.00301206876345747,0.0134128156525056,0.00654647606888753,0,0.00738198331156187,0.00129091269845727,0.00165798982422377,0.00150518017191326,0.00137244265810063,0.00188063044624361,0.00387321620441354,0.00522035813855512,0.00101352604988122,0.00617932861477161,0.00397434972330796,0.000880286953155882,0.00194695131376144,0,0.00406271249964114,0.00243649241919269,0.0104917079040069,0.0338551745057411,0.0120673849168795,0.0130727242945941,0.0168256502918196,0.0103489944997177,0,0.0157952029105637,0.00880056335900202,0.00414747781306088,0.0021949879728892,0,0.00736375198340054,0.00209124994384835,0.00296186998729716,0.00120890904222523,0.00153925374906529,0,0,0,0.00143081586876384,0,0.000562693686529336
1.50199904156696,1.17979577463111,4.59220880528219,4.47973786210756,1.03732363176336,1.61170276664067,0,1.14980333082342,0.500580959414594,0.587236187909826,0.17388268438373,0.452198895076768,0.388527044986684,0.195211565230567,0.403854381803914,0.297917671339758,6.56595081834369,2.25051469952315,1.2136180803018,1.16522172208366,0.966579268521252,1.52833643992355,1.24997058136439,0.462047834140516,0.00534901375261747,2.2248456120566,0.111354418550666,0.438235542514198,1.12433962959535,3.77722031464343,2.77073166403267,0.157603113122573,0.776068387079751,0.292170730182002,0.266422622355813,0.469982164778344,0.0579809116626523,0.214837059649254,0.475279871757224,0.330548845725655,0.267321484792429,1.61156947685229,0.791259641451139,0.271103940470314,0.238653811791363,0.616990473970814,0.203189171466593,0.246857533650875,0.0204019741681669,0.0189335215359128,0.570337066448841,0.0716311530297322,0.0103584830291096,0.00399670348767117,2.27701393155367,0.0132221400240182,0.0016241901857364,0.003654176535819,0.0028126802806596,0.00660850601756894,0.00466959909925607,0.00132295417195606,0.00590227376769119,0.0065047964391768,0.635233739338155,0.0850897607540947,0.027179522159574,0.010557635040381,0.00884615918665445,0.0220301215796488,0.00433148933225089,0.0116574762059829,0.00289943245674732,0.604259137418486,0.033816704099198,0.0883707077579292,0.247212785085995,0.747870393356633,0.575197525978202,0.00487233462695751,0.0282390032812724,0.0207688427038767,0.01775321661963,0.0283390930210276,0.00106186038354407,0.0133285429605424,0.0112851657458189,0.00568525564145084,0.0028759277568599,0.0073901901960251,0.00779797300723938,0.00227015090927796,0.00285500643346833,0.00799749629415117,0.00338187461343759,0.00487422517819925
1.544068416647,5.51201183396007,0.480454953102516,0.936487597355389,0.861221318179804,0.822407319453552,1.14980333082342,0,0.873430499771307,0.442065341016793,0.441270032669823,0.904422027642525,0.17935933282339,2.52544114683485,0.728515414824669,0.240998084004258,0.411525495660711,0.0574148477695311,0.304757085329285,0.185876460388395,0.0945714536347988,0.0700370532614355,0.123142661106869,0.0375586544679515,0.0679241870020744,0.230192844587995,0.820851999404706,0.272644035719755,0.680161270097242,0.599189809667139,0.0972764271574596,0.00269352142237668,7.52793732485915,1.75739234199909,0.178655145054313,0.0808514139675588,2.99486700404661,0.528416025037564,0.177367237791163,0.0337330558780879,0.629922158793049,1.09793333176921,0.172315240698199,0.970994577094095,0.35969890487486,0.555115223742389,0.0162773011735385,0.0145855246698667,0.0799794219631555,0.0226586901890718,0.148263539357382,0.101992961082236,0.0414219928803491,0.0278065474291875,0.121599971069226,0.0570707278179669,0.00694406517663815,0.00260036897483573,0.00500358229635774,0.0122090492160555,0.00611883015450434,0.00937420018279629,0.00764593721049486,0.00276781562853972,0.0635105154849576,0.0160500912111099,0.019779562453604,0.0178204165093217,0.00719236521737951,0.00729311631777699,0.00628906981121114,0.00734236475609747,0.0445692256522073,0.087830607793737,0.304096539434129,0.119368980332428,0.28145733268489,0.0975433498245835,0.0708155806766821,0.00103916586635594,0.100096912803005,0.0679484733922223,0.0281816929382513,0.0306991983268689,0.00267146473442992,0.0195929057513646,0.00617956498068232,0.00612178783294423,0.0126670916105531,0.0122946223261242,0.00667583273960783,0.015161529352236,0.0089881063017803,0.00236560562046387,0.00129446520056366,0.00205980720047033
0.0729595966238284,0.218804495164847,0.0296716149011625,0.119202614323093,0.221077984339795,0.256399103968876,0.500580959414594,0.873430499771307,0,1.01512875217234,0.360860941328114,0.791771966238873,0.195702649658408,0.241207487278838,0.781059367180914,0.368754451697033,0.447156592351716,0.0275577106665504,0.714190029441053,0.247931066800649,0.0920623154637163,0.0563269563898876,0.121654059233927,0.0179080027895727,0.00203444279197225,0.0199040220463741,0.0193910812579686,0.0181847809710373,0.0319427438880222,0.0665933966312164,0.0267477607814228,0.0108092667381601,0.138680166202586,0.14211772055144,0.10223126136582,0.0239006840866934,0.0698057543376996,0.25680840742107,0.125083272259238,0.018711361775583,0.0543658397138636,0.950228860312109,0.220707616647274,0.471038143957149,0.343875012324682,1.08111395100688,0.015802199915584,0.0106902402740898,0.00958666248269693,0.000623707354943825,0.00386562055390985,0.00800901022652634,0.00740072816488341,0.0122257252763898,0.00429806466372746,0.00811848832699432,0.00643128322319964,0.00880518878718561,0.0138692583108102,0.0146277255190219,0.00868078121057804,0.00612810771755173,0.000667784120587236,0.0109946227409249,0.00505526271234917,0.0010932309576982,0.00508246524325018,0.00149677776967885,0,0.00127873148616504,0.00734450623005098,0.00276237930715739,0.0121839610098118,0,0.0270074071374617,0.0145771280858456,0.0051650769897425,0.00684898227081334,0.00269784325461554,0.00207190376662633,0.0233784454614845,0.00114190240160135,0.0049556561640246,0.011502475281116,0,0.0164349344367721,0.0126300143504021,0.00253821804916551,0.00595395172585358,0.00720074351039379,0.0026831062196675,0,0,0.00346332080703858,0,0.00145844311293111
0.0449113383635035,0.396870234636277,0.0241678110266445,0.093244565223101,0.075008652604939,0.178899097382978,0.587236187909826,0.442065341016793,1.01512875217234,0,0.317156982912833,2.55770729150516,2.19002089939932,0.24395209167692,0.610734344008121,0.696373417607543,0.947751963115882,0.0546003066491231,3.39665317907025,2.28978321624497,0.663051239123414,0.122310625238661,0.538320690912027,0.0301358182933231,0.00662418379987845,0.0127883905622545,0.0483909141734618,0.0120016361933477,0.0350374543674329,0.157996861776277,0.0435384086554244,0.00595560258280982,0.0850598981037282,0.631335039589939,0.498491757857654,0.0640786649654051,0.158926669184703,0.479472447262994,0.195590409637486,0.0936363995575119,0.0200734317330553,2.97494399798722,1.22721522716315,0.478079886685152,1.10531730153767,3.13295740532465,0.0150052954974503,0.0222984513668428,0.0150382460187952,0.0049888513852181,0.00876293139460849,0.0153344009376953,0.0274078641484036,0.0314500455126691,0.0113532534843865,0.0393495478079344,0.0137259013897541,0.0103353994283884,0.0147976287015569,0.0150392742323887,0.0185227054888673,0.00865139079085651,0.00484428730342576,0.00817105350239009,0.0155189361385071,0,0.00434134100276425,0.0183144402093025,0.0076234052308467,0.00556768304605131,0.00933357131889449,0.00554283741104167,0.0089933967002197,0.00300905731010082,0.0868093435282734,0.0133797543337841,0.00793754371329795,0.0209197295347472,0.0073518211380814,0.00475069761504895,0.0561594475165527,0.0250145125384758,0.0177609979042125,0.0263253074292286,0.00290135977516615,0.0370079977130905,0.0381469194214785,0.00550797729969435,0.00315669334684437,0.00507620057102743,0.00392482346348758,0.00973535842011952,0,0.00367459423631585,0,0.00208037789015113
0.0588755334570139,0.133371013657328,0.0361601600664303,0.0951456711622978,0.149962490458262,0.227001472013508,0.17388268438373,0.441270032669823,0.360860941328114,0.317156982912833,0,0.667956210011914,0.191681547590897,0.255288268155774,1.35501578905785,0.408660015336761,0.134645998287303,0.0376681161739817,0.154205512273899,0.115709854242565,0.109337348249719,0.0528896617638643,0.134157579435636,0.0106041171015461,0.0134064319846845,0.01265011852915,0.0749276009890825,0.0117504275633664,0.0256473967076888,0.0498018385289383,0.0224072294707632,0.00437747416635648,0.0779880352965034,0.1971433595762,0.10688677151782,0.0300067675650325,0.0898327593906556,0.439698267024217,0.195833842112305,0.0240140355815733,0.0288560654410676,0.30504878179045,0.057364090598011,0.262671313879117,0.152013830704313,0.24874190058514,0.0164273745496652,0.0155082758866415,0.0234365164434777,0.00189503314315664,0.0061545610326675,0.0297457632910654,0.0310611660639229,0.0213114237492644,0.00634701633939655,0.0281379569938751,0.00698628451568645,0.0110479151217958,0.00358674244782198,0.00694906380053012,0.0120709847005352,0,0.00322835702010521,0.00772592504681546,0.0057251573247236,0.00227069374117561,0.00717478997897982,0.00186878575546495,0.00515932023827814,0,0.00414980543571013,0.00299152258276365,0.00631578186273943,0.00139340774816711,0.0632778135549285,0.00917491395642676,0.0107375125759993,0.00234881863953623,0.00915356424588419,0.00138832075371401,0.0577375640214694,0.0209897119466114,0.00140567187533983,0.00805680637246237,0,0.0152781724485844,0.0348717692432539,0.00160993474061341,0.0219705699884381,0,0.00269916549511259,0.0112403179494012,0.00310623519574671,0.00624456416665606,0,0.000772008974236491
0.0961629593929984,0.41892123661829,0.058156856165998,0.162273767476516,0.145236560064885,0.204398176153678,0.452198895076768,0.904422027642525,0.791771966238873,2.55770729150516,0.667956210011914,0,1.091035455929,0.489920355500449,2.37831115671426,1.2032572221931,0.27720176542601,0.0957499256111312,0.264654749032548,0.355663394242501,0.310588066058527,0.186431272540658,0.403177744443567,0.0536429808913487,0.0206384797829235,0.0242504311885955,0.152150070227992,0.0247760457313924,0.0484357860288481,0.31971026573868,0.114469112584302,0.0157275983179151,0.207133068242625,0.925774857999684,0.74332225129981,0.246294908177708,0.475881995590156,1.37198592102355,0.728110123462083,0.154220165629562,0.0305888526394766,0.492350856104048,0.18139068676415,0.698271046541427,0.330442740901618,0.6762139711657,0.0240937131718662,0.0565347097714766,0.0666717055035667,0.0268096357470624,0.0186938898977477,0.045611351969378,0.0574838597227709,0.0514855489630906,0.0448695043939366,0.130242738164545,0.0357090422134265,0.0437850028571822,0.0642749386981002,0.0960522110085869,0.0877598429812969,0.047494470561196,0.0673053460758416,0.078132040267726,0.0414282900258763,0.0196093518205441,0.0325875967777684,0.0523867540193616,0.0535344011323646,0.0487062807854259,0.0631330056266628,0.0250191661237382,0.0337763505038544,0.00891692457237528,0.129052849053491,0.0329317178813934,0.0277758399097729,0.0523236497446342,0.0543572513111603,0.000788919469341731,0.17615148588288,0.0647230109719623,0.0821387657487429,0.109955145419646,0.0342250522556192,0.142237076344096,0.133268113936153,0.0593162919791365,0.0456631670721098,0.0250075732850466,0.0255060296172416,0.0183500398936283,0.021874943412599,0.022981853964195,0.00811191532629124,0.0179397202601603
0.0296085499947689,0.272425546981059,0.0312134161869601,0.0889787570575891,0.0511271845927024,0.0927911204635166,0.388527044986684,0.17935933282339,0.195702649658408,2.19002089939932,0.191681547590897,1.091035455929,0,0.117890116762619,0.667954895903245,2.2594767281034,0.526526237103794,0.171174772687847,1.30116952171187,2.37001061390713,1.95969078519286,0.471335899511766,3.45276016096921,0.179682196987354,0.00293047956697375,0.0373149858247959,0.032077891877664,0.00525043575357288,0.0520366774061034,0.596810080584456,0.229241160027164,0.0456968693288528,0.0432036299814882,0.196920389431453,0.433497607160973,0.240793766230569,0.061866370032712,0.262791244524816,0.736479453448237,0.34858947068862,0.0234402235037411,0.609424445389099,0.476655388632878,0.194381555344781,0.330082459804735,0.914973724247086,0.107384497160854,0.131720651349709,0.00634940086335912,0.00435237642260725,0.00534346342897104,0.00419127332881369,0.00975406810442658,0.00328602083027363,0.0166873446068171,0.0132850985197336,0.00120606463745797,0.00929968276263614,0.00310146326656439,0.0116537316103231,0.0230390369614937,0.00460589018175608,0.0174738533342427,0.00921450055598927,0.014293253479735,0.00679875532600233,0.00815099178787855,0.0133630499395608,0.0171704027208618,0.0121406995427174,0.0107640973971225,0.0106932520866394,0.000962679621121232,0.0100129115158651,0.0129178369387769,0.00068236432834928,0.00830811650389322,0.0322015002650865,0.0237644120198618,0.00481336643968597,0.0278640672013,0.00854597281477921,0.0187823747417,0.0271944842434667,0.00320234008551634,0.0236657379832224,0.0402487009656763,0.0195989002004033,0,0.0028440392118309,0.00585373747318624,0.00877622153347499,0.00233983897600432,0.00515064417243508,0.0089179205462304,0.00628273992956543
0.114444123372095,0.310791822507159,0.054056929056146,0.168498309089711,0.23089682537312,0.286704446410853,0.195211565230567,2.52544114683485,0.241207487278838,0.24395209167692,0.255288268155774,0.489920355500449,0.117890116762619,0,0.657528897547134,0.177971444170739,0.0831342542890145,0.0262378014027918,0.0669978978827912,0.0504119972814067,0.0624701917611471,0.045142650092339,0.0842618463274493,0.00136009202812916,0.00552509994568345,0.0208785173823973,0.174016143928239,0.027306544077517,0.0878395973732684,0.0498040742012776,0.0197424740243164,0.00528374589898614,0.631419928070335,0.669246660483765,0.0844409962898282,0.0218017404233773,1.96484281967716,0.625257548569069,0.169235868818686,0.0152704198268561,0.101974010087647,0.151689596138823,0.0489160493004268,0.390193334027125,0.0999270402784444,0.0974016874480554,0,0.00571337327799198,0.0224690459626877,0.00932264727923404,0.0181413492104517,0.0151420619969905,0.0429701178215032,0.0333280274408281,0.0107309200268043,0.0186451859319969,0,0.00236543073673316,0.00594420031551093,0.0131392112577596,0.00422118094354354,0.0211417093366034,0.00577036122062137,0.0124790915256003,0.00956034743620021,0.00396303255589176,0.012683823246071,0,0.0151541428960934,0,0.000798067890973031,0.00220185080588922,0.0218787786228449,0.00453234879346742,0.102657907411964,0.0213072050665097,0.055560397284503,0.0178557694866248,0.0048456966507602,0,0.0481724150745759,0.0094587686922094,0.0180817575374104,0.00266239282811218,0,0,0.00499023599116163,0.00219141340453592,0.0211327203542277,0.00399193596119601,0.00676793468585743,0.00924610023108202,0,0.00128160775907174,0.009902132073901,0.000459328354212966
0.100435153653498,0.211852974985747,0.0468501872031787,0.192324845224046,0.184041012159495,0.267500133765487,0.403854381803914,0.728515414824669,0.781059367180914,0.610734344008121,1.35501578905785,2.37831115671426,0.667954895903245,0.657528897547134,0,1.19474569993985,0.317890764910766,0.0988455088293044,0.234398203225181,0.279705963514907,0.268250761401352,0.224120664680059,0.481028020292483,0.039024446244994,0.0106725176410388,0.022590465372331,0.0971723459877474,0.0300037451332637,0.0467005326165979,0.171260311230997,0.0617063212509229,0.0216795064730767,0.132150326345108,0.477021243640824,0.280618095264935,0.0994341403993487,0.651142919455579,1.3267851419702,0.626870313715106,0.0874538106828844,0.0299667987781286,0.334703094716937,0.119004988389396,0.445571116258975,0.147947076945163,0.184487194070966,0.0373893194049229,0.0553984461918732,0.030660738582716,0.0101480113571498,0.0156426432878971,0.0244015499849843,0.0381682352043478,0.023567664764354,0.020265954327572,0.0721680361170136,0.018448977154595,0.0292748539513812,0.0360561415052079,0.0350589176385976,0.0561494655822277,0.0445052701708448,0.0341460850263178,0.0469778658779899,0.0242397691512529,0.010227944063143,0.0160913578881406,0.0351640511663534,0.0230798900958836,0.0149003203703985,0.0254444653534753,0.030057054942194,0.0314466769354022,0.00691240100538887,0.104685345936617,0.0166216785120538,0.0214713076582968,0.0303958368437367,0.0232653918021203,0.00462808081642743,0.0880892492385952,0.0334505388043156,0.0309558555829809,0.0613053029993128,0.0115944396640481,0.0748505151784763,0.0839759281205623,0.0359509780133859,0.0190582157568953,0.00688152472689087,0.00415761793096213,0.0155344898796688,0.0221060643554911,0.0126524699976227,0.00697153456846446,0.0108938288419238
0.0345582699240975,0.212282375261783,0.0283408005864821,0.0713580980064366,0.0783317804436914,0.138586249460513,0.297917671339758,0.240998084004258,0.368754451697033,0.696373417607543,0.408660015336761,1.2032572221931,2.2594767281034,0.177971444170739,1.19474569993985,0,0.303801411971354,0.11920561999031,0.335497435829572,0.648030316110061,0.613688742522293,0.296826899649335,2.0653377348917,0.348473358057301,0,0.0316744684904631,0.00507074827208568,0.00263556499732387,0.0355910438156812,0.681906818499471,0.316362405026245,0.0579073627641963,0.0458166722900358,0.160481040292575,0.419190718053074,0.408555964273253,0.079204451846326,0.449194911380393,1.34741595032775,0.643484511372304,0.0132463529966176,0.301836740498754,0.257626155051476,0.221472128673082,0.1441100276797,0.395354952221873,0.165826046734383,0.110461873850503,0.00686297356834331,0.00406859578268078,0.00279240304181294,0.00605607587749224,0.00626572977637477,0.0085351107847241,0.0148067069357688,0.015981550997082,0.00761345386382696,0.0261679333560991,0.00625465373333185,0.0174704211508807,0.037962228281798,0.0095491250474278,0.0108308937108189,0.00967681425921754,0.0183935082591254,0.0151268671781558,0.0134436093082042,0.025774940826521,0.0294611633130833,0.0229041933557909,0.0349511821927823,0.0116828000235978,0,0.00401339431335412,0.0133715129495755,0.000555033488280787,0.00737681117234654,0.0389346705623915,0.0476716786886167,0.0051027050277951,0.0348969529186421,0.00556387278275644,0.0188671057202911,0.0528434988080299,0.00381267980542588,0.0478693697946234,0.0553509301139066,0.0355484658423917,0,0.0109666503279823,0.00256794135302824,0.00790836040539086,0.00620177391656734,0.00989934853290422,0.011888002566995,0.0114229083761615
0.203965094856796,0.418964559150715,0.435088110504917,0.611164814908157,0.21221061697764,0.397230722872671,6.56595081834369,0.411525495660711,0.447156592351716,0.947751963115882,0.134645998287303,0.27720176542601,0.526526237103794,0.0831342542890145,0.317890764910766,0.303801411971354,0,2.68902848833671,2.85407089723387,2.25498461112843,1.55207287144516,1.7825011989342,1.34894844586202,0.312274640518768,0.00288231943908292,0.402322346070916,0.0381579188966773,0.0576021980876393,0.20727744667179,1.56639403179066,1.91991903786047,0.130312821998697,0.162146685309243,0.138090896764038,0.215194263757265,0.292467983066439,0.0241720511685037,0.136905527610443,0.349973987310945,0.207891448040921,0.0513549126899969,1.74358549131239,0.894930316265733,0.171788346892276,0.33229161714734,1.27340661521957,0.128138480985069,0.206838955398221,0.00491978516327657,0.00458975371755802,0.114475708859216,0.0260036470783277,0.00221552278184329,0.00635507797600169,0.732169878038129,0.00571387595047206,0,0.00427229149893932,0.00110536935607397,0.00292005632339562,0.00411276214801643,0,0.00302419853652067,0.00571587116744894,0.358672724320019,0.0520077134970066,0.0114566827327854,0.0112744031970955,0.00582090080250698,0.0192878065952934,0.00175289344690622,0.0116895266134445,0.000496926432122964,0.132047123591357,0.0140153228894757,0.0239007515385404,0.0653318720581819,0.285689941459219,0.366543561885788,0.00287070584372533,0.0150356278356068,0.00473077096129424,0.0123472947739899,0.0285039645126957,0,0.00968884380345938,0.0135365219630298,0.00620671061501326,0.00480269783257948,0.00299855904252071,0.00309040071115329,0.00107064493151801,0.00119553481835406,0.00198791246810541,0.00478293277978607,0.00510346078552752
0.0315385832471369,0.0879548942542525,0.11463076584664,0.139062211919659,0.0369160811062863,0.0840020119010703,2.25051469952315,0.0574148477695311,0.0275577106665504,0.0546003066491231,0.0376681161739817,0.0957499256111312,0.171174772687847,0.0262378014027918,0.0988455088293044,0.11920561999031,2.68902848833671,0,0.233165431874928,0.558462858948736,0.743132007633017,1.74758822908564,0.971772629811357,0.394310994888741,0,0.180284412682388,0.021376155103674,0.0229591043977513,0.0834247476046672,0.992507083150488,1.68846483483813,0.211444062156317,0.0471216052334949,0.0332004988622938,0.169316455530853,0.294407366477431,0.0136819469959184,0.0854458271326978,0.326773456785748,0.242687385923226,0.0100432903924585,0.140423057879699,0.228415219376381,0.0508214780467108,0.0469802301631198,0.0799822869405873,0.162598691964942,0.283231382136144,0.00110468043032937,0.000534453319053205,0.0384238305788749,0.0116789391076911,0,0,0.192620947617955,0.00345884234558815,0,0.00074931867207766,0.00238898254624138,0.0028393778019588,0.00576084468433597,0,0.00161250919416221,0.00340825160787749,0.106729526021799,0.0476864024866811,0.00614535835026173,0.00356272946549174,0.00135715575663086,0.0178867806828219,0.00277572033526737,0.00837079962305287,0,0.0482164674813186,0.00689504329740501,0.0169020150286234,0.0360179846913225,0.11926325136545,0.187332086578849,0.00209020471112298,0.00435297453254933,0.0017967187779877,0.0120927342028923,0.0196233267590939,0,0.00532519448180241,0.00628393969552403,0.00708574222043379,0.000638615006073005,0.00049001067354143,0.00127494772696601,0.000996304032045342,0,0.000483742619680611,0.00598847740537289,0.00583171689170038
0.0496090741906238,0.327701639179283,0.0627288270065848,0.154846225469958,0.105408540404347,0.197605308216965,1.2136180803018,0.304757085329285,0.714190029441053,3.39665317907025,0.154205512273899,0.264654749032548,1.30116952171187,0.0669978978827912,0.234398203225181,0.335497435829572,2.85407089723387,0.233165431874928,0,4.00970022256128,1.14263530071157,0.291749469401072,0.697281554925056,0.0456550676413947,0,0.0630061315307429,0.00933242521050294,0.00719269756054304,0.0356873262082208,0.256063813956309,0.0722107231656857,0.00984787803588034,0.0621454253522967,0.108823647822297,0.192678585831812,0.0490101795978912,0.0208064101210795,0.0779452150333453,0.126126033132115,0.0419059514889981,0.0215301772021309,3.48576468165638,2.08590180822212,0.144656208014819,0.804532704556811,3.98230875638304,0.028974689303143,0.0361495840852641,0.000481850119243503,0,0.000676322046921446,0.00376855104850815,0.00165046900928048,0.00303686362103662,0.0105689198901791,0.00148653641002149,0.00286276732786028,0.00292523871399968,0.00108624375208225,0,0.00395567608717418,0.00435545453883429,0,0.00429422048872938,0.00284050320617193,0,0.00279536428454081,0.00480550017373025,0.00970228408840659,0.00152019565693792,0.00430226086711297,0.000909175964280667,0.0041431849263448,0.00759557185399239,0.0160320594850843,0.00139863144569172,0.00451542438966268,0.0152018066332151,0.0094151537143852,0,0.00805920300223365,0.00275870389722978,0.00802565447216914,0.00434292871766988,0,0.0100580760601517,0.0036590668561487,0.00226973533486081,0.00124069045565156,0,0.0035087935766555,0,0,0.00131986943617207,0,0.00162757894602232
0.0502093187392208,0.358927880680309,0.0733594842665747,0.164712518859927,0.103472259980047,0.158498789042287,1.16522172208366,0.185876460388395,0.247931066800649,2.28978321624497,0.115709854242565,0.355663394242501,2.37001061390713,0.0504119972814067,0.279705963514907,0.648030316110061,2.25498461112843,0.558462858948736,4.00970022256128,0,2.15564518857626,0.923585641107672,1.87791215001917,0.194411683296063,0.000556568660434076,0.0505968238800907,0.0159498341248913,0.0124117534777835,0.101148298002453,0.74068316118663,0.405952043700802,0.0923345343709466,0.0584695701458145,0.154362858245285,0.369613665443766,0.1927737024221,0.0288149442897521,0.153484733364064,0.447325611901928,0.213867375905321,0.0369657942971575,1.94598800960283,1.48993080134834,0.13055549658161,0.64882011304884,2.54628158236125,0.097054661564208,0.177722607952217,0.00240456243061831,0.00725070854992544,0.00751743029722149,0.00450685290888191,0.00200130002448159,0.0075280334364197,0.0180281060828836,0.00649029475586462,0.00146425511235458,0.00312155950813542,0.00133054631063073,0.0113939239717159,0.013533318271115,0.000852108666716811,0.0041975608721012,0.00706953344986662,0.0146353148491561,0.00801970066905501,0.00934368157630324,0.0138907609901803,0.00856203471327171,0.00803769657890479,0.00485220007806969,0.00362967667271501,0.00141186542241559,0.0124239073852854,0.00883157578476915,0.00536868786263488,0.00343988771854585,0.0346664182980044,0.026026633633468,0.00454455586063642,0.0109810933144148,0.00423672859423319,0.00617278429002106,0.0278759647928715,0.000905309339295321,0.0177169045031161,0.0229924359317587,0.00558352080328592,0,0.00410306405820274,0.00366076140085752,0.0015942199107663,0,0.0015617437322943,0.000751195164455654,0.00192092466916017
0.0359001594069816,0.207053685693289,0.0412904691905949,0.140039013788558,0.0597200110770109,0.124886139332602,0.966579268521252,0.0945714536347988,0.0920623154637163,0.663051239123414,0.109337348249719,0.310588066058527,1.95969078519286,0.0624701917611471,0.268250761401352,0.613688742522293,1.55207287144516,0.743132007633017,1.14263530071157,2.15564518857626,0,1.28878465093203,2.34305667032123,0.270172703051135,0.00212833030745749,0.0462889440814252,0.0129960858348788,0.0099950500476201,0.0590958801522488,0.657919390916158,0.519580715336213,0.146125401333931,0.0413672176914658,0.091784986792486,0.282633299027855,0.204012157318155,0.0140877404344016,0.148932264005561,0.447241936057214,0.247194996957594,0.0212979688914013,0.501850341840411,0.526269604985322,0.0918647562356526,0.15097674089337,0.604227810601241,0.0964224018475174,0.243836875163596,0.00195601790102036,0.00306662103321603,0.005355558271229,0.00510395452193102,0.00804333161976588,0.00116453002301412,0.0245871232458665,0.007646174112096,0.00236947582693009,0.00211419094068722,0.00519780792137787,0.00772545490814439,0.0089579234710689,0.00430677945081848,0.00469545747288215,0.00831507970372486,0.0161256185676776,0.00778439151969394,0.00401110113040647,0.0145112177106513,0.00503575125409846,0.00737311818527173,0.00670480677258809,0.00495782256023591,0.00259395300837739,0.00404488879728332,0.0102548515031615,0.000927591395638888,0.0120796189888217,0.0453884537734703,0.0364257199514893,0.00472774897937513,0.00560326954437486,0.00201690817413124,0.012070137601373,0.0215657290825184,0.00105181908483034,0.0139315674952438,0.0160674147285685,0.00382035607409594,0.00510202232868717,0.00460917637569107,0.00369493004281592,0.00497916866141411,0.00190087324547478,0.00318386397747602,0.00070828641359158,0.00507758047184099
0.0451620506750988,0.121912193129873,0.082346860758742,0.140575486603219,0.0383747414766757,0.0765790876616767,1.52833643992355,0.0700370532614355,0.0563269563898876,0.122310625238661,0.0528896617638643,0.186431272540658,0.471335899511766,0.045142650092339,0.224120664680059,0.296826899649335,1.7825011989342,1.74758822908564,0.291749469401072,0.923585641107672,1.28878465093203,0,3.80121316602788,1.28581166463027,0.000282072229991673,0.0614382858677437,0.00967671409744299,0.00799711394526541,0.0662551644980702,0.930548301207993,2.31700280014056,1.18313862409467,0.0348042432169837,0.0441570468984412,0.172228903960052,0.501679928349438,0.0094720128236472,0.147975883995401,0.590688939871212,0.789654267108676,0.0193632971429989,0.144151232174738,0.211055645187242,0.0651872669790356,0.0496056052862257,0.131139078744048,0.263987681561074,1.9934728358096,0.0013008698401278,0.00180902972294812,0.0215726331440674,0.0101773530863944,0.00265857057481293,0.0012489734660853,0.102827450207019,0.00399574179257009,0.000995644964590231,0.00297316507315488,0.000825600263924392,0.00480338757155119,0.00704584784273763,0.00054396432315329,0.00195203609673075,0.00615918943942098,0.0968338907937097,0.0886805186608564,0.0103004564929016,0.0121758230683584,0.010592473702278,0.192251642393408,0.0061259481318568,0.0193608679365316,0.000382145535231604,0.0157703993323661,0.00606811358165543,0.0124095851944842,0.0161150992027286,0.0983591605519163,0.333353772657917,0.0613916033938794,0.00641683339486303,0.0026747111566915,0.0116269378412771,0.0359882540596067,0.000690154041626478,0.00793932039746285,0.0252856488178539,0.0100724493645355,0.00109538173853919,0.000972920345956862,0.00213734598418992,0.000610664211402306,0.000977875085941882,0.000700654339127263,0.0133428763946219,0.0324024553206875
0.0399813315782471,0.210762975635886,0.0642685709586389,0.135941351076953,0.0485889059604681,0.127162318152847,1.24997058136439,0.123142661106869,0.121654059233927,0.538320690912027,0.134157579435636,0.403177744443567,3.45276016096921,0.0842618463274493,0.481028020292483,2.0653377348917,1.34894844586202,0.971772629811357,0.697281554925056,1.87791215001917,2.34305667032123,3.80121316602788,0,2.38224373920128,0.000609869769754488,0.0669899016085953,0.0116311130568816,0.00661680093688811,0.0994049837344013,1.86053478003081,1.56618281630719,0.916413351580186,0.0549463931455971,0.0825585685581223,0.618217625604334,1.61288943597226,0.0250661794519826,0.315603536460142,3.75597836749073,7.17997106258277,0.0297002886336805,0.380279024189099,0.508726932452831,0.102893835726354,0.173567336098152,0.459272867861521,0.692286286025894,4.81598927389827,0.00251587394590128,0.00337048788295738,0.00989045323973257,0.00715733903862303,0.000567659929452825,0.00137365843701438,0.0590061717106449,0.00868242117184042,0,0.0030824345556552,0.00504991204748284,0.0108510177057765,0.0101767740745187,0.00369784963617122,0.00734900498951281,0.0050377351154294,0.0350164067774252,0.0245514383850907,0.00833236873225458,0.0135234632428831,0.0120621926650392,0.0790821051092823,0.0107865666271959,0.033234825436895,0.0024332681666856,0.00806788787593682,0.00879465443309757,0.00565266780377885,0.00983249647450777,0.1181376127904,0.176777596988981,0.0365333235901061,0.00826668331413428,0.00386129022829308,0.0135800685362034,0.0485266419619741,0.000610975225349017,0.011243295868259,0.0212775563843151,0.0156902634314287,0,0.00183417367927616,0.00388445820655347,0.00231588808201932,0,0.00446567611500596,0.0114728280703729,0.0399463853730189
