0,0.375747726538093,2.01190998841994,2.60585440151779,1.09631824688812,0.409101127424407,0.109455452670435,0.440315966767669,0.00778652993650873,0.00293133684185336,0.00415092935372749,0.00251433648680272,0.00234149174129748,0.00881457442138562,0.0071420141313535,0.000923222908886052,0.00783971988014307,0.00262101797359928,0.00035415508052525,0.00214818087100462,0.00266904519888951,0.0046010971945654,0.00266597657368254,0.00094151499452266,0.85651420929534,0.0868877079771367,0.273011056438134,2.25654842350651,1.50445431001897,0.0209316602506184,0.00799968836928808,0.000910220422428949,0.484247965314523,0.106598882273512,0.0110230121766882,0.00472677373483336,0.036681810815185,0.0260098264970815,0.00432046587027441,0.00141112560545475,0.211048529748647,0.110674790079837,0.0025649238601394,0.0567516455839596,0.010130343690378,0.00232460902862445,0.000481295903416385,0.00166839508401653,1.26313202178706,0.0333904822970076,0.420403926797015,0.0586554590008504,0.0144011677220202,0.00823477642915706,0.0296467272046621,0.0387398850861344,0.00379640636936754,0.00473141281505281,0.0050807709824549,0.00706496366858413,0.000753427694127372,0.0032758001888029,0.00822754707993409,0.00120467460544621,0.0242340844294412,0.00268249700170831,0.00396476012083133,0.00422244333566864,0.00202983851585821,0.00210708791404212,0.000663686532728307,0.00121460166410248,0.186589454901754,0.0303447175020238,0.220214635202078,0.369377866063193,0.37648524159523,0.0106328434032603,0.00475687731510196,0.000551576876941436,0.177579519624019,0.0291851163306131,0.00734797860163058,0.00283019059499111,0.00513074881765726,0.00503062158594233,0.00153247277599742,9.99800732670443e-05,0.00814194189116061,0.00541654536495128,0.00375918196760394,0.00443219639911837,0.000840371126220986,0.00463671379704858,0.000640660527388886,0.000229239565375273
0.375747726538093,0,0.116691431069076,0.527973977875087,1.44609954202876,1.11668050057602,0.233290811136409,1.46832706939709,0.218284181885084,0.3281091853094,0.0573622824918623,0.14158962788066,0.232537036463892,0.0701359161376824,0.147484151618421,0.022851765771933,0.23773591554432,0.0903627113281306,0.125595313611629,0.257780532014925,0.182030737747258,0.0560466166980917,0.0741503960691689,0.0144967453343002,0.0590959737069532,0.0833950043415483,0.183659572811901,0.195149955910411,0.360799743365421,0.246508171757292,0.0779044604375938,0.00322791055056551,0.859651204714619,0.410473312939086,0.414372353142158,0.0953279051406644,0.117747543756012,0.283256985668678,0.0988202628930169,0.0153703379866246,1.38365329274246,1.64162520038938,0.527193999932363,1.172904130792,0.880672966553232,0.384382965719948,0.00996929348758713,0.00983410957432521,0.0547179730284719,0.0296030668861329,0.0359236732118554,0.0193863779881911,0.00700408185700592,0.00596940667968218,0.026302200460023,0.0231571559222789,0.0120739803508816,0.0123409465489042,0.0100189712987285,0.0134212936144859,0.00881105246794549,0.00274026579227314,0.0111544741862402,0.00656940258048473,0.0327110971081402,0.00708265107666397,0.00893472594269917,0.00848472310345616,0.00520554475845461,0.00675041555511331,0.00492854151907671,0.00794614463349451,0.012950291433865,0.0236939764694186,0.0570293291052845,0.0364699132326211,0.0910009633957417,0.0484070632437443,0.020894984540413,0.00359518812739869,0.044952731936339,0.0500461777540728,0.0265133959913964,0.0243470651775724,0.002907953041534,0.00747100263840867,0.0189471835024457,0.00439742036710725,0.00663036241775682,0.00864281290406506,0.00582582374573035,0.010056914535593,0.00389840881126411,0.00762988726207399,0.00192518931252466,0.00441765772215845
2.01190998841994,0.116691431069076,0,2.83477963398489,0.0620520100195949,0.168499796412191,0.720839172359535,0.01058123477809,0.00161752633810071,0.00451121193369202,0.0015175721268084,0.00298958974611841,0.00373269356343286,0.00327011769451497,0.00216113871096883,0.00080303324843085,0.21925076329666,0.0514657016976272,0.0113375741399454,0.0130445722959152,0.0175839025033734,0.0259713103070628,0.00677892033099554,0.0026712730852107,0.0340806410434453,0.749239357160956,0.0518241357478161,1.35859103041359,0.725982754746707,0.11016112117502,0.0442510497563282,0.0020494935421693,0.0250511061255062,0.0234300543376633,0.0148703677286622,0.00914046048190098,0.00368533282568788,0.00768700542355554,0.00652984470810494,0.00201721342121759,0.0613636484594194,0.0695403859407007,0.0119124970679934,0.00381737885802066,0.00379917353973236,0.00563616899183483,0.000414311808287672,0.0029159907888047,0.669524252070374,0.0212975374337062,1.31618098940946,0.138363361792767,0.00678194450417736,0.00717635853349384,0.0970518010811734,0.00429356575992168,0.0022484382027689,0.00267778327843005,0.00115008821610423,0.00268108379060241,0.00288042297343648,0.000344844480222531,0.00182426368974066,0.00139159262694855,0.0622243100390541,0.0168925138741253,0.00877936656405625,0.00849902763358235,0.00374622448578977,0.00431718794225429,0.00085726631436804,0.00195299668722628,0.0153445280357738,0.293609533276497,0.0374808126763246,0.388339391527345,0.304359278531341,0.0473794914751832,0.0198238692422851,0.000995283374925087,0.0214830073595904,0.0107736108565687,0.0082239572239092,0.00523877660336935,0.000235954477183845,0.000934646035088136,0.00184059947355365,0.000156518295451914,0.00792412019707184,0.00580745915837465,0.004985067321801,0.00153439649413709,0.000972057558504633,0.00401203078442942,0.000889863153870407,0.00108583652707346
2.60585440151779,0.527973977875087,2.83477963398489,0,1.39145335766321,1.53121918729423,2.68016536518929,0.0921103842701214,0.00205663397025511,0.0018691631784529,0.00159179029364741,0.0016567813868879,0.00492071699354482,0.00219069765956922,0.00501505793925555,0.000677062752869775,0.111159645321074,0.0146449897885455,0.00698263217904925,0.00467372698874541,0.00784161336361805,0.00994333537151276,0.00267160297816663,0.00121882118175195,0.0475689420271842,0.231578555342164,0.0540893202061661,1.04897972820005,0.979859298178357,0.0442082628685681,0.0120363270135927,0.000624753494520413,0.14284670236339,0.0264105779347571,0.00876204220638991,0.00359051920073556,0.00691868290598805,0.00734281041332024,0.00277325888465829,0.000799707847307868,0.490392511269155,0.458291160192114,0.0068416693920498,0.0296083541602996,0.00727261102662552,0.00445361700198913,0.000450065217245874,0.00156922072848607,0.0932598584833815,0.0085247761898633,0.134431735995566,0.0197538480493206,0.00228776237701886,0.00112954773969413,0.018195081544898,0.00324810352447727,0.000677087142018988,0.000846436551856074,0.00126233897193458,0.0025068865907444,0.000622676638728772,0.00125859231789904,0.00118085168845319,0.000194124699191675,0.0179088877173509,0.00388439514514882,0.00369015254301029,0.00338729232299476,0.00155864989802305,0.00130002812316623,0.000456491275692876,0.000454486834611315,0.00575807144222918,0.0417503734515434,0.0259547201948825,0.0958080415311423,0.215283779882319,0.01149121405451,0.00427029141005641,0.00103857383927717,0.0106830461605076,0.00615900979290272,0.00130174882600241,0.00116089542207677,0,0.000129643546006472,0.00123394400466157,9.34207028215686e-05,0.00166310331225499,0.00203765830634415,0.000922263486898309,0.000129796136677132,0,0.00105484075519649,0,7.41304126062972e-05
1.09631824688812,1.44609954202876,0.0620520100195949,1.39145335766321,0,1.80571713791327,0.0702046706784766,0.706340428503725,0.0505818303770808,0.0124702359531458,0.0146287129537145,0.00587108073922051,0.0066224643828683,0.0187579762599057,0.010401870509685,0,0.00425302536518232,0.00222258178593623,0.00513077105627232,0.00563217377424235,0.00340264132040893,0.00269869291670864,0.00207655020856317,0.00099682721961699,0.114014174538362,0.0231898148510495,0.0817134783500988,0.265760504086134,0.371955980143246,0.0103892549343714,0.00283789495277016,0.000395951928872925,0.578429841496504,0.0684715845419314,0.0197108638870836,0.00299046507985545,0.040594251310355,0.0252454030220923,0.00481506935478231,0.000912822604547571,1.29616313284753,0.696306487549727,0.0142205043176269,0.378807609658724,0.083590976320368,0.00837244380665152,0.000697321361907879,0,0.0240492173529511,0.00375379755520193,0.0147665614512375,0.00404172777834959,0.00446957503149979,0.00291438099286525,0.00453725948645852,0.00659348304655652,0.00107277429324629,0.00349956724181596,0.00290135420684347,0.00381709897000401,0.000315965372366545,0.000752645566284127,0.002046263297711,0.00197169487540286,0.00361718169706273,0.000861977395512678,0.00115634193043221,0.00206903781480372,0.000638721628345579,0.000301911445739884,0,0.000299086381592284,0.0168198766622291,0.0137363111444466,0.0430092425885985,0.0328289349522617,0.0773543395638951,0.00509122967843145,0.0012936975422429,0,0.0195814391757617,0.0138158753527314,0.0034775481631955,0.00155901113076196,0.00112246235606663,0.00194160060594836,0.000845040390552568,0.000230763204056982,0,0.00154520457555499,0.000464288442990048,0.000776666074459115,0.000413806867806836,0.00114109898786883,0,0
0.409101127424407,1.11668050057602,0.168499796412191,1.53121918729423,1.80571713791327,0,0.351855597413772,0.359326824317567,0.0285921774384863,0.00710898987363998,0.00541910969667391,0.00169145552810061,0.00296824879596166,0.0121574302298879,0.00789951996673947,0.00138564168138364,0.00634234931046549,0.00329531767603563,0.00266518821570225,0.0048551320122108,0.00431719718913579,0.00160463903145685,0.000559295447345043,0.000600311683534544,0.0256061017792104,0.0495448382971991,0.0419319811135345,0.202262397184432,0.240098880346467,0.00627848314153889,0.0017198241346514,0,0.269499170812589,0.041785301634115,0.0115542183259201,0.00475181229109017,0.0223326721780387,0.0162448712622913,0.00443172243129118,0.000665343976379941,0.713597107315468,1.0564644988166,0.00908976194192151,0.260644206256114,0.053625017850228,0.00595626372834229,0,0.000211269608159646,0.0116998719497673,0.00363722672219471,0.0138650332623173,0.0038737186644919,0.000537261552745388,0.00056295189731026,0.00380559243362364,0.00247864420724212,0.00137477456822266,0.000302269486951645,0.00235918565864319,0.000269638605139982,0,0,0.00213813980836819,0,0.00424202239858257,0.000966354532823118,0.000230354102222149,0.0021355143346289,0,0.000574377926253357,0.000195566212150756,0,0.0073523966023715,0.00633559131461609,0.0184966451193314,0.023127154732482,0.051860010670589,0.00185298283884266,0.00111578160251688,0,0.00793317276671906,0.00631205194682456,0.00231293709112659,0.000578368810142098,0,0.00304584770877189,0.000443815700298729,0.00026176627783836,0,0.00350635944007981,0.000573519415405264,0.00148456003297797,0,0.000571436682004767,0,0
0.109455452670435,0.233290811136409,0.720839172359535,2.68016536518929,0.0702046706784766,0.351855597413772,0,0.0127852960287698,0.000385775792927362,0.0129258164952008,0.000630250638784169,0.00648793160141409,0.0406840845842156,0.000579576122214523,0.00249489755656295,0.00253187099936342,2.84226523584356,0.480437581972471,0.327623355730218,0.212735033681344,0.200178930542932,0.115971662444896,0.0340447971642959,0.00741281033460941,0.00403023022116685,0.39764194978102,0.0116321779950259,0.0902490423787655,0.153162855464296,0.357032811329557,0.269395029471139,0.00443605572778027,0.0179576557271714,0.0146218119407852,0.0260983069519649,0.0337155951419945,0.00340605968661197,0.00779182405864332,0.0158313236776705,0.00449028687863792,0.134492950364373,0.230727942722378,0.184975348803381,0.00401692723242597,0.0226796586236402,0.0292099219339728,0.00352194622364072,0.00579204362429483,0.0122245566837003,0.0103219180199049,0.0460342136568343,0.00893518195089835,0.000496040101321374,0.000416329992852515,0.497999163908997,0.00180891644155798,0.000629945980015712,0.0073826798293335,0.000810307913290518,0.00791564614035217,0.0071210740094579,0.000718571519539842,0.00402936437604318,0.00337412033489159,0.313578314286666,0.0854097182270821,0.0325724709600191,0.0308118895746564,0.015344175844732,0.0147048718020294,0.00127184157227197,0.00214191404625929,0.00155538134788277,0.157471547797076,0.00421203241273913,0.0111362329624291,0.0438919969029447,0.235076472559565,0.122495463991184,0.00138195553818099,0.0019998268659252,0.0126977816859312,0.0227178050013239,0.0121534063193454,0.00130340316601389,0.00488387274274197,0.00339566550840419,0.000251675591985711,0.000228325204410526,0.00887540688326014,0.0203420105029633,0.00154047120881506,0.00270079675416866,0.0190957878787707,0.00216797859011345,0.00156634556747707
0.440315966767669,1.46832706939709,0.01058123477809,0.0921103842701214,0.706340428503725,0.359326824317567,0.0127852960287698,0,0.276597304907056,0.021372654008391,0.224318859038646,0.065432021722558,0.00582974822754566,0.183943158754154,0.234332935379325,0.00647837095989522,0.0025803283894134,0.00314197642841816,0.000370380586479609,0.00318532660251122,0.00362443445822196,0.00348577412013847,0.0043071095542926,0.0036983141903076,0.0378852586345167,0.00758997166641129,0.113577886413011,0.0300195254502904,0.0424872980996318,0.0247247656530423,0.00559638999725316,0.000456306254472072,1.67027026779453,0.55542357443012,0.0467524229951799,0.0171314108195438,0.729809182594887,0.292503064255752,0.0405557876312925,0.00376598970921653,0.382376133682137,0.310945603358864,0.00734787304125413,1.20753063025327,0.0475984058075282,0.00566745270406804,0.000473560258502731,0.00327788818458386,0.0367970537701991,0.0288529552992004,0.0071381628987673,0.0101801317190918,0.00596704232375055,0.00700423429016191,0.0122099950467633,0.0324887474713836,0.0112809979976893,0.00788731403321489,0.00728588968856504,0.0207387975421188,0.00372137728989628,0.00501250417011929,0.0141133872130021,0.00684510256666293,0.0132704903595722,0.00158052337604257,0.00247112177822014,0.00606482538995969,0.00294422983664349,0.00253709091942431,0.00185658313013241,0.00551404369894082,0.0101827815716796,0.00434537257088536,0.0372343317689525,0.00797116591006953,0.0207635431243026,0.0100136378020751,0.0069116589948114,0.000464971877313147,0.0522273701478248,0.069537707524218,0.0169315134492146,0.0144967969603423,0.00962323591287985,0.00957029077558924,0.0117499424807259,0.00370615568144358,0.00565780690486605,0.0113627188224844,0.00436417130363305,0.0145504536735786,0.0035404135685675,0.00815155696294179,0.00018796501594482,0.00311155149943908
0.00778652993650873,0.218284181885084,0.00161752633810071,0.00205663397025511,0.0505818303770808,0.0285921774384863,0.000385775792927362,0.276597304907056,0,0.0074831465039655,0.0235812283390126,0.0105539486419947,0.00182752194834712,0.0122879727174509,0.0728089312618171,0,0.000387658319235928,0,0,0.000590909822556173,0,0,0.000450000683199864,0.00044303210179784,0.000660263164578248,0.000472597808277447,0.0129484944184905,0.00222357062436269,0.00312457618636761,0.000573134186039999,0.000972714037974502,0,0.0654863712826294,0.11533600822508,0.00455112209230855,0.000278396180185183,0.0108071845702313,0.305022697590335,0.00376031688544645,0.000542908179453461,0.0616064482002517,0.0769791183785304,0.00163619240988627,0.316840068420941,0.00433088457515129,0,0,0,0.00129774475763592,0.00517396370760631,0,0.000620043979792469,0,0.00695181479707346,0.000728420545711159,0.00233940618582517,0.00351991614970182,0.00260022592955944,0.00304698436223233,0.00167525274536604,0.000377187309770127,0,0,0,0.000804734327982861,0,0,0.000768306532308357,0,0,0.000732725345008742,0,0,0.00114758929006756,0.00319371409761219,0.000300277047224904,0.00144443837708194,0.000636592731325977,0,0,0.00490764309038642,0.00351045258564803,0.00257363062351368,0.00155972956724141,0,0.00185509839338405,0.00114156119788908,0.000260450281212833,0.00113730479824584,0.00056852757162747,0,0.0018602383002053,0.00129211406322412,0,0,0
0.00293133684185336,0.3281091853094,0.00451121193369202,0.0018691631784529,0.0124702359531458,0.00710898987363998,0.0129258164952008,0.021372654008391,0.0074831465039655,0,0.00615046918347636,1.43921102123439,1.20563822506103,0.0190022733210823,0.595397099684616,0.363393223097673,0.035176853637201,0.0270646577501124,0.0410575623327231,0.323971320263097,0.305879394081084,0.0682292170496691,0.188965034493879,0.0224762075783908,0.00190849437649163,0.00567959680970559,0.0118012578952698,0.0019108748406135,0.0108551734055164,0.0861469588105968,0.0519639091830227,0.00861376238072359,0.0260261261414628,0.215027144240662,0.652273454091485,0.174353332646465,0.0282975307839774,0.559990055414569,0.605596162071106,0.0447119578551265,0.0220066065281164,0.157889556267719,0.357965669091001,0.317117015441166,0.237493905049053,0.184604559102788,0.00836361465118729,0.0168532727366186,0.00239501915697041,0.00551976155019378,0.00242042881443364,0.00303974870281332,0.001328106561055,0.000484368918455269,0.00340049053903938,0.00324793151299753,0,0.00180763297751782,0.00192102035271817,0.00454269860254886,0.00586766810514668,0,0.00382502914328511,0.00541524181216322,0.00626369065205212,0.00332467029601914,0.00442661530558001,0.0060775711845802,0.00384866438169654,0.00543923427228448,0.00598035021517725,0.0101604175825887,0.00186871692989181,0.00345686495120291,0.00320902043340521,0.00171202893007338,0.0052446948828937,0.0209877206343361,0.0184856855904325,0.0076512906812217,0.00137591887575259,0.01220756635106,0.0104535863101335,0.0264063610355373,0.00180474464605572,0.00505868312594816,0.011023494920256,0.00613221055549672,0.0011955429190223,0.0019652113500186,0.00332570654419645,0.00409371354005071,0.00218089761241032,0.00513219442611136,0.00457942453718732,0.00438244925417365
0.00415092935372749,0.0573622824918623,0.0015175721268084,0.00159179029364741,0.0146287129537145,0.00541910969667391,0.000630250638784169,0.224318859038646,0.0235812283390126,0.00615046918347636,0,0.0385427823784079,0.00537817241635461,0.0980965727075234,0.19830678467684,0.00270178502705358,9.45109101899476e-05,0,0,0.00100217722262722,0,0.000603409379427128,0.00229067954855566,0.000408255053289688,0.00164398649869662,0,0.0232092367386007,0.000913144246301643,0.00191721413946283,0.00354371435983944,0.00379722671518137,0.000437186935919126,0.0515872183542444,0.0327284378236828,0.0127679493657204,0.00483555351908488,0.0255799186292604,0.0752791507186067,0.0253320949151432,0,0.0161573440044393,0.00239176199731879,0,0.0602331350263075,0.0147882159070001,0.00310485943627992,0,0.000262380871235186,0.00355155158963149,0.00543869747350192,0.000485070277082316,0.000814920061795925,0,0.000598061606155657,0.00153524059398994,0.00338360101296965,0.000882207379558908,0.000435479847850188,0.0015864657274528,0.00229688145302022,0.00435723500160845,0,0.00155062862245053,0.0026397587768489,0.00118352046218649,0.000423601214774815,0.00159737595417514,0.00179100455601407,0.00154578837096549,0.00028512702466065,0.000540646537090152,0.00261685577873458,0.000720922282190228,0,0.00318175165387164,0.00256133981360171,0.000702849750336798,0.000585852313573873,0.00195939650474345,0,0.00587696430755767,0.00279794443169221,0.00331910363928031,0.0057393058994775,0.00156652560746762,0,0.00293678896011984,0.00260717414470784,0.00179665490188391,0.00232545878547458,0.000608141401575585,0.00393470193251473,0.00140014867443972,0.00073298514010494,0,0.00122619824842338
0.00251433648680272,0.14158962788066,0.00298958974611841,0.0016567813868879,0.00587108073922051,0.00169145552810061,0.00648793160141409,0.065432021722558,0.0105539486419947,1.43921102123439,0.0385427823784079,0,2.68113762790169,0.0413373181960227,2.94684747835136,1.09996673946413,0.0272907113228991,0.0178606133249368,0.0212535953119859,0.389373512803966,0.298785738730996,0.0749385295945098,0.254719549338538,0.0102509036897707,0.00175699705583188,0.00276699936413108,0.00926428469891983,0.00287097813046218,0.00566362003430421,0.0663065022576386,0.0336790811105901,0.00328075383124895,0.0189509165923636,0.198795049547211,0.499554704058026,0.138916686404011,0.0129617514250969,0.799829307241936,1.24026484071592,0.0432265190807473,0.00163554366808992,0.0326166844545506,0.0719563806935369,0.149639590150908,0.16089293491334,0.173832928628251,0.00836754390701168,0.0133498128693087,0.00213654911803974,0.00405516446593908,0.00060509975948974,0.00106329756205448,0.00107490540575554,0.00113829343108376,0.00278859568037595,0.00292634442816456,0.0012283012007509,0.0029416904845626,0.0011209461827045,0.00319485526726487,0.00703963477707102,0.0012956761843396,0.00365025717215686,0.00508191207037895,0.00255910218128239,0.00217156144520124,0.00134244859275841,0.00478759436348996,0.00429124811709005,0.00506176619676156,0.00453144334498992,0.00957034552137258,0.000435671710944923,0.00290844932443594,0.00178761632087293,0.00151797062576364,0.00502554153972721,0.0117991957031276,0.0143968700809801,0.00215867450996466,0.00243378221394111,0.00865244360094372,0.00787543792352952,0.0234499349472883,0.00056104009478649,0.00440579326722268,0.0184988486222144,0.0055867698689506,0,0.0021966720020635,0.0014280032020942,0.0028909499053651,0.00232262204806172,0.00324833845744295,0.00464927640623246,0.00599217962380275
0.00234149174129748,0.232537036463892,0.00373269356343286,0.00492071699354482,0.0066224643828683,0.00296824879596166,0.0406840845842156,0.00582974822754566,0.00182752194834712,1.20563822506103,0.00537817241635461,2.68113762790169,0,0.00442332653758204,1.49225097352875,1.29124516041979,0.183875974837848,0.10919917784697,0.3788206847855,1.88949843566486,2.83266641034317,0.909612623931346,1.50800926315745,0.042980415421882,0,0.00471207988754459,0.000477496484135821,0.00109482630735074,0.00733882074209784,0.173454232708637,0.120031582317316,0.0157118851625477,0.0128196322322185,0.0442961295529153,0.292260350147394,0.341825562594062,0.00491434686258105,0.491119413084135,1.45559953927252,0.130455337493899,0.00730183385275652,0.167550917936755,0.781516491977598,0.0549466034451611,0.371034644901668,0.716616127075295,0.0263752124245048,0.0447557484309092,0.000402578102862052,0.00169756373996676,0.000279905909972579,0.000471335633234787,0,0.000473974807032273,0.00475596209231643,0.00162742670756684,0.000840659231324422,0.00153333515561931,0.000324611529172208,0.00186714579044696,0.00308141742565181,0.00192825619852685,0.00205585997397123,0.00405344061329573,0.00522291313400671,0.00263397345163466,0.00114371834655169,0.00719866889045517,0.00274008913879011,0.00233777266841642,0.0029935745648531,0.00686309527954454,0,0.0043502171282654,0.0015949602161327,0.000755234711780628,0.000991821424878709,0.022969915207547,0.0169549023778911,0.00146462289097803,0.00161963263349113,0.00645244252727371,0.00615631120143286,0.0213696667270478,0.00179513850097494,0.00222157444402754,0.00467018250277668,0.0022368390899415,0,0.000376047851315259,0.00125129813672652,0.000464270136243117,0.000233512163200949,0.00268973606486139,0.000494735896060056,0.00245491218542367
0.00881457442138562,0.0701359161376824,0.00327011769451497,0.00219069765956922,0.0187579762599057,0.0121574302298879,0.000579576122214523,0.183943158754154,0.0122879727174509,0.0190022733210823,0.0980965727075234,0.0413373181960227,0.00442332653758204,0,0.144767762260376,0.00875691108111049,0.00141595586999818,0.00163411073208727,0.00184456068661151,0.000702818654894233,0.00519527897055917,0.00183461637004995,0.00268881277514315,0.00312705743318041,0.00637390312877292,0.00333003224627918,0.0702581639882623,0.00685064073830948,0.0170350463825517,0.0116196189796994,0.00377997585340506,0.00140935657408719,0.0824097157173975,0.121832558395,0.0405895822286271,0.0093797789363882,0.129368896233744,0.211298752752968,0.0457871329954633,0.00134493307567342,0.0117225074688731,0.0100814210521864,0.00789560713300595,0.0647536678997318,0.0218873612989803,0.00480196141259007,0,0.0037364862431332,0.0117621318469073,0.0248481453185378,0.00345549604903583,0.00630442000918788,0.00867683917448075,0.00478351163346884,0.00445168502107639,0.0127764377807587,0.0188991472825036,0.00658373231760157,0.013225273865918,0.0100738936252238,0.00966281709652832,0.00400690202985766,0.00295914783722445,0.00642338970788102,0.00746451132027941,0.00273987916760612,0.00375190534870509,0.00853206609576634,0.00609485541005134,0.00184817365582068,0.00156877570416674,0.00472890920706435,0.00348700287508514,0.00245119558962945,0.0227315421578969,0.00591271423195195,0.0135306033383685,0.0108424640753006,0.00790313818711436,0,0.0168882794391688,0.0302616293760955,0.00837592549602477,0.0144982086758405,0.00458591138112438,0.00421482076664599,0.00438949750278377,0.00174330108136034,0.0126266427273947,0.00391623979598088,0.00518529156896167,0.0138545963419023,0.00749912471035896,0.00269731002641722,0.00210602007958016,0.00122297062130934
0.0071420141313535,0.147484151618421,0.00216113871096883,0.00501505793925555,0.010401870509685,0.00789951996673947,0.00249489755656295,0.234332935379325,0.0728089312618171,0.595397099684616,0.19830678467684,2.94684747835136,1.49225097352875,0.144767762260376,0,1.44803567270312,0.00506549697775519,0.00485643040762616,0.00702340450198124,0.116735024074539,0.0872133742289857,0.0314896553270971,0.146650066657104,0.0183680321153808,0.00443809438355375,0.00519180105390076,0.0376496248302725,0.0043260497996736,0.00549742092598532,0.0386937813980236,0.024940603334415,0.00895321495102579,0.0712921208833524,0.150219781355462,0.0968249561983171,0.0936997388233911,0.0448010980147957,0.799509070306653,2.07889241925866,0.0485056603774625,0.0135878960014095,0.0203004403740427,0.010065623971181,0.159160380749093,0.103681827920876,0.0566537884626786,0.00290735927031691,0.0212958858397033,0.00838854908616876,0.0184521017133191,0.00109691266399621,0.00547591196888751,0.00312152888855376,0.00409328283594574,0.0055130411522255,0.00578224420623265,0.00463501949982159,0.00949114219156507,0.00246168423254793,0.0185666316070518,0.0187311289160262,0.00154498506824969,0.0119595621179762,0.0271222226507954,0.0112362957978736,0.00381127178998816,0.00353446468834549,0.012982748117019,0.00677045558221856,0.00905275706626543,0.0262825658685076,0.0166564200474874,0.00397688051376535,0.00325121454792389,0.0106329165567511,0.00219918742166309,0.00817794162365384,0.0175248415700929,0.0153735098666679,0.00364018530592275,0.0092015869842578,0.0190593685390564,0.0244387700508157,0.0444748260178225,0.00367109960197837,0.00823445222521621,0.0454351780477608,0.0200411849915544,0.00233281089472309,0.00547624615739432,0.00785463019408628,0.00618264694331124,0.00120145335000909,0.00434247740782025,0.00494557240193708,0.017829525298244
0.000923222908886052,0.022851765771933,0.00080303324843085,0.000677062752869775,0,0.00138564168138364,0.00253187099936342,0.00647837095989522,0,0.363393223097673,0.00270178502705358,1.09996673946413,1.29124516041979,0.00875691108111049,1.44803567270312,0,0.0101918800924755,0.00831049820518293,0.0175408274724095,0.140522490108873,0.15646446087695,0.0559206369676359,0.237165215014675,0.0090552846656974,0.000250403380192762,0.00222868403310266,0.00144853732438992,0.000333889202195709,0.00239900510183594,0.0301055673757207,0.0134791591620477,0.00240974226439951,0.0057737330842407,0.015134694638949,0.0584676075199196,0.0573352653996259,0.00319752749176582,0.534065357945755,1.70634942480735,0.0378728419810529,0,0.00394586037584443,0.0448601350887161,0.0153875961774586,0.0657863845812237,0.0793411167909887,0.000860526062682367,0.00672345116060876,0.000737765236287632,0.00121646773997354,0.00012098218001752,0,0,0.00041728098331931,0.000408112543997696,0.00120880837783553,0.000335858551902428,0.000322785507324262,0,0.00273329396093252,0.00218199925591511,0,0.00159419622511585,0.00162549402817379,0.000525027408326398,0.000456902349593783,0.000201396971927545,0.0018064381803035,0.000726524223338201,0.000438039032203494,0.00137296683285787,0.00154716750331658,0,0.00151334626548042,0.000952556840082698,0,0.000615914522005448,0.00752850036054385,0.00299353829222132,0.00232895986174802,0.00124600950196993,0.00909230310875739,0.0117022186404177,0.0102363357419436,0.00102147964351668,0.00121105996890947,0.00386787885346699,0.00224108625294772,0,0.000894534050256622,0.0006383626658516,0.000925077306573166,0,0.000229021926955564,0,0.00124393683425477
0.00783971988014307,0.23773591554432,0.21925076329666,0.111159645321074,0.00425302536518232,0.00634234931046549,2.84226523584356,0.0025803283894134,0.000387658319235928,0.035176853637201,9.45109101899476e-05,0.0272907113228991,0.183875974837848,0.00141595586999818,0.00506549697775519,0.0101918800924755,0,2.41607849481706,1.75179954105749,1.04708142164865,0.896665344316051,0.372322301069373,0.112445500078887,0.0136090324916426,0.000621254759201923,0.397542442747616,0.00340339772276255,0.00965446595362188,0.0621856382068323,0.559196466805412,0.88143102237176,0.00813829673357364,0.00818410288543013,0.0183041118261633,0.0623434805745103,0.0702465246758876,0.00216764460177606,0.0124125323849144,0.0393550200560395,0.0136033952057779,0.00384527628001471,0.224563700008601,0.869552774753897,0.0110677689766377,0.0823224598964404,0.123481121571683,0.0150500055129612,0.0160266979295656,0.00277485568621161,0.0133866149226452,0.0169825496422565,0.00442448252253055,0.000191040607452703,0.00164409811568678,0.508313928881894,0.00132797359957851,0.000713879236534161,0.014947736114694,0.000298544950894865,0.00939403023861656,0.0118523645015536,0.00017643214758999,0.00688052869178818,0.00316118042974908,0.580007823428774,0.190822725500778,0.0571094912853108,0.0655502741408368,0.0299914132409091,0.0415645360991908,0.00153697301480254,0.00581739023094776,0.000101051106943543,0.141829991344427,0.00241298518479032,0.00256500243495388,0.0230513195976422,0.391521813678864,0.380527567686234,0.00149076051071815,0.00155376550991352,0.0105969744760403,0.0379877876562762,0.0198322738848926,0.000437253031287536,0.00657613318522138,0.00831753606401185,0.00246478295497506,0.000349935697157254,0.0112747013131623,0.033367319757647,0.00187062270228901,0.00390036668308114,0.0244231205807411,0.00345930019449027,0.00274062687646569
0.00262101797359928,0.0903627113281306,0.0514657016976272,0.0146449897885455,0.00222258178593623,0.00329531767603563,0.480437581972471,0.00314197642841816,0,0.0270646577501124,0,0.0178606133249368,0.10919917784697,0.00163411073208727,0.00485643040762616,0.00831049820518293,2.41607849481706,0,0.288759209236696,0.323040070489561,0.440654053752659,0.309045639999106,0.0856069847236399,0.0192848639413799,0.000715446538693178,0.0999535291306145,0.00105080920786002,0.00456407538518926,0.023060790713337,0.373613238677005,0.515331328273119,0.0078622458437633,0.00200160097545419,0.00951028605548029,0.0532556616470358,0.0846551063294311,0.000791721573747989,0.0133045314481273,0.0505467094558377,0.0206111246573121,0.00160841919022549,0.0877151595438473,0.273549623227924,0.00392837715121027,0.0480500360499249,0.0773737655271184,0.0186583572251284,0.0130281627673203,0.00128596121170823,0.00592465866808457,0.00430681792848157,0.00161591644851921,0.000519843067569047,0,0.122851317448941,0,0,0.00803701002355142,0.000292727393425427,0.00336756882063518,0.00768402044233763,0.000446214484247427,0.00415249214441132,0.00333742467570775,0.218893167733553,0.084960126287929,0.0164973763341232,0.025724769799267,0.0117981817228921,0.0202336326190514,0.00104509240087864,0.00361527320126947,0,0.0417444509911314,0,0.00208235582385253,0.00931061525500698,0.175096562340762,0.176889962926408,0.00144187523452022,0.00114720609940877,0.0093140258143931,0.0215564624012485,0.0166392877936633,0,0.002964636070223,0.00509712377063594,0.000526241121943551,0.000250078631371772,0.00201015098467559,0.0170506855658747,0.000563672124188477,0,0.0110002034346115,0.00146956361824443,0.0010807995298601
0.00035415508052525,0.125595313611629,0.0113375741399454,0.00698263217904925,0.00513077105627232,0.00266518821570225,0.327623355730218,0.000370380586479609,0,0.0410575623327231,0,0.0212535953119859,0.3788206847855,0.00184456068661151,0.00702340450198124,0.0175408274724095,1.75179954105749,0.288759209236696,0,3.15050226087678,2.21275961196636,0.224698497358991,0.154603014983427,0.00462220530599226,0,0.0170741398397427,0.000460484165911546,0.000699512351522429,0.00290504786915736,0.0884019170204402,0.0423488483667571,0,0.00202717458521381,0.00400688033876569,0.0457507151321587,0.0363151323242027,0.000678119822337564,0.00519232455394735,0.042040568788193,0.00728389621997869,0.0040317891022659,0.156974066104732,2.2637004883922,0.00850532919453646,0.0777101673433942,0.185468258052259,0.00612748813913894,0.00394899780316724,0,0.0022956737514715,0.0010733510595256,0.000339729387514691,0,0,0.00876695557035867,0.000119511643770849,0,0,0,0,0.000461373662141083,0,0.000336377619453428,0.00103529129323794,0.0126508336960677,0.00377160991050021,0.00234968798456755,0.00299983838327981,0.000779703747967417,0.00142347416063839,0,0.000554210994666147,0,0.00507205021430888,0,0.000358869206907093,0.00162224434376478,0.0247901182058264,0.00986975943784929,0.000864500839100044,0,0.00101020829807684,0.000612051511143043,0.00348849845662889,0,0.000746293579203659,0.00040061012289835,0.000444614762851823,0,0.000845141404636488,0.000698488103738074,0,0,0.00195548210395241,0,0.000237041466432171
0.00214818087100462,0.257780532014925,0.0130445722959152,0.00467372698874541,0.00563217377424235,0.0048551320122108,0.212735033681344,0.00318532660251122,0.000590909822556173,0.323971320263097,0.00100217722262722,0.389373512803966,1.88949843566486,0.000702818654894233,0.116735024074539,0.140522490108873,1.04708142164865,0.323040070489561,3.15050226087678,0,4.72474108142487,0.784965318068765,0.547550508352546,0.01367366598187,0.000171632210470653,0.0173479932132739,0.000151448748754959,0.00213482608219226,0.00884494029914786,0.194874502450656,0.111793765859197,0.00886530511061698,0.00840270779696355,0.016115458342226,0.145865806348776,0.156733956060808,0.00193678532597267,0.0446707032484749,0.206535555567385,0.0479170151891375,0.00564312955126325,0.235258287038124,1.71609494231669,0.0320374393721038,0.263145298990945,0.537751667227667,0.021420978493239,0.0111224873654752,0.000482753796682027,0.00163384760387316,0.000608994080778157,0.000627082394434781,0,0,0.0141220857668293,0.000288996659864132,0,0.00160796446209648,0,0.00149657838712501,0.00216079964185049,0,0.001456171182133,0.00225357933089913,0.010931400750767,0.0078799520288012,0.00236439953421355,0.00396538811072583,0.001460631191995,0.00171614840521273,0.000968014736716094,0.000333580397580524,0,0.00520414715825977,0,0,0.00407165075280479,0.0358316350884322,0.015584708826395,0.00242909796789709,0,0.00240997608537435,0.00567068866966066,0.0110804718795925,0,0.00196101555387671,0.00289360463223431,0.00127807127582643,0,0.00074490577277501,0.00264267115029828,0.000499582979523353,0.000493419263549261,0.00116005186734856,0.00026541810543744,0.00141731628959144
0.00266904519888951,0.182030737747258,0.0175839025033734,0.00784161336361805,0.00340264132040893,0.00431719718913579,0.200178930542932,0.00362443445822196,0,0.305879394081084,0,0.298785738730996,2.83266641034317,0.00519527897055917,0.0872133742289857,0.15646446087695,0.896665344316051,0.440654053752659,2.21275961196636,4.72474108142487,0,2.34300591316532,1.15849110517536,0.0393582302368583,0.0007006538992653,0.0244606555675398,0.00109034825766598,0.000657488907071013,0.0106134435452289,0.278799213665847,0.206429626574156,0.0278524571580576,0.00628324160185793,0.017792361924334,0.181604524123624,0.214147804522405,0.00382706987499289,0.0397756026984573,0.270772397712194,0.0741222863018712,0.00317788792793024,0.182862722085342,1.5890886058004,0.0270627092863661,0.175251723791868,0.415796358019757,0.0408381947333464,0.0362329386022828,0.000798355556583272,0.0034087914350736,0.000883571888980417,8.27161284492339e-05,0,0,0.0156664166322373,0.000516278231735126,0,0.00280173687824289,0,0.000844392967068381,0.00387772631451771,0.000349500357437194,0.00231547675668866,0.00257544605040454,0.0186227037232414,0.00620526615237763,0.00176708389468112,0.00624500431363477,0.00236399009565566,0.00309703648235895,0.00151527580582659,0.00422886529698154,0,0.0077839257357395,0.00127499227639013,0.000272297122795879,0.00296868750247566,0.049859334213233,0.0231313657467428,0.000607831564842804,0.000287869057871733,0.00352726372719607,0.0086893466948525,0.0173821728904881,0.000633075756793007,0.00300642851290102,0.00492739817184124,0.00259917718974415,0.00105963729276434,0.00280541649716389,0.00455424585333621,0.000816427394328325,0,0.00361541924575927,0.00227023031369223,0.00308976826933434
0.0046010971945654,0.0560466166980917,0.0259713103070628,0.00994333537151276,0.00269869291670864,0.00160463903145685,0.115971662444896,0.00348577412013847,0,0.0682292170496691,0.000603409379427128,0.0749385295945098,0.909612623931346,0.00183461637004995,0.0314896553270971,0.0559206369676359,0.372322301069373,0.309045639999106,0.224698497358991,0.784965318068765,2.34300591316532,0,2.33566433554624,0.580573530873312,0.000382292678765841,0.0362175751416532,0.00189336014590326,0.00397862964820907,0.0226486787905855,0.27088390835046,0.944846414368063,0.609197092317401,0.00341434215124744,0.017450790768775,0.0847725138700499,0.405112006803937,0.00139283762656671,0.0344232462109373,0.192683120115309,0.262115702455002,0.00134255506253253,0.0407122807848921,0.279754294480151,0.00771660014256324,0.0403114291304737,0.0972592441739017,0.116426028119408,1.08957332773133,0.00272210834479311,0.00522753382677383,0.00731915844140281,0.0035597849884139,6.93289406404314e-05,0.000500278633432678,0.0452897417071818,0.00107394652782455,0.000266025867912169,0.00381343336581284,0.000512445780356795,0.00292489806545286,0.00746702557503052,0.000573426297308907,0.00283929940664995,0.00395027062342641,0.103311464357436,0.0793760238861362,0.0106845472941769,0.025742472736066,0.0183562540596328,0.191385609250112,0.00826939506549601,0.027906486302512,0,0.0143822648404046,0.00105957592784748,0.00135613823658643,0.0112247287597999,0.0909111299914802,0.310000910710528,0.0774297709881827,0.00124199549719798,0.00601081742845965,0.00934610579298197,0.0424659173599061,0.000352967252480272,0.0022985498003219,0.00645464567022178,0.00703330511692036,0.000103818056790134,0.00383549106730593,0.00639037145233395,0.000964178430569299,0.000792531953462661,0.00486604498150382,0.00589783062187484,0.0506400159132933
0.00266597657368254,0.0741503960691689,0.00677892033099554,0.00267160297816663,0.00207655020856317,0.000559295447345043,0.0340447971642959,0.0043071095542926,0.000450000683199864,0.188965034493879,0.00229067954855566,0.254719549338538,1.50800926315745,0.00268881277514315,0.146650066657104,0.237165215014675,0.112445500078887,0.0856069847236399,0.154603014983427,0.547550508352546,1.15849110517536,2.33566433554624,0,1.11403390548126,0.00136777204180974,0.00926947693881242,0.00223576134955594,0.000803654364633722,0.00753299519848762,0.150144365146775,0.306506495692531,0.409107956941984,0.00718635848323667,0.0250454476576747,0.108096736556774,1.13369597052778,0.00724472764973356,0.0960861156755529,0.709303554529482,3.51983149776639,0.00063866830662402,0.0446290105477093,0.213594220021063,0.0151359638214559,0.081459672893342,0.139956598554991,0.115113403096309,2.08703884001314,0.00273209961505424,0.00561718348420406,0.00199526540710595,0.00175429471526779,0.000411828902524791,0.000815980215326364,0.0119830301658367,0.00350748727170747,0.00123061468995636,0.00790158486533658,0.00148946364672124,0.00815401843871538,0.0155370028101569,0.00129977777902968,0.00681725264698067,0.0212956122828447,0.0228003797517204,0.0163762356926699,0.00843420969196757,0.0247956155783875,0.023393679369402,0.0380093002223032,0.0331500110990092,0.037022468105494,0.000272495665528838,0.00806975011811752,0.00144592177444204,0.000726731334609791,0.00587634095567639,0.0503133516065446,0.0870581162039034,0.0251271464466973,0.00154929324134771,0.0143721292991962,0.0155638243565396,0.1377486615803,0.00326387582180894,0.00795632268852232,0.0267894072789438,0.063299777442368,0.000298825045940278,0.00487908685289498,0.00781846450856267,0.000874521080976586,0.00133707155473298,0.00487765867613299,0.00722633908889946,0.0521197986498719
