0,0.339453572826513,1.9925691083719,2.00610511814349,1.89185660229435,0.516966235234911,0.108967293997172,0.203698795609396,0.0140151334295312,0.00864482743132934,0.0118956228771848,0.0154567096004038,0.00856828506266732,0.0378695650185506,0.0102016080022508,0.00231534689777275,0.0310627408131823,0.00491214117738485,0.0111967223509661,0.0170116339139495,0.00864329296832541,0.00761293109015151,0.00704154696898143,0.00306093156841236,1.09395477577813,0.100722872375116,0.989773326132935,3.56315127069334,1.43181297534657,0.133183774421455,0.0250556352370126,0.00169507786192182,1.82226145643919,0.41969139863122,0.0791335249089173,0.0301203964063586,0.029953525011431,0.0269117920286558,0.00585557309001991,0.00949835682298408,0.352439426674966,0.0511900412928113,0.014577264787812,0.013229715512631,0.00371434148092615,0.0144203377528423,0.00245915834042311,0.00771636433576788,1.89635998192491,0.0659834937526017,0.812056889293065,0.0463586185548835,0.0306912899373181,0.00751949412077235,0.0397291768163911,0.0315213771219541,0.00413057413286608,0.00170354578780913,0.00368053795499444,0.00328812851895375,0.000294049370618055,0.00905250038827709,0.00321723549041553,0.000711574432640174,0.0107926845783742,0.00297317078835813,0.00296608176745527,0.000908410995247881,0.00173119249354986,0.00387237438220931,0.00259206330220377,0.00295273160657084,0.90979471377853,0.0503163953588083,0.820576627361001,1.32143766209572,0.711599141053372,0.0635536785988237,0.0174816821786625,0.00172915903408706,0.259129768751422,0.0715154176760825,0.0195723020075658,0.0100908884829642,0.0126948052799136,0.00699372232094528,0.00200319707093769,0.00447056422410552,0.0115606199806692,0.00628177940155157,0.00372014223294346,0.00316067119899444,0.000699204536246285,0.00435871283996905,0.000239769771947537,0.00261126658092279
0.339453572826513,0,0.271125283037392,0.521495779826299,0.339851488508496,0.406043934484509,0.277540053141259,3.64091375070189,1.84371627272794,1.28805466026215,1.32060977272197,2.04203419151979,0.126414487582285,2.68392464758118,0.645592221645167,0.0264477869234482,0.306462430856271,0.0355706887533505,0.251878663783602,0.12291482842695,0.0702228373166086,0.0327269847034845,0.0208178895319603,0.0114392615415337,0.00712225016583534,0.0628681054651295,0.27848483124635,0.0645536301658103,0.0477882116270787,0.104321237677498,0.0176682074149738,0.00715409569680825,1.44870651720635,1.2427581853164,0.344636961444468,0.0585005835229497,0.42525169325361,0.77157575820174,0.029010617378457,0.0207787153414686,0.157037806159679,3.19794991524877,0.561137869435814,3.17876664883264,1.45385145962499,0.834198505531121,0.0105983701038621,0.0260363921903128,0.0153897557110288,0.0100964174682966,0.0470919951040245,0.00908965802118765,0.000442471504017536,0.00251241610448073,0.0181727186145482,0.00531401093608933,0,0.00405988662613812,0.00518538976846483,0.00249402723166672,0.00265092266225641,0.000553584463076809,0.00459418900539399,0.00341682211236819,0.0121906928524963,0.0052052409432001,0.00250082414550024,0.00481835234063909,0.00357554142474902,0.00675743758896943,0.00775823333203363,0.00753056679788683,0.00618566693608491,0.0115488453851041,0.0626403236106682,0.0229416516157545,0.0350879615520356,0.0250370879654494,0.017465560604839,0,0.0169940761977966,0.0172152158018719,0.0266628547399251,0.0145686306772713,0.00440362209584991,0.00891725457282921,0.00620117368573519,0.00897468921723803,0,0,0.00134614534698183,0,0,0.00280343874455542,0.00300069713045592,0.00837243802415545
1.9925691083719,0.271125283037392,0,2.71674559727454,0.122826258471439,0.152995497283527,2.33668181035155,0.0739813633951257,0.0164983697728019,0.0121912085206524,0.00952654195476426,0.0328930995770342,0.0155707302943781,0.0345237512626332,0.0216444832262869,0.00817181099439346,0.300564318657457,0.0330267879514203,0.014702207922277,0.0197730409652277,0.0167769826762398,0.019869723333203,0.0122936052148418,0.00948652597497035,0.169536167400812,6.29323632309714,0.578534380934885,5.23688068563559,2.79015846273151,0.687313297035294,0.171540181299495,0.00857394037272399,0.179357256360373,0.279777432729157,0.193900291205291,0.0500641372890815,0.0319901266635195,0.0439452932225363,0.0197961317523406,0.011451928801424,0.0588274709960632,0.0912026276746506,0.0294856634309378,0.0158071011708773,0.0107162238677852,0.0223002668432122,0.00474748132628628,0.0111072330607804,0.397721938200904,0.0590999323559559,3.33920522688063,0.076904427130786,0.0144798321915292,0.0107655550429764,0.469555877569046,0.0163732407507068,0.00404778160811986,0.00794112414083376,0.0034542633155511,0.00561317219951194,0.00357964697185983,0.00908355448704852,0.00785226227274631,0.0016808202982889,0.123385075947439,0.0199737278387485,0.0142323528467012,0.0104068562853833,0.00749904981909011,0.0143562994924654,0.00443228688927543,0.0109260235040613,0.154530025325453,1.03406287930078,0.542897712645291,2.00477168646523,2.04108615669981,0.478424899759194,0.114606632888946,0.00839452717895213,0.0953032338289726,0.0920621735489743,0.0849458118564734,0.0343900775502597,0.00851944358640833,0.0205793823151899,0.00244683664726315,0.00762097051386037,0.00561575998280472,0.0075419829059465,0.0109661771580551,0.0104069651905574,0.000760923032819244,0.0105077192664276,0.000817330050540688,0.00617995803749605
2.00610511814349,0.521495779826299,2.71674559727454,0,2.09142743615483,2.9023688759522,1.76560976993817,0.233650027342946,0.0386776282861822,0.027872878381154,0.0453724679371602,0.0612073449552151,0.0183695860358465,0.113628276491234,0.0345749481448561,0.00776003100410118,0.150908922742526,0.0119621058804325,0.0421349180987114,0.0513756882230676,0.0283793057004924,0.0153651455379126,0.015663634913412,0.00603065409739756,0.0032636183347283,0.143325753038558,0.14076113851319,0.0543793127339261,0.0584457262559221,0.0818779934609747,0.0129136256190617,0.00178226741108263,0.282945028120377,0.658621039188781,0.267362249347948,0.0704256582677593,0.0817702685023224,0.077242121056871,0.0153015349940492,0.0203208158155202,0.326254097848329,0.268367728143235,0.0506693105278829,0.0474920079953651,0.0266376965146247,0.0291829330443586,0.008164545999609,0.0107690149414729,0.0121809394451701,0.00552798285583079,0.0755017865300077,0.0112510586229751,0.00207163827253606,0,0.0283687384970687,0.00356291217575755,0.000676086780350492,0.0012902180459564,0,0.00166249402461728,0.00029170853432447,0,0.00197460492206703,0,0.00968646991600969,0.00239694446118668,0.00317043245839981,0.00170448072232363,0,0.00310383549429528,0.00423386467039177,0.0055186033038669,0.00337062098761751,0.04108323328312,0.0299749301878748,0.036761011523177,0.0541408435165228,0.0359403209180195,0.00620040305314697,0.000401787039627899,0.0079126603984519,0.0199322348680324,0.0156746944784383,0.0222002004904813,0.00134748997765476,0.00860805788965227,0.00833253023431547,0.00556498412679227,0.00131471766685598,0.000987658327275296,0.00311171452341774,0.000350573777816648,0,0.00182100842579672,0.00025521089077446,0.0054992293198365
1.89185660229435,0.339851488508496,0.122826258471439,2.09142743615483,0,7.77777469503722,0.130708660638858,0.839994913849152,0.109938496004319,0.00510446351809787,0.025415245186086,0.0262509402402054,0.0055596085779054,0.0532472592283469,0.00436716830861227,0,0.0343084706334949,0.00506511948983521,0.0381140149180352,0.0501247924008906,0.0219248310679558,0.00291991136060985,0.00469190612499663,0.00388949780355206,0.00361921604781252,0.0139285058020394,0.123008257769181,0.0353913994174813,0.0104031700421639,0.0155678160432283,0.000881344730380446,0,2.30739037931211,0.242147106259801,0.0891837872192366,0.0112549561134972,0.0412926026628711,0.0220609764288708,0.00468232061281593,0.00102323490021044,4.51404228186016,0.192119094972135,0.0362322534152796,0.0527720392969127,0.00174993846843652,0.0227695787632122,0,0.00270135443602604,0.0101092425673003,0.00625626564047406,0.0153702362771576,0.00155335757341184,0,0,0.000792984660108898,0.00173483851879609,0,0.00299420143783136,0.00124220215472956,0,0,0.000811737368651318,0,0,0.000498202539746702,0,0.00119177409218325,0,0.000592743831089704,0.00110782720530289,0.00117704014722109,0.00168952406639505,0.00229888018976031,0.00482844903017658,0.0466887092280136,0.0136579537709563,0.00924489568877546,0.000858808915797954,0.000800962130183394,0,0.00312095578598229,0.00130750974363714,0.00191165942067173,0.00414143610747111,0.00576063098216817,0,0,0.0074918667244534,0.00200580240070336,0,0,0,0,0.00168065259998509,0,0
0.516966235234911,0.406043934484509,0.152995497283527,2.9023688759522,7.77777469503722,0,0.937917955558966,0.665810378426831,0.172805998020714,0.0305182597055353,0.0750523285782078,0.0506204138003587,0.0185134800292005,0.148044081809167,0.0274677667838882,0.00724508270190033,0.11533673802256,0.0167703775531622,0.0950796153573258,0.0820515326525982,0.0339415195177228,0.00660050800569773,0.00824875459037638,0.00198659874584148,0.00461571395958955,0.0235880315000615,0.0758758243165745,0.0260369084838469,0.00673026667346074,0.0216007523332517,0.00143905350684962,0,1.00011896365543,0.306649936178918,0.108818061816837,0.0190963667700105,0.058298304212901,0.0740382011752472,0.00732905377046209,0.00624809747391146,3.31205744060251,0.339121290617757,0.063595550128917,0.052531798830717,0.0299687753523266,0.0364320747439672,0.00405016335681709,0.0068224364072328,0.00335857566032279,0.00226913459052499,0.0228610017994438,0.00189058673672475,0,0,0.00263851668256307,0.000864453123920104,0,0,0,0,0,0,0,0,0.00195095512933749,0,0,0.000777916749897939,0,0,0.000974154236039713,0.004302653606471,0,0.0148604931382651,0.0282085953347049,0.0119841278831302,0.01008955092521,0.00362831882115269,0,0.00309594643254578,0.00632795928361549,0.00468234284946162,0.0127013797355295,0.00609258686461538,0.00296278821348894,0.00243340135290493,0.00258556211406741,0,0,0.00164401879924014,0,0,0,0,0.00232579537021418,0.00366681962280185
0.108967293997172,0.277540053141259,2.33668181035155,1.76560976993817,0.130708660638858,0.937917955558966,0,0.233502202188971,0.135106825590474,0.0971964326669475,0.0467017766736169,0.165308204183828,0.0646935909259192,0.0907326643012564,0.0533473164398245,0.00882136988452886,5.69811008001176,0.40921294778087,0.40494274771381,0.245516440334577,0.0872700829272186,0.144005771660947,0.0168091131097151,0.0400589738683922,0.0320172368871258,3.5534230691522,0.106550857119352,0.263705078904621,0.756415602580842,2.54729816321343,1.31244741184096,0.0381244478548027,0.0956544834253193,0.220161266602043,0.196353197638038,0.0934696920729099,0.0400327832156283,0.0901190495904566,0.0304655155249197,0.0136082535968782,0.0320033564556559,0.387415652531936,0.152260857853711,0.0941404002079752,0.0334658331865338,0.0836998989276087,0.0307874016146644,0.0171979372368972,0.0229130202124639,0.0181221332599339,0.357858548059969,0.0185400734610992,0.00147085175698858,0.00273293771042079,1.47173656178118,0.0047755601615982,0.00211024988843459,0.0219266214366646,0.00104640099366731,0.0122746072243616,0.0108815988712305,0.000894264436365866,0.0135912202409035,0.00776972149456948,0.86940393413327,0.0820324382608301,0.0235421979025302,0.0292731010021953,0.0309417368915139,0.106541600873505,0.0070099713916512,0.0367286254759163,0.02334581940454,0.419434371619662,0.074526812044979,0.126259413914359,0.568615877223319,1.27897303435542,0.701823030696221,0.0233935041786816,0.0173961010867303,0.0213906701904406,0.0755329904105508,0.0606526797265581,0.005258704893656,0.040611453612807,0.0082568626208208,0.007132659607883,0.000890952617351119,0.00512395105955777,0.0208131743681732,0.0028938029187706,0.00189412874815864,0.0192652262878736,0.0113950769116941,0.0147647877015136
0.203698795609396,3.64091375070189,0.0739813633951257,0.233650027342946,0.839994913849152,0.665810378426831,0.233502202188971,0,1.02704947047855,0.334330380717019,1.24557435292042,0.721448077032289,0.0759568008350227,3.84029970312472,0.392170390242219,0.0251710350218861,0.136233483400515,0.0174028249668053,0.0973749016986952,0.091926374260874,0.047646038975281,0.0415193863850473,0.0203314198481641,0.0104802525371094,0.0180821889925457,0.0175896234875218,0.439048497453174,0.0326030852338261,0.0165545932375089,0.0561816419035082,0.0114264327185263,0.0101711409524063,3.35743357965616,2.42617136898691,0.185783028137154,0.0469415369839058,0.900468312327875,0.451625991199284,0.0219121650488298,0.0088301188136013,0.404465955092675,1.02643381584527,0.146407567086137,1.37228510117127,0.201169686560007,0.163793603354112,0.00514257890680371,0.0238072866772715,0.0222123943924202,0.00691950183515078,0.0222724119768021,0.00460458652327334,0.00504154861522189,0.000603607875920953,0.00447537980321914,0.0156728005159701,0,0,0.000474964291381295,0.000328230412751929,0.000385209012879403,0.00337197643496961,0.00145587458960445,0.00472472361707499,0.00257328489213142,0.00277870822790375,0.00310758841003328,0.000872150831893598,0.00205896569923405,0.00562550540270534,0.00361580288698318,0.00601977378085875,0.0156112879489123,0.00162227789896914,0.0884885071002485,0.00902968301247475,0.00943090534181583,0.0166601976465913,0.00458155036641165,0.000781178870574252,0.0210269265054118,0.0312687553586323,0.015684972401053,0.0109499581348139,0.00728987894802832,0.0125914739355512,0.00137069310103629,0.00836283647120697,0.00115913589756329,0.00227585447792984,0.000295347294895807,0.00159609832295926,0.00104062745147782,0.000754893903052795,0.000507805934580954,0.00752365464670592
0.0140151334295312,1.84371627272794,0.0164983697728019,0.0386776282861822,0.109938496004319,0.172805998020714,0.135106825590474,1.02704947047855,0,1.29544609430016,1.71587816614161,2.05173078520935,0.0473645972590028,2.03981853776357,0.328344614365176,0.0112352384166165,0.191922401948222,0.00560502951183428,0.176869051761538,0.0227018900815628,0.0114087974611792,0.00514152864578216,0.00585310154194003,0,0,0,0.0228826688627531,0,0.00112646913718852,0.00621734768115445,0,0.00175149294624227,0.194803946490036,0.26278530051691,0.0376285173270704,0.00764766621562558,0.312917436831908,0.317755430160579,0.0081901825410529,0.00518392253704539,0.0969518060937239,2.41873025377711,0.395080072827263,2.60917197866157,1.10740446712539,0.921091726309045,0.00653751538482303,0.00326821736615841,0.00103346041351632,0,0.00258794771271587,0,0,0,0.000661319246411744,0,0,0.00325984775685191,0,0,0.00083319844615215,0,0,0,0.000254374806829133,0,0,0,0,0.000546493406941049,0,0,0,0,0.00322674212719186,0.00157706927567295,0.0013571573511133,0.00425205140768475,0,0,0.000974425593961575,0.00312148441029689,0,0.000620452291427653,0,0.00335054680314743,0,0,0,0,0,0,0.00369099221954869,0,0,0.00156693175126552
0.00864482743132934,1.28805466026215,0.0121912085206524,0.027872878381154,0.00510446351809787,0.0305182597055353,0.0971964326669475,0.334330380717019,1.29544609430016,0,0.59252521321718,5.36623846714327,3.085231271425,0.701222687374577,1.19377131573936,0.266141466910089,0.623096329026743,0.0127777649400171,1.63090771142628,1.73255669444112,0.391494439862717,0.0369924908000325,0.0177216758543094,0.00263570068257182,0,0.000787796160506428,0.00906952992606752,0.00405248307857563,0.000896954864623857,0.0059608203328985,0.00621128227056321,0.00176951491018332,0.0783156078527431,0.191344334348241,0.0576516314218899,0.00689261529872535,0.0989680979530427,0.335974635814508,0.0104755803515699,0.00180113694233464,0.017751131633547,2.27699906880618,1.86911581421152,1.51072917967102,1.27661957171379,4.82484893895323,0.00345238923396916,0.0103563726525356,0,0.0004848284119012,0.00228743393754391,0,0,0,0.0035182869151464,0,0,0.00650869551351997,0,0,0.0016046423242795,0,0.00198973039333239,0,0.00358980973857231,0.000956599273149065,0.000671865301060115,0.000540839399000605,0.0054161212655571,0.000202766042285155,0,0,0,0,0.00349466224106136,0,0.000833261341520591,0.00521730577463453,0.00148970544652784,0.000824070095059373,0.000841543789523568,0.00440377665331806,0.000706126868785011,0.00197792885424302,0,0.00266668147221635,0,0.00233708345532827,0,0,0,0,0.0025516096329741,0.00184144305081496,0,0.000973690514926608
0.0118956228771848,1.32060977272197,0.00952654195476426,0.0453724679371602,0.025415245186086,0.0750523285782078,0.0467017766736169,1.24557435292042,1.71587816614161,0.59252521321718,0,1.57638356397461,0.0330105508393822,3.20580446669484,0.521279833031731,0.0103759330274985,0.0762779896865662,0.012241534557429,0.0860740331520392,0.0466131969333253,0.0268605731580272,0.00703627304329725,0.00270546236411305,0.00332155376159508,0,0.0021635545771348,0.0209633987370538,0,0,0.00724373700835432,0.00100413763333584,0.0046991502431756,0.193969704801893,0.242247360123602,0.0550251149942154,0.00532658336411724,0.285678633682581,0.442504638185014,0.000678269450504587,0.0035292204465987,0.0287763113160186,1.09579979719534,0.224936424992065,1.44057601299657,0.502943573988327,0.398685595260217,0.0024230484302844,0.00306146665072943,0.000936663377205167,0.000557174260970697,0.00178854155544136,0,0,0,0.00163976033588464,0,0,0,0,0,0,0,0.00133229605766769,0,0,0,0,0.00141295953626963,0,0.00100758533292547,0,0,0,0,0.00115307682078299,0.00291624493454382,0,0.00114052231431656,0.000488973770614843,0,0.000737607386557107,0.00293196333175531,0.00464242285102962,0,0,0,0,0,0,0,0,0,0.00178292993345319,0,0,0
0.0154567096004038,2.04203419151979,0.0328930995770342,0.0612073449552151,0.0262509402402054,0.0506204138003587,0.165308204183828,0.721448077032289,2.05173078520935,5.36623846714327,1.57638356397461,0,3.32060159533287,2.00931844624692,4.66911783586218,0.519119718356635,0.495246369200828,0.0718613173845998,0.589978305365323,0.954736083791336,0.249742541792883,0.115039171214217,0.034155425075412,0.023634732855121,0.00246592813985488,0.0218402045412462,0.0311385824044696,0.00129824922334259,0.00412135432570626,0.0513527573452602,0.0344234816001728,0.0152160282743566,0.149798480664271,0.339077353902361,0.141583703290487,0.0375546888949676,0.152500250237128,0.768578525723158,0.0185859193825532,0.00841491332130055,0.0190535833003345,2.73627471564522,1.21362918378903,2.04999388628451,1.3343454127649,2.80929422339912,0.0196630794675609,0.0472407438771097,0.000914460179564199,0.00232538024681288,0.00679577620863735,0.0015985732497131,0,0,0.00830468388220421,0.000899849268345659,0,0.000535352714813031,0,0.0033956909165106,0.0011075256471117,0,0.000433226329018779,0.000724792331768954,0.0101363430278212,0.00375921809488275,0.00495782241638576,0.00210937185548699,0.00187813093507355,0.0127213815975877,0.00304424304842547,0.00339166230715128,0.00040598980795413,0.0022878279697628,0.00796945820506591,0.000752939910617062,0.00451760183010284,0.0168054623562806,0.0168797488505424,0.00400894398289531,0.00340272615257674,0.00299508615424858,0.0200868588958294,0.00844605560609836,0,0.00768198395939033,0.000635268070085699,0.000657584053027072,0,0.000389956850152424,0.0010230642235462,0.00250305376099459,0.00225884817950095,0.00572943117651121,0,0.00545418138673077
0.00856828506266732,0.126414487582285,0.0155707302943781,0.0183695860358465,0.0055596085779054,0.0185134800292005,0.0646935909259192,0.0759568008350227,0.0473645972590028,3.085231271425,0.0330105508393822,3.32060159533287,0,0.109950864158781,2.34259648655988,1.4927121469326,0.15442323371385,0.345215890654633,0.289235626514042,2.3493619540742,4.22516006491533,1.12746386195185,1.17057855738994,0.33279005227657,0.00140145203441897,0.00618219624954937,0.0182635251861039,0.00392595685619246,0.00152583868168029,0.350178201835204,0.506880504878163,0.142834413481708,0.0346752101100095,0.0976305088695952,0.150506881865998,0.383595414589396,0.0456365009553748,0.174339950226512,0.508451316682685,0.227549130286236,0.00795904104638352,0.106820013485788,0.399095266855984,0.0419688325291208,0.0385487018362147,1.21182664533699,0.260465829191695,0.183687342232312,0.00188509630758568,0.0018630521388046,0.00423160492054977,0.00186068251907708,0,0,0.00991592283656731,0.00183343294323247,0.000988419589506781,0.00111850636387016,0.000729486259690972,0.00324847621579349,0.00538580488555061,0.00375857153592446,0.0101829103938687,0.00722217397571814,0.0213685345856679,0.0258173854902164,0.00280946224112322,0.0173154662180299,0.0209609574004072,0.0739948977727136,0.0104995049687055,0.0505948043094423,0.00117233327084537,0.00240102580213828,0.00463280583692549,0.00106096758863539,0.00233641404763536,0.0772064084489954,0.10719036680823,0.0324496341485453,0,0.00823396967763685,0.032965056183583,0.043836201897167,0.00115068524550857,0.0234650355661123,0.0210973339412827,0.0128767825860764,0,0.000422477783513762,0.00656843007166544,0,0,0.00189372959401025,0.0124005052610674,0.03826084620169
0.0378695650185506,2.68392464758118,0.0345237512626332,0.113628276491234,0.0532472592283469,0.148044081809167,0.0907326643012564,3.84029970312472,2.03981853776357,0.701222687374577,3.20580446669484,2.00931844624692,0.109950864158781,0,2.27449017802671,0.0368134908012007,0.112106255840664,0.0273291852594294,0.128524269517113,0.0888450653253389,0.0691317794569007,0.048173993288598,0.0149717671908356,0.0251102939320116,0.0073150051624018,0.00925587680093764,0.0687705373557276,0.010971388637559,0.00852608508799226,0.0281687158236698,0.00647087892984016,0.0168072348376483,0.993557184042723,1.01483797603259,0.248334323941643,0.0231990245961496,1.62841769092786,1.60690977079691,0.0343596649041175,0.00791959874416418,0.0863550126497329,1.41122751154401,0.389326219676362,2.56325457649554,0.762993639805624,0.421578643931589,0.016275814446492,0.0343434776097738,0.00346032008748305,0.00230130936608067,0.00669501123952948,0.00096415166384714,0,0,0.00370438613537582,0.00501837478370154,0,0.0061743067311739,0,0.00252408400356417,0.00388790776669657,0,0.00310023392846345,0.00130700881096257,0.00188711777342648,0.00593111330386498,0,0,0,0.00238814140227883,0.00187905540921275,0.00341436704749815,0,0,0.0154366208921711,0.00231999756476786,0.00237794970149954,0.00754043811950603,0.00471876841226655,0.0034813522563682,0.00395864487175823,0.00405309801115227,0.00509209181629044,0.00275749222863819,0,0.00663812102660329,0.00585617098199276,0.00263847196816881,0,0,0.00104159116090206,0,0,0,0.00257210195360444,0.00458132966539309
0.0102016080022508,0.645592221645167,0.0216444832262869,0.0345749481448561,0.00436716830861227,0.0274677667838882,0.0533473164398245,0.392170390242219,0.328344614365176,1.19377131573936,0.521279833031731,4.66911783586218,2.34259648655988,2.27449017802671,0,0.908060610226361,0.0937030782011483,0.0610760799364748,0.131454921836778,0.363242727845887,0.140349164683918,0.125874835380922,0.068367483000896,0.0539420467430733,0,0.0135205509715323,0.0252271209173534,0.00543786515747397,0.00475543845215669,0.0595618513431494,0.0383099873521754,0.0292997820485136,0.0954461456659946,0.254142123277643,0.187811155282472,0.0640519437990097,0.136967399036309,0.659360485638474,0.125762817246916,0.0306056139420832,0.0106981518819846,0.339964958658542,0.326600817680079,0.521404801443315,0.241164834778381,0.617109004626797,0.0445344812709531,0.0985458189251973,0.00137701400842635,0.0019430767794747,0.00449211208671457,0.000402360082641962,0.000667883545280371,0,0.00847825065323088,0,0,0.00277060227451886,0,0.00730995333618902,0.00448337062372801,0.0023002395599418,0.00335778230636616,0.00395760441139259,0.00771999468423418,0.0134710988444272,0.000702952140730073,0.00288884867516891,0.00494678589319716,0.017571826674638,0.00522591154119664,0.0111426317311907,0.00253543610281796,0.00162830156238226,0.00472599337075923,0.00189916928753456,0.00136134086464139,0.026732745401175,0.0233559566863231,0.0177918345731622,0.00281517243578161,0.00875142395769921,0.0171418552692823,0.0144987371467015,0.00099662414200033,0.0181782572761988,0.00852407415110122,0.0029854671565319,0,0.00210219968765113,0.000908838499215497,0,0.00398184248164185,0,0.013293331090634,0.0143566571810202
0.00231534689777275,0.0264477869234482,0.00817181099439346,0.00776003100410118,0,0.00724508270190033,0.00882136988452886,0.0251710350218861,0.0112352384166165,0.266141466910089,0.0103759330274985,0.519119718356635,1.4927121469326,0.0368134908012007,0.908060610226361,0,0.0271754341916297,0.0368627212055269,0.0587613236128,0.165724805430068,0.211179721000448,0.315672895520644,3.01779454388398,0.394182141215673,0,0.0035340704634437,0.0108681863640133,0.00129340368936312,0.00103600466308511,0.131624481006788,0.0865069062919411,0.102293304840128,0.00947385517786792,0.0480577037827276,0.109964423203379,0.366738409007912,0.0193122055815142,0.316249797930427,4.63891083678229,0.561612631382758,0.00320430072502059,0.0299871402464507,0.112891052969648,0.0161587677517325,0.018491587863348,0.141805950496563,0.184495932768454,0.352399262653513,0.000519722792831551,0.00037611022807545,0.00349137686546411,0.00153831741003592,0,0,0.00278686322867795,0.0024445818637793,0,0.00123902671541096,0,0.000997493747061633,0.00447037368148644,0,0.00537866672699035,0.00790918445728761,0.00259976085159553,0.00342378046186748,0.00297110288617272,0.00801519444390999,0.00859753807025873,0.0191680760509219,0.0136286722436384,0.0586080213653631,0,0.00233428651952927,0.00177491622329981,0,0.000635930904541147,0.0378343777518492,0.0353508946085632,0.0172673381817972,0,0.007755957017404,0.0275816425717428,0.0460904819274277,0.00199590441869102,0.00726021909454297,0.00748748397902099,0.0217352089463586,0,0.000501475982263001,0.00238360423358102,0,0,0,0.00622946947549533,0.046227106255796
0.0310627408131823,0.306462430856271,0.300564318657457,0.150908922742526,0.0343084706334949,0.11533673802256,5.69811008001176,0.136233483400515,0.191922401948222,0.623096329026743,0.0762779896865662,0.495246369200828,0.15442323371385,0.112106255840664,0.0937030782011483,0.0271754341916297,0,3.7854427168279,4.1346069983007,2.21499158464876,0.589096068480703,0.72909312696559,0.0324147619533992,0.0700966017021205,0.00915957948868005,0.771786884573678,0.0481044587165361,0.0606950145573544,0.17981655626471,1.61082524297757,2.31922995449825,0.0977244437085155,0.0605937027261034,0.117025274606549,0.142587925757581,0.152167842048165,0.0354584646263523,0.106768287958258,0.0567797556655405,0.0138219796119041,0.0141976222554771,1.04691466483127,0.952949308676635,0.180378062582447,0.166847153847507,0.807083247510726,0.106458941517396,0.0456884089022708,0.00740106463845558,0.00591350604454688,0.0807718719514088,0.00525709639096176,0.00223238343087774,0.00185524351726457,0.517061974415317,0.00476490935924389,0.00292387719787257,0.0177606399263359,0.00115588587094018,0.014953283432252,0.0204419976146596,0.00178973711145827,0.022298774127889,0.0119563566404114,0.616384320854383,0.152481090077155,0.0344891952734197,0.0426742389364792,0.0653649707400823,0.190104368560335,0.0179666133539612,0.0548249047139741,0.00923433458391075,0.0836570299080684,0.0256849511483756,0.0314100000459649,0.16940746151922,0.735122779041155,0.856884407143903,0.0659108277942647,0.0100571647318473,0.0178106255116509,0.0710173597732884,0.0574979541164506,0.0024390913505926,0.0434944973925164,0.0194591688024521,0.0103560069104538,0,0.00398097038034347,0.0179287018384095,0.00211058193653945,0.0017175070872931,0.0210302618606085,0.0332266337952366,0.0356592664089876
0.00491214117738485,0.0355706887533505,0.0330267879514203,0.0119621058804325,0.00506511948983521,0.0167703775531622,0.40921294778087,0.0174028249668053,0.00560502951183428,0.0127777649400171,0.012241534557429,0.0718613173845998,0.345215890654633,0.0273291852594294,0.0610760799364748,0.0368627212055269,3.7854427168279,0,0.648519408066261,1.71737269378919,2.26670696192173,3.48547263889893,0.0723462793664413,0.248180694775391,0.00122733039850805,0.0896443108512916,0.0292364456180703,0.00632389580723023,0.0340649293175177,1.99850190724372,4.67943723150232,0.296094654974721,0.00923596442017811,0.0489047786123695,0.174467079989611,0.627360394310808,0.0118955472484293,0.0923998975571507,0.17662841688774,0.0611365282638297,0.00668975022753525,0.0132945369716686,0.242603689412292,0.0139866986993493,0.00521566718862959,0.137568863015577,0.719932177093684,0.0959170759208095,0.00140883102238172,0.00453780916675781,0.0119024084423706,0.00218875173318561,0,0.000526432766304791,0.0676502312118267,0.00298471790197781,0.00042282037084633,0.0142466170041034,0.00158000193447423,0.00863034584993427,0.0315408272907145,0.0055802903596526,0.0303245826456921,0.0153273892173384,0.105139498895422,0.0958576674893262,0.0173440094013041,0.0316399757183587,0.0883302759943162,0.243358322204251,0.0251929583133105,0.113154573282883,0.002119913807622,0.0107424850541798,0.0142999819579892,0.0140922763530252,0.0328501066748303,0.340156366457495,0.49883951288148,0.117547739090916,0.00586519427497249,0.0244110826830454,0.0876223050419344,0.0792947911240069,0.0075736304821457,0.0494144596342165,0.0297832525704528,0.0261254391395083,0,0.000949208975011606,0.0108278409660952,0.000875538921335794,0.00132860294148938,0.0113256032120069,0.0419138809491503,0.054617747014967
0.0111967223509661,0.251878663783602,0.014702207922277,0.0421349180987114,0.0381140149180352,0.0950796153573258,0.40494274771381,0.0973749016986952,0.176869051761538,1.63090771142628,0.0860740331520392,0.589978305365323,0.289235626514042,0.128524269517113,0.131454921836778,0.0587613236128,4.1346069983007,0.648519408066261,0,6.18684243047612,0.581477530858982,0.0423563739765431,0.010173561849466,0.00477906436477677,0,0.00643565540346552,0.0201014927637975,0.00166555319883923,0.00047119234154,0.0273257094233894,0.0104377493865859,0.00539996087055697,0.0553508005866282,0.121940051184712,0.0761985352354628,0.0169638188917079,0.0380365863845546,0.0598951037192639,0.00943950712307474,0.00309126104191559,0.0335373753828429,1.07604132484986,3.8999833319635,0.180617997140364,0.249239729252467,1.79860812229869,0.00325291267133934,0.00553254803407056,0.000673563876670228,0.000419838228824521,0.00294740880577397,0.000955155516610101,0,0,0.00227287460734005,0.000384072314895862,0.00286117522841384,0.00220767497805252,0,0.00109536005462747,0.00160813209098659,0,0.00173089433370087,0,0.00229008541153737,0.00336397671229915,0.00329069318831679,0,0,0.00450778764644509,0,0.000656688526374377,0,0,0.00297033532082412,0.0015991460406902,0.00112039507425998,0.0155860326210489,0.00721016016335726,0.00129944311800127,0.000256210760724188,0.00217174607356136,0.00420686456470942,0.0011429377940206,0.00143302547713736,0.00303586102738447,0.000859381275401118,0.000936162410431676,0,0.00079798057344227,0.000712253172279409,0,0,0.00199449351771797,0,0.000351582918047849
0.0170116339139495,0.12291482842695,0.0197730409652277,0.0513756882230676,0.0501247924008906,0.0820515326525982,0.245516440334577,0.091926374260874,0.0227018900815628,1.73255669444112,0.0466131969333253,0.954736083791336,2.3493619540742,0.0888450653253389,0.363242727845887,0.165724805430068,2.21499158464876,1.71737269378919,6.18684243047612,0,4.07546864042266,0.775908154413929,0.126809052964309,0.0674323281373622,0,0.0195864952784032,0.0266012424283412,0.00386117014275128,0.00743708519713818,0.437554751464603,0.576241604110669,0.0697054995933497,0.0593063160257724,0.123004658721071,0.197831365147259,0.330399525276715,0.041794263805755,0.137265044633607,0.145879966139688,0.0228824676571013,0.0252825906229181,0.132809998229725,2.33445817770614,0.0504991643365269,0.0305190019894926,0.836340935941994,0.211755555079992,0.0786180685099493,0.000801221476231356,0.00143563008930756,0.00887710981954963,0.00291347317082395,0.000856547707831584,0,0.010997389560648,0.00200911445426755,0.000685244698754028,0.00699375707151972,0.00159809050730907,0.00314783400318892,0.00796700071611062,0.000774278084106548,0.0124323092390929,0.00873550086708458,0.0188974162117319,0.0307779008329304,0.00795731923103438,0.011746707871189,0.0192903617776819,0.0678128904747694,0.00605570819027187,0.0409136822791469,0.000579815533597178,0.00170535796117113,0.010058526692774,0.00368475479508458,0.00701836430792195,0.0996936272949388,0.0966041397645442,0.0298670535877462,0.00260154370089971,0.00898677877731184,0.0354459325455304,0.0413639747662543,0.00366337822366341,0.0264872103754212,0.0167552966651633,0.0060041006925074,0,0.000764632908398878,0.00355971263741502,0.00214068886009895,0.000712180044685845,0.00838058801425956,0.0132731354501619,0.0243057913397148
0.00864329296832541,0.0702228373166086,0.0167769826762398,0.0283793057004924,0.0219248310679558,0.0339415195177228,0.0872700829272186,0.047646038975281,0.0114087974611792,0.391494439862717,0.0268605731580272,0.249742541792883,4.22516006491533,0.0691317794569007,0.140349164683918,0.211179721000448,0.589096068480703,2.26670696192173,0.581477530858982,4.07546864042266,0,3.46800173593854,0.362103994374516,0.0918763451377726,0.000833296765923003,0.00869015824465395,0.0153448115317497,0.00275818513947105,0.00531860927061572,0.598445176447768,0.918664808789179,0.0990954284524342,0.0317439336257649,0.0846841503053894,0.140775330229144,0.352583263029514,0.0230500027199871,0.0821612274938917,0.177139876203018,0.0350633415258689,0.0185926662057055,0.0515074101257382,0.411827211905692,0.0170885517736013,0.0115304560576846,0.208118865755594,0.30419894593656,0.0706130219102763,0.00127334354623903,0,0.00157516675767395,0.00182171572640904,0,0,0.00775699281048441,0.00113022582459823,0,0.00378562536640148,0,0.00481080659269897,0.00808275742818568,0.00047823772286034,0.00930943989082937,0.00446733522357033,0.0100502768808653,0.0262458339504708,0.00766130689143968,0.00587174386151386,0.0211200740713492,0.0581226147624578,0.00387866006026147,0.0427880863853357,0.00135984699470037,0.00247685663663533,0.00336323553423415,0.00244111790449391,0.0043790909434315,0.0808140047472725,0.0955925362531628,0.0202040074527037,0.00155386620071769,0.00844179334526918,0.0334073626052699,0.0304571290511578,0,0.0204885219317901,0.0143809754962572,0.00464125267855603,0,0.000985142049746618,0.00919538265866325,0,0,0.00066944177906059,0.00595996793796205,0.0227132541518099
0.00761293109015151,0.0327269847034845,0.019869723333203,0.0153651455379126,0.00291991136060985,0.00660050800569773,0.144005771660947,0.0415193863850473,0.00514152864578216,0.0369924908000325,0.00703627304329725,0.115039171214217,1.12746386195185,0.048173993288598,0.125874835380922,0.315672895520644,0.72909312696559,3.48547263889893,0.0423563739765431,0.775908154413929,3.46800173593854,0,2.63516329128769,1.7610558726074,0.000836666980327042,0.0467772061615646,0.0168972714211546,0.00403301495276891,0.019193661401267,1.39628391439792,4.67034928848791,1.6603222658867,0.0155314082881746,0.062444472838422,0.158428463070886,1.029848076909,0.0223013430684098,0.151026159506141,0.662961662917543,0.614466830604236,0.00270888528511789,0.0173765185407383,0.122330867080019,0.0111845765939694,0.00653366245755928,0.102439505281931,1.18329929989767,2.69690041279645,0.00183063512079649,0.00302795697972782,0.00940381482210827,0.00131233867923816,0,0.000232563020569846,0.0501984193033918,0.00299999827282577,0.000313978750232469,0.00852445906391562,0.000211343580250153,0.0139045406830469,0.0193444355186339,0.00200913932876311,0.0238445939134638,0.0287751007421427,0.106604634710625,0.120607588488393,0.0178907809747327,0.028417367741022,0.0740524475814088,0.493049608784238,0.0557694434115843,0.299755665133327,0.00202165136048394,0.00920436707671867,0.0120027426905637,0.00725643123803923,0.0184355775578615,0.363821757177149,0.757306664261628,0.327675111370473,0.00583527200048758,0.0164106249448144,0.0773197765455565,0.207861298944705,0.000397355117224069,0.0639636123191493,0.0567708599359861,0.0831202367575989,0.000329583665151692,0.00157246669969683,0.00723112202718357,0.00183225743474047,0.000789824947246526,0.00728282955414947,0.127100901316263,0.419635446480768
0.00704154696898143,0.0208178895319603,0.0122936052148418,0.015663634913412,0.00469190612499663,0.00824875459037638,0.0168091131097151,0.0203314198481641,0.00585310154194003,0.0177216758543094,0.00270546236411305,0.034155425075412,1.17057855738994,0.0149717671908356,0.068367483000896,3.01779454388398,0.0324147619533992,0.0723462793664413,0.010173561849466,0.126809052964309,0.362103994374516,2.63516329128769,0,2.22559686617911,0,0.00267720755145869,0.0130064394482263,0.00446547124924276,0.0056735086210154,0.288781776726884,0.427073055929546,0.578223220133727,0.0123700623139977,0.0855658080125396,0.0943353229681149,1.33460960024385,0.0148002647407756,0.160956450948101,3.23856262661071,3.42397886986843,0.00346404852003272,0.0111602250824595,0.03297600095713,0.00427768413955102,0.00262769931336707,0.0354249830290021,0.787651726041154,4.84108800005144,0.00294309883925518,0.00838618429365508,0.00701959663488171,0.00731203424501342,0.00198911910729972,0.00408704583842405,0.00786564660745535,0.00279177651099083,0.00134975403394893,0.000294464024145596,0,0.00155181608123656,0.0046054890132409,0.000419299431988485,0.00541006513809772,0.027461919254712,0.00666374514533925,0.00445548577817402,0.00409448168884052,0.00102290422419834,0.00877672078782835,0.0561201644995295,0.0933439368868175,0.336074194684885,0,0.000423339704796882,0.00336563271907659,0.00233744033501108,0.00307580089406659,0.0741991192694946,0.110796145207007,0.0666934697305968,0.00305419092347266,0.0296718007154464,0.0296605223312714,0.20372682150307,0.00210880072586844,0.0274687306816951,0.0480612047146865,0.136045988222837,0,0.00398993635359964,0.00226189178737795,0,0.000841079331773228,0.000986319495649476,0.0664281948115667,0.357652898105101
0.00306093156841236,0.0114392615415337,0.00948652597497035,0.00603065409739756,0.00388949780355206,0.00198659874584148,0.0400589738683922,0.0104802525371094,0,0.00263570068257182,0.00332155376159508,0.023634732855121,0.33279005227657,0.0251102939320116,0.0539420467430733,0.394182141215673,0.0700966017021205,0.248180694775391,0.00477906436477677,0.0674323281373622,0.0918763451377726,1.7610558726074,2.22559686617911,0,0.000616519714817694,0.00730428118384303,0.0109945181024359,0.00147415613627536,0.0113477426283695,1.39962506633849,2.1095706232979,3.71727530367348,0.00615671839893688,0.0583723933074785,0.0976838049470144,2.40798727753461,0.0124540734112605,0.172116468854328,1.97755151014018,2.14975175723126,0,0.0101313956237562,0.0171111027379654,0.00179333308940181,0,0.0348632311225773,3.5852750980488,3.04288300607605,0.00147798527169737,0.00127591018434076,0.00728486464070141,0.00521607929382523,0.00274090694983486,0,0.013535805244455,0.00232874947979494,0,0.00216061649489465,0.00134822484877652,0.00220063612657518,0.0232038524634131,0.00119649489960044,0.0227515589591416,0.0814869567896079,0.0204949909468597,0.0349347050849626,0.00335702956633246,0.00607944167517858,0.0311989540999303,0.254369484295517,0.302917999977618,1.27020292685238,0,0.000959920328218067,0.00754406794864521,0.00393799155272938,0.0119562516606251,0.378572834458504,0.553095612687674,0.575521898837424,0.00427464528659615,0.0288147380543745,0.110464292607788,0.751805825158541,0.00556977650112986,0.0925113232272846,0.278760847783861,0.435180438099916,0.000899202868272227,0,0.00185364658310985,0,0,0.00671014297681238,0.345127265031505,0.919375131256317
