0,0.730033729772713,1.27342699175109,1.80317948599148,0.743885805531374,0.396605837495502,0.848040106631105,2.66159759068563,0.0231498775460351,0.0472550144908527,0.0611820211794565,0.0601776837053577,0.0318195120441264,0.11265529750569,0.0745441295446517,0.0246554700681645,0.144966054636325,0.0196615317353163,0.0555320547347533,0.0361057250857256,0.0256783320517774,0.0417898372253164,0.0400800460516558,0.0130478296093751,1.05233620338707,0.104166106058998,0.300414515071967,2.42721879604038,1.00164766456126,0.142580201945594,0.0489380588463247,0.0032424552559658,2.66150201462627,0.43853346610989,0.0300458685439872,0.0396833115070239,0.176261527499654,0.0926913521492299,0.0447569779161198,0.016296900926031,0.2846179315078,0.171525019123898,0.0210001701551504,0.0493084455580142,0.0214613752915649,0.0116821750720444,0.00149896529010287,0.0136206743653061,1.31343630130693,0.0211562154117558,0.394930696165404,0.0918704067108033,0.018614665564874,0.0243780543020084,0.0658402469501816,0.0403970698902974,0.00209127507736312,0.00202754126345984,0.00219008570029369,0.00338128794516593,0.000137757441160931,0.00159678875191089,0.00279306378283129,0.000271967400838263,0.0375541595550444,0.00909318384089512,0.0124603306640672,0.00198324309615725,0.000986220870710652,0.00318321989018928,0.000833234059070285,0.00228853907060435,0.219586997407031,0.0457487047588012,0.33196533399778,0.787862766612453,0.406791512022121,0.0484301329355286,0.0325013211178455,0.000576931225281642,0.174907744057351,0.0347170113148523,0.0151911617931243,0.00633888762077831,0.00566946368628177,0.00685833115032599,0.00237216289748404,0.00146734386883869,0.0083397381688256,0.00750133594546622,0.00737892636274579,0.00306638105002889,0.0019650910343321,0.0048160032037705,0.000389789886590532,0.00182327965560163
0.730033729772713,0,0.481883883339406,0.756470983242171,0.773688395153871,0.708240060437047,1.10198313657988,3.44402341795335,0.150892208959256,0.949744305305013,0.181876551925166,0.525281991853003,0.208141428465083,0.227088512177907,0.324105756198343,0.212555160686361,0.356992658510636,0.092888606271955,0.371377289119274,0.217008606068701,0.117219606043638,0.127509676963579,0.176608190798298,0.0671411578275206,0.00956412360568715,0.26346063734168,0.122942958515049,0.292204288566209,0.763893337041263,1.14024920017052,0.155808518899934,0.0144407425901048,2.62115832094606,0.826175684447879,0.49963135778861,0.183780214852928,0.279399232837425,0.255068770203944,0.553128738049313,0.0951900268772861,0.780509695793378,0.956978081908831,0.191921232554196,0.48783190909815,0.673220916992996,0.255794835896842,0.00930167160103628,0.0397993245409519,0.0158975949209111,0.0198407270152283,0.162683090985972,0.053109096669956,0.0150010461742267,0.0181730076163389,0.0664512645820421,0.0404700842496501,0.00784485277505115,0.00584176121785213,0.0145030909612409,0.00432359178556313,0.00770818016297694,0.00754500945207268,0.00753508662969888,0.00462064330779487,0.0286759194867585,0.0138577508132501,0.0171340922503045,0.00500036171382773,0.00185381901164555,0.00319112089828733,0.00668032129457988,0.00379219905267163,0.00600844922220489,0.102403302178457,0.0815734951974694,0.0625971585590997,0.158987339751064,0.0962873232633147,0.0317982299340838,0,0.0683007673211478,0.100288823095336,0.0456847083697965,0.023375133683005,0.0142343167581422,0.034924833307084,0.0171182195041747,0.0057246742190188,0.006024767911747,0.0159074521196827,0.0116662031751614,0.00288017700248194,0.00536936388831494,0.0110341587017448,0.00098455528256812,0.00403284035044956
1.27342699175109,0.481883883339406,0,2.04387400809668,0.287470386812776,0.345240277921265,3.53016760425363,0.661417344125235,0.0255235896777432,0.0878688082551193,0.035051494516475,0.0552679795037583,0.0425055192606795,0.0394534144857399,0.0437228776623673,0.0338338988632499,0.313955705280763,0.0762871011410051,0.103383734760942,0.0568537602278774,0.0512234573489259,0.0874751252459891,0.0753876959052321,0.0432751982413096,0.0248066865899826,1.91456699558131,0.07898277652785,1.74721931546288,1.17870696170868,0.584401060376344,0.217216833483594,0.0119630340244643,0.550923936659699,0.19284565503731,0.0470086353590271,0.0887502872829314,0.0605615667814067,0.0489808018579102,0.106840603776529,0.0376681522397267,0.219698020401805,0.168618568922591,0.041555795877857,0.0584209156382233,0.0444307940157036,0.033176053144357,0.0101348873282758,0.0257617667882042,0.188876915101278,0.0259967963449911,2.32041772965126,0.171294690057542,0.00662088484042788,0.00989073358844741,0.270638297808147,0.0167834937154772,0.00211696471931707,0.00168901737478022,0.00354742565032782,0.00192598831137786,0.000439812931866027,0.000527937969766027,0.00340300345940663,0.00243517782539556,0.0899259569979634,0.0262712071639503,0.0179232105035463,0.00246728031858665,0.00114616521701825,0.00530853691514274,0.000649167613453489,0.00105176034716375,0.00403027793051209,0.485151868242459,0.0627694556626251,0.227457341251188,0.293644228327235,0.12910879367839,0.0916929265463887,0.00113420773057574,0.0267867476392213,0.0386686162000767,0.0266068927283756,0.00535851682384009,0.00453638713915554,0.00395861618187904,0.00199617057684619,0.00113533358447977,0.00620653468842387,0.0183659250777707,0.0169886949276212,0.0033981975889828,0.00524713178110396,0.00581827728815234,0,0.00301100686667844
1.80317948599148,0.756470983242171,2.04387400809668,0,1.0169090730742,1.00504238240648,2.70854227713652,1.35245101013136,0.0615064522665248,0.170393683661588,0.107252862417744,0.147322356859221,0.0872066289924464,0.122264409104991,0.157346158447011,0.0838972804474242,0.557306887297578,0.0930979508953018,0.250708830156008,0.138196648129638,0.117391918644894,0.125580210766249,0.145458499664969,0.0516667681089052,0.00509222239224631,0.565004474060773,0.0371837807696338,0.533830930774391,0.647445025353114,0.382765401737746,0.149135384896112,0.00938871516864234,0.950387219573943,0.193897067151888,0.094208616806569,0.0932146005010476,0.101607309606217,0.133986378313972,0.14104806560208,0.0696610066507538,0.462420089877958,0.359952164712034,0.0890503580256581,0.151826927481384,0.0678229737680506,0.0536901613777955,0.00367081032507105,0.0274612388916293,0.00927967107309275,0.0136590731009156,0.173070324738348,0.0225423107732055,0.00782987691799128,0.00454159000169124,0.0603279245578779,0.0144683865468321,0.00103357492976131,0.00298708704184443,0.000629389113688969,0.00426673076493513,0.000348682372335214,0.000467635718304025,0.00187370070609519,0.00195334301725117,0.0202150019820339,0.00520212447913882,0.00302259177974667,0.00355425399889408,0.00131005940535618,0.0016799271716644,0,0.00139576770869136,0.00224827014581007,0.0931547823174929,0.0225261052137305,0.0190656210668034,0.0900563872390052,0.0598344483849982,0.0257615000146943,0,0.0178596688896033,0.0163080493654906,0.0136880301755359,0.00304584384078793,0.00395813362115167,0.00445730912234451,0.000921742044356924,0.000635727707823497,0.00729931733693262,0.0050163226715568,0.00568360732265486,0.00228617555211336,0.00104964432622598,0.00469169919272525,0.000391870436539835,0.000307492918152703
0.743885805531374,0.773688395153871,0.287470386812776,1.0169090730742,0,1.11678314414102,0.603101961714875,1.41645230367153,0.090234609410285,0.132062383198892,0.205849236871791,0.1192722305598,0.0524373863560033,0.305296719034303,0.190522144838958,0.0595519801135336,0.139874924131131,0.0350327885410847,0.137232696004005,0.0799762449108493,0.0585001745749847,0.0316628484587841,0.0599734344415151,0.0172289659917247,0.0039741138388476,0.104527053480389,0.0397913276116419,0.114323356588489,0.257406682388784,0.158234497995057,0.0348354166787977,0.010907738906556,1.05797385579136,0.236944041710558,0.0720802747772566,0.0270169866186695,0.168899676069443,0.152427234968353,0.117499952139166,0.0301838435201713,0.538679459241693,0.34373389785369,0.0554624609104798,0.127996153164768,0.0682714650917496,0.0465176917901253,0.00908958063216084,0.0048454585308208,0.00454522369541246,0.00830711945910596,0.0467507335969457,0.00524063257689827,0.00738132470385139,0.00242335666181324,0.0101818714342954,0.0100850120742311,0.00992622188308194,0.00738360036938446,0,0.00201142838282643,0,0,0,0.00200489943396673,0.00788548386028977,0.00812589932472846,0.00361107385476694,0.000698828595814251,0,0.00163582421856665,0.00141134886711437,0.00375424031207788,0.00270992715196542,0.0408613109003308,0.0254132777747666,0.0158213056665541,0.0419154314934754,0.0126563813061811,0.0047986301077302,0,0.0139942517471036,0.021858124213302,0.0124429331642741,0.00335163483353028,0,0.00224244858610577,0.00614001300631509,0.000654956807194088,0.00318255010069274,0.0012411249473693,0.00669543008403856,0,0.00280119313193564,0.00371019518856985,0,0
0.396605837495502,0.708240060437047,0.345240277921265,1.00504238240648,1.11678314414102,0,0.946575816405677,1.15022295249529,0.121437376204917,0.471749554117663,0.256111620263995,0.252154801866905,0.103049234774718,0.282234350745111,0.275169151363566,0.105417068084041,0.282750662706823,0.0604955209662336,0.304682019769937,0.122832073307202,0.0797169936777381,0.0629547926258909,0.122874306880099,0.0372824343565562,0.00663986307240648,0.153955658877294,0.0226189541626695,0.119344798992297,0.215816280642731,0.328928580397006,0.0748176112344579,0.00672471557622394,0.637852248917758,0.222043911688206,0.138221357876473,0.0714331030916661,0.170967575760427,0.218496738045165,0.232911809128994,0.0361422880177034,0.483814556109224,0.582040746086077,0.09432311479051,0.214444630608865,0.221448126002861,0.0732615781396438,0.00303641284279128,0.0168084623241412,0.00723540866911447,0.00779666273000561,0.0580907203882195,0.0122418653838069,0.0116717699871883,0.00527262801236324,0.0210211021416044,0.0171642749806212,0.00404616564589011,0.0109090415377532,0,0.00582806412414399,0.0119430937104023,0.00243255313519619,0.00353822169792711,0.00139893114870965,0.0068011475834773,0.000921612488050047,0.00659225286132378,0.00531997563901626,0.00146301194341317,0.00140905426850427,0.000559380743503018,0.00547142901430987,0.00193916389538917,0.0351073614915613,0.0203496523933184,0.0142295474434457,0.0353974281847394,0.022918867874006,0.00842442014635869,0,0.0245249365522765,0.0250804257367662,0.0232623836848187,0.0103253340480747,0.00360653439200953,0.00654614707010627,0.00326720934185321,0.00123007727471617,0.00281838045224064,0.0122386707200759,0.0179309467221615,0.00626564773471258,0,0.00910263617172337,0,0.00190644817594392
0.848040106631105,1.10198313657988,3.53016760425363,2.70854227713652,0.603101961714875,0.946575816405677,0,1.41346719908187,0.230373791314913,1.00624263371146,0.299418499342221,0.70668645995131,0.406712012314595,0.155096942367288,0.39589294881585,0.421256541440695,5.55406390081464,1.55682693697128,1.57965675514007,0.748128028669606,0.794726279184966,1.72716038393497,1.35723392421574,0.430642097269619,0.00533515387636568,1.5715918705022,0.0618648265935723,0.510136976922271,1.19237457255688,3.12828536349914,2.61501806922606,0.181756584287543,0.641985625910399,0.328329231838889,0.458679443951622,0.713618593692805,0.117859729164462,0.232668636425121,1.03123168603154,0.518179376809118,0.297069547734571,0.88829212816846,0.293738378070831,0.282378468339099,0.336403195838688,0.252664118878638,0.033832549466124,0.350529003732465,0.0138316798261433,0.0472494166389941,1.17354951996662,0.13370442732305,0.00748298081985152,0.0223987731956005,0.943779269583491,0.0336401672646923,0.00505885305321063,0.0147263962474273,0.00843749189374949,0.00964756501054152,0.00582115584974444,0.00355054374644732,0.0173544129704899,0.00356867355117962,0.41628700597407,0.0691159511296734,0.0332500761519898,0.00778217669221022,0.00304472604451034,0.0208087667992932,0.00752256602553918,0.00460961355546467,0.000487208863035622,0.643174235854774,0.0577896928013295,0.0856089980961081,0.223026293138676,0.713746120999334,0.45192142614072,0.0042082895048023,0.040555261547188,0.0606723868868071,0.0496357048292228,0.0223368419984558,0.0132822790464564,0.018359926753896,0.0130425156324625,0.00477576817877691,0.00884886529395815,0.0434437491708785,0.0262584893270661,0.00613347815725047,0.00652259927488714,0.0137643152620844,0.00270629844747855,0.00568909639024039
2.66159759068563,3.44402341795335,0.661417344125235,1.35245101013136,1.41645230367153,1.15022295249529,1.41346719908187,0,0.793327862565558,0.721674206749841,1.31171127936641,0.966026541659714,0.170743604889375,2.34672523242105,0.825655006693337,0.20357783258571,0.351443900596059,0.0502962939793186,0.25757767674311,0.120339646966675,0.0989329295058127,0.106336806356399,0.169072517217601,0.0538703977314558,0.0136371753505964,0.279468304647138,0.579954599511626,0.407628524149903,0.987482570604129,0.567006359078784,0.125377310696403,0.0126618349537462,8.57460665663704,4.94111927758427,0.180176049300297,0.145175157500816,5.13839290977267,1.0130012400484,0.294156963898537,0.0566874300753484,0.972080137683647,0.980940297903272,0.115338050951975,0.502580711694073,0.235509088481388,0.102785341666053,0.0130196390996195,0.0287279884812639,0.0349389160098496,0.0361510360348772,0.209509857341552,0.0682925862735615,0.0231505500262784,0.0370013783408816,0.0770270179406325,0.0567282155711923,0.0133032499524892,0.0146646468054435,0.00807567909691097,0.0151018188351155,0.00360943126033208,0.00359982580601233,0.00896397806051552,0,0.0519673583994879,0.0111107158823864,0.0209106392868621,0.00632416124863011,0.00143498983826043,0.00337453073306682,0.00313947001498239,0.00525328770586084,0.0075488550526344,0.12782819303071,0.203410680159978,0.098863092096464,0.24328933512559,0.0965887515142703,0.0481811594639487,0.00517432224067194,0.118073800183023,0.185850748841178,0.0480517797019389,0.0177897806902465,0.022166451106774,0.0277811937486998,0.00968761392886526,0.00305813823399337,0.00590016412745925,0.0303566687422934,0.0107139736657624,0.00801516416426802,0.0055404026475645,0.00859818300045861,0,0.00356227038551904
0.0231498775460351,0.150892208959256,0.0255235896777432,0.0615064522665248,0.090234609410285,0.121437376204917,0.230373791314913,0.793327862565558,0,1.79240075272905,1.80319469509621,0.789081904924612,0.186566334578322,0.161689665619069,0.60827057447758,0.20190617521169,0.151053838290368,0.0246488698521935,0.242947497241297,0.0683737822373154,0.0529555301398743,0.0332353742423777,0.0667492480621476,0.0190220060693532,0.00551176039787701,0.0173711533566185,0.0161525285255631,0.00896247653536583,0.0379012311414894,0.0853852770991266,0.0232630826352253,0.00566623865941851,0.0407642188920775,0.136714254104894,0.0973801432464444,0.0307678396372653,0.0801390727229626,0.13716732030985,0.0824729119316132,0.0275659285267729,0.0354542610158964,0.622793988014164,0.0597389886836647,0.312054701572256,0.609838056728047,0.190126066838912,0,0.0126427775792466,0.00245318982576554,0.00788947452300923,0.00137732611946574,0.00369512416001928,0.00929087134412324,0.0143739802307395,0.00202066809116088,0.0114831696779323,0.00369224803027479,0.00458017719328585,0,0,0.0102601974857213,0,0.00372642275895041,0.00985662039482568,0.00298905581992454,0.00249360432468371,0.00127883569633216,0.00125536055684897,0,0,0.00260947207712872,0,0,0.00519511512288295,0.0182631917380141,0.00132847848206049,0.0103601031777309,0.00680444425332539,0.00315714925041325,0,0.0234642882714979,0.0386203472298353,0.0233407307174742,0.00302823880894951,0.0123831408542235,0.015659948808287,0.00142900319803796,0.000847439001488627,0.00164504989506621,0.00724345756564307,0.00458011486615628,0.0040579990816409,0.00242842677083976,0.0038197964820344,0,0
0.0472550144908527,0.949744305305013,0.0878688082551193,0.170393683661588,0.132062383198892,0.471749554117663,1.00624263371146,0.721674206749841,1.79240075272905,0,1.40740396030079,6.04110874097758,2.06005349742209,0.194221721296227,0.960387233793926,2.03874503615508,0.99222052094189,0.0950188567870802,3.90880043419826,0.969544762645365,0.48665309528337,0.199496951927292,0.721211127988442,0.0397911523791694,0.00667731509864522,0.0267378823497618,0.0595340034467403,0.0280222308790871,0.116332181438569,0.414710736446919,0.10717260924858,0.0330520600219342,0.0933751159827932,0.668440665879882,0.696591207516704,0.125874197826783,0.132009844295535,0.327986256463034,0.456907697195663,0.14105648112167,0.0783775852648426,3.25576433087116,0.751741745925062,1.49704958197076,3.62028683428561,1.53227345495972,0.00771707884177225,0.0795713793786825,0.00495732878862488,0.00462643614593323,0.00906352472574523,0.00821976887313961,0.0108884057505716,0.00810313465444862,0.0159019697965189,0.0386719369443932,0.00752143420068782,0.0319773290975489,0.00748858625894266,0.016240751270725,0.0183047995590213,0.00312515595582763,0.0212689695778036,0.0210641146426718,0.00853370610621618,0.00473794668805017,0.011669208053502,0.0143020477410655,0.00412867123298141,0.00146455147183181,0.0135297046392959,0.00717425619835067,0.00175021584425541,0.0112196720820799,0.0573309374780612,0.011306614373925,0.0190371950059953,0.0417320011660597,0.0269669137063379,0,0.0656686500665545,0.116895209647095,0.161756387499484,0.0279783619495701,0.0108939280856994,0.067661266804474,0.027697698522922,0.00549879628181934,0.0108848742055315,0.00714741611176625,0.00653389848409386,0,0.00344052352828753,0.0281853731654966,0,0.00104447489595777
0.0611820211794565,0.181876551925166,0.035051494516475,0.107252862417744,0.205849236871791,0.256111620263995,0.299418499342221,1.31171127936641,1.80319469509621,1.40740396030079,0,1.09517611273513,0.160136436841046,0.562500633970309,1.3163782978732,0.32546035482153,0.157477791614759,0.03413435492536,0.27594428666121,0.106965213431094,0.0770824511515063,0.0505624508422307,0.0916596624082841,0.0157361124976617,0.00972852792088544,0.0192211185710996,0.0243389482879188,0.00732512966175052,0.0478303582789101,0.124685079527965,0.0306358735246916,0.013511324450749,0.124235663327108,0.36433424078587,0.095054092441744,0.0418232731982193,0.456720833592634,0.375245070703828,0.239800379413284,0.0239899922929013,0.0742600909765722,0.6128866483515,0.0861963938678192,0.782213386585196,0.384161634130373,0.163543779334544,0.0167956981064939,0.012095382605312,0.00603371981856719,0.00798667779581584,0.00909578194792157,0.00818670680735858,0.00807809826947979,0.00657476115610108,0.00523108840957177,0.0142894566287951,0,0.0224219011259782,0.00447108204859978,0.0114866720657815,0.0131868226834378,0.0220312399823542,0.00636777857776209,0.00433562566509466,0.00747846881529802,0,0.016400972607999,0.00412686905288497,0.00191465931449371,0.00215786502792388,0,0.0021299718110583,0.00169173666669403,0.00157942212200024,0.0185660709963492,0.00238941551795787,0.0100544513569667,0.00670273029270296,0.0101285031645292,0,0.0342566884651967,0.0319145883400421,0.029692306318194,0.00678448211103502,0.0136954171461536,0.0235425419011915,0.0066556642841181,0,0.00414705540297799,0.00666517963597155,0.00432678609052267,0.008218749735451,0,0.00656404221092377,0,0
0.0601776837053577,0.525281991853003,0.0552679795037583,0.147322356859221,0.1192722305598,0.252154801866905,0.70668645995131,0.966026541659714,0.789081904924612,6.04110874097758,1.09517611273513,0,1.72256245817103,0.21993974363694,4.75063106784852,2.26694414658143,0.579980095360371,0.100667065321516,1.1525960156253,0.59307397555121,0.402354910366268,0.249963084055083,0.760596616823443,0.0993593769902543,0.0199081901420618,0.0325515547159414,0.0777334647990569,0.0355623193102639,0.131412140433907,0.433628345312299,0.150253250202018,0.0411873555537492,0.222777376225571,1.06537113494257,0.726516667956688,0.24000936418065,0.381053870205725,0.980303348322631,0.832438788538039,0.128853399446961,0.0374692434542327,1.03327653953781,0.267712116885384,0.805596519712212,1.05618668788884,0.580386550108845,0.00891243711978629,0.130896346888834,0.050751234784904,0.0463182241356361,0.0347319489742762,0.0348278754857898,0.0324498691871146,0.0334874297724436,0.0353004948524868,0.141006668894283,0.0195407404710125,0.0373528738661385,0.02831234482783,0.063760711793662,0.0477750324811865,0.0243609216067845,0.0339562868995335,0.0278196352459834,0.0356517503705617,0.010108811384096,0.0363144583622381,0.0323270587580409,0.0121461024757708,0.00644939167024612,0.0298667630033104,0.00849287972586849,0.013178740315543,0.0241269960807643,0.121571627955569,0.0117351049455892,0.0330751098862576,0.0694429516552422,0.0307583056705117,0.00424200584822165,0.218220072255535,0.239357963210988,0.214916554873727,0.0901029389365367,0.058412196428038,0.111244303232921,0.0733698965265404,0.0125076800059555,0.0331328741563127,0.0408693249514532,0.027982091235886,0.00970102837739954,0.00385698178029205,0.0326822188727592,0,0.0117179073198003
0.0318195120441264,0.208141428465083,0.0425055192606795,0.0872066289924464,0.0524373863560033,0.103049234774718,0.406712012314595,0.170743604889375,0.186566334578322,2.06005349742209,0.160136436841046,1.72256245817103,0,0.11271538376956,0.426585986088097,2.91173552046416,0.367280846556245,0.191112914836948,0.679420040920028,0.58141492221135,0.501335050462422,0.418619983539121,1.41298119910755,0.187971930437814,0,0.0274866796275251,0.00124340045989811,0.0176519176566106,0.064921805191214,0.435722607073268,0.256660136636236,0.0735894905859239,0.0391791240616602,0.134851207933122,0.376602677669303,0.293863922371634,0.0854220649844599,0.181929788897164,0.979481321589212,0.367484422570754,0.0593728734245787,0.297931019824768,0.192076274140823,0.142079188565909,0.294308789220712,0.239488060300037,0.0117504676910363,0.212884695738223,0.00406536028089773,0.00652322129663647,0.0177009110675437,0.00624753403103545,0.0132146499254104,0.00636058679721759,0.0162709044585407,0.0149081877181867,0.00285038483148591,0.0082975066587973,0.00353484592881398,0.0102916184892316,0.0136849701085495,0.00741259073361955,0.00914621144077703,0.016160021817654,0.0188937186775135,0.00470362164609156,0.00782938598711022,0.0147559552731174,0,0.00677063268476133,0.00854308482622021,0.00104234923708849,0.00384756655651089,0.00882288606511553,0.0250448857518143,0.0026710441922719,0.0196949039934425,0.0668652015790973,0.0275742913121766,0.000642230860741291,0.0293507007418114,0.0365284673141306,0.0406201737222288,0.0186867900529821,0.0132155802921796,0.038507314663769,0.027262268319346,0.0111082653100493,0,0.00246582661565776,0.00217271229830687,0.00673965923549863,0,0.00670655682527947,0.00200908568195501,0.00285543121502591
0.11265529750569,0.227088512177907,0.0394534144857399,0.122264409104991,0.305296719034303,0.282234350745111,0.155096942367288,2.34672523242105,0.161689665619069,0.194221721296227,0.562500633970309,0.21993974363694,0.11271538376956,0,0.495173683968439,0.154664451166971,0.0762779901648358,0.0419919747790906,0.122001301041093,0.0635436542107384,0.0612771167925376,0.0473103566926143,0.135460013827478,0.0172467118126953,0.00824407433025141,0.0274337767688258,0.12767064382627,0.049514206411418,0.0854464752132415,0.069763849414264,0.0210297055767129,0.0150923225969603,0.568444982696308,2.07675730564238,0.064784662745775,0.0590993760604855,5.31640521898446,0.78495894311872,0.262042799334238,0.0190276396895867,0.089680782900543,0.0820451021834632,0.0453993640530253,0.13750849350944,0.0394980952755805,0.0579521122194768,0.00304512809731089,0.0180391541009159,0.0074495227998434,0.0101862557569698,0.0173268039434034,0.00712049094052197,0.0155153804278623,0.0159141626008676,0.0103026025162429,0.0215339081393352,0.0173023499589878,0.00156956301040589,0.00371406652962231,0.00491006001984565,0.0051092810647812,0,0.00324280010124967,0,0.00616051013050117,0.000923634199987589,0.00204299428248791,0.00407614091569264,0.0067948907520422,0.000487756506258555,0.00201590047149737,0,0.00580970022857039,0.00515884199665863,0.0831711695827879,0.0077331235138766,0.014606875046977,0.0108090615917861,0.0101279112301475,0,0.06527303324008,0.0681055080892844,0.0366274720908548,0.00591386860984533,0.00182642702312913,0.0124187594524527,0.0183081480542729,0,0.00849377674845364,0.0115182494723332,0,0,0,0.00938254630461652,0,0
0.0745441295446517,0.324105756198343,0.0437228776623673,0.157346158447011,0.190522144838958,0.275169151363566,0.39589294881585,0.825655006693337,0.60827057447758,0.960387233793926,1.3163782978732,4.75063106784852,0.426585986088097,0.495173683968439,0,1.44808881361575,0.229680191020649,0.107492343540138,0.282623187177156,0.225403975788972,0.229524863865077,0.230931603879849,0.436396670166842,0.100873617461626,0.0236196600026963,0.0230159149450396,0.0780285112552055,0.0273205782858441,0.104758070252989,0.344869428783882,0.152817725054523,0.0385192827548202,0.246682887079894,1.13702715423965,0.693519802354449,0.304797463945602,0.681778287858605,1.85670260871504,1.06282573738506,0.153594411792229,0.0558758821089894,0.32036831817504,0.108471358838718,0.464625159373866,0.1923264635483,0.12054853166141,0.0118609693009722,0.108015235799381,0.0253472010717415,0.0357779740933495,0.0222052536121593,0.0236666325718392,0.0315487216876286,0.0408400682096554,0.036818923543971,0.120166253650912,0.0334090820698627,0.0920308556448853,0.0543142540221819,0.0967065118867469,0.117908069020683,0.0214405471686873,0.0648856494057524,0.0628860396882123,0.0312036411682474,0.00814382533789694,0.0606249563544642,0.0614326796223011,0.0482832177728717,0.0146375874231797,0.0955351243966526,0.0238460264999746,0.00803022502033623,0.00997607694759896,0.104810609049212,0.0133937489571267,0.0309461084650744,0.0790533307836713,0.0561292571499949,0.00221330868751438,0.163212155833145,0.228212814589379,0.406845951545813,0.145045711780524,0.0669995787538346,0.203123489521,0.189701185526587,0.037866233203051,0.0165293036476926,0.0217094932438423,0.0559785304885216,0.0278675215296087,0.0178218309511964,0.0823301089257723,0,0.0256476557748776
0.0246554700681645,0.212555160686361,0.0338338988632499,0.0838972804474242,0.0595519801135336,0.105417068084041,0.421256541440695,0.20357783258571,0.20190617521169,2.03874503615508,0.32546035482153,2.26694414658143,2.91173552046416,0.154664451166971,1.44808881361575,0,0.357966057290513,0.181255043062611,0.769415819722532,0.52505166833816,0.532413375199983,0.453118691951575,2.60544923651022,0.235371847583024,0.00530038730261047,0.0445007676276404,0.0159252588385719,0.0102594733269309,0.0692754992693312,0.428839813943446,0.223909425961147,0.115266144265972,0.0603225663263217,0.206189844798358,0.459238174324959,0.368066518329432,0.102809414980634,0.331520530625773,1.58617298431759,0.605003285568516,0.0474673597356577,0.288996311866908,0.198608535164984,0.313056805426938,0.323617447878363,0.267993660709474,0.02745402635342,0.290318424604797,0.00284827324459513,0.00639504019920276,0.0105021913549,0.00615163459880632,0.0113442188673972,0.00454603629114105,0.0161293105401267,0.0255558543866839,0.00843705216013478,0.0321089748217761,0.00765163638458943,0.0118502111143307,0.0160486075037885,0.00533751567033453,0.0050701389410806,0.00749616518870333,0.0103776225394089,0.00239304900463883,0.0126871403185891,0.00535828104714693,0.00329026178392786,0.00434337079591392,0.0141103690596533,0,0,0.019908318500653,0.0141339853800323,0,0.00549513213908975,0.0328690580439571,0.0264507421575816,0.00180599577818774,0.0303096224215729,0.0355717416589005,0.0614499487565679,0.02208433804368,0.00226730059243792,0.0391508618746468,0.0335501541180047,0.00500926826997608,0.00433664126613242,0.000726280493729428,0.00813522982667057,0.00362784565121355,0.00472242398431549,0.00109243887798892,0,0.00293890214883273
0.144966054636325,0.356992658510636,0.313955705280763,0.557306887297578,0.139874924131131,0.282750662706823,5.55406390081464,0.351443900596059,0.151053838290368,0.99222052094189,0.157477791614759,0.579980095360371,0.367280846556245,0.0762779901648358,0.229680191020649,0.357966057290513,0,1.97666018962938,2.77985483591132,1.03977188864048,1.16958991386204,2.31037059297504,1.29393127121499,0.273165862474105,0.00285105924874445,0.213302727199932,0.0195060759541403,0.0621485286511105,0.185166431679771,1.28408914367924,1.76811035361722,0.156138193803836,0.134384698395797,0.122910857674577,0.254499568591834,0.423984127435781,0.044742815662438,0.139492686170864,0.601234020620327,0.382716214655088,0.0718282587266869,0.382056867487051,0.282642921204992,0.150682587038508,0.238694299841327,0.218939010272839,0.025787149516381,0.416065661163094,0.00452713622273632,0.00978819373525616,0.260164141620111,0.0326940767979969,0.00398698496624035,0.00372086101118602,0.280627999377305,0.0183007752784985,0.00177088939536559,0.00411845684439793,0.000880682745322547,0.00741114411583443,0.0058096761120401,0.00166575372449498,0.00558265273365349,0.00315621459118856,0.209186647269974,0.0633241637525168,0.0136135250999604,0.00621653853792566,0.00338115929159141,0.0287358866011605,0.00577560985245877,0.00643739597480697,0.00143816302029221,0.13021041392967,0.0231190839457263,0.0157267471454369,0.0519391447776029,0.240125785233177,0.20587970009982,0.00607312671647384,0.0187560861502827,0.0231503075133802,0.0401720024285184,0.0206736260278353,0.00658363754880294,0.0157135098018804,0.014943443703706,0.00338377618487935,0.00313468906967034,0.00919655314843983,0.00726377704126416,0.00321233499195032,0.000737466100179489,0.00447981493985242,0,0.00417884160305228
0.0196615317353163,0.092888606271955,0.0762871011410051,0.0930979508953018,0.0350327885410847,0.0604955209662336,1.55682693697128,0.0502962939793186,0.0246488698521935,0.0950188567870802,0.03413435492536,0.100667065321516,0.191112914836948,0.0419919747790906,0.107492343540138,0.181255043062611,1.97666018962938,0,0.352793029936545,0.453990655778746,0.586375278116003,2.30386357976757,1.00772807033803,0.282208414531193,0,0.0489101006408989,0.00476815113693081,0.0139416576673183,0.063428972163258,0.569905891824732,1.2817313367027,0.18528702593936,0.0203319738658985,0.0288038881577962,0.146687574989208,0.287289941266703,0.00677518381654278,0.0757580859196165,0.451895125162883,0.374623798472734,0.0129426204133739,0.0481942185450304,0.0941290928530852,0.0300290751850259,0.0580743478057567,0.0579627521126065,0.0274806217085295,0.466582903503067,0.000616408225819539,0.00349355630751035,0.0660895768867351,0.0138542561479597,0.00333198974922927,0.000761150694241902,0.0676580805530514,0.00448521653996134,0,0.00331996632247936,0,0.00541335339281203,0.00233365338366111,0,0.00223071875668628,0.00132163381204561,0.0408173964834598,0.0283324678197463,0.00777872526808283,0,0.00228668998598226,0.0114619667397098,0.00306163534406117,0.00515388282743286,0,0.0166819817613193,0.00347792773208393,0.00928336056512372,0.0142688774866984,0.103507287906748,0.0798936514729461,0.00553046232016241,0.00511081017105016,0.0113485716481264,0.0243818017521247,0.0163964920304236,0,0.00642835623644741,0.0044109153949784,0.00234717907185968,0.00197035404047685,0.00721061676733551,0.00259606684648528,0,0.000607891965522273,0.000758433395501024,0,0.00229297375632408
0.0555320547347533,0.371377289119274,0.103383734760942,0.250708830156008,0.137232696004005,0.304682019769937,1.57965675514007,0.25757767674311,0.242947497241297,3.90880043419826,0.27594428666121,1.1525960156253,0.679420040920028,0.122001301041093,0.282623187177156,0.769415819722532,2.77985483591132,0.352793029936545,0,1.21849010590127,0.947775230664328,0.632282908691987,0.741962117279154,0.0999661210419083,0.000979115359822855,0.0264692841430969,0.0111074179163407,0.0261252641697806,0.143654765420105,0.436898606882228,0.190651180888116,0.0490929918007144,0.0652388373732104,0.146467521157944,0.251324445606699,0.12661751597626,0.0602402483806816,0.15602488974483,0.418467950812769,0.188110882027862,0.0933995412280924,0.567547973901352,0.553244177384372,0.317787960748378,0.594942018414657,0.534068052251812,0.0178211392280977,0.150701845552427,0.00164361616407285,0.00741499682598622,0.0228052060817907,0.0030892304999195,0.00365372482239893,0.00316680833519171,0.0170589800184257,0.0059738258725524,0.00123586199224072,0.00100690386800525,0.00429067936784477,0.0131443031841742,0.0028000769093128,0.00286006239699401,0.00307617581458774,0.00312968283865452,0.0148436507250102,0.00290951237772483,0.00394036706789996,0.00450052956339714,0.000966281827835203,0.00149318335659378,0.00605003557846897,0,0.00104213255525898,0.0112654018176297,0.0131069494747455,0.00763587025008008,0.00266690239068187,0.0347341536727945,0.0187834423246996,0,0.0183574209832488,0.0265038260292798,0.0250216745680487,0.0125115875903938,0.0020128742654176,0.00625842896798406,0.0117661982250801,0,0,0.00164136221031203,0,0.00406288070018755,0.00406838248948282,0.00479102290625523,0.00116923341180863,0.00114605506826912
0.0361057250857256,0.217008606068701,0.0568537602278774,0.138196648129638,0.0799762449108493,0.122832073307202,0.748128028669606,0.120339646966675,0.0683737822373154,0.969544762645365,0.106965213431094,0.59307397555121,0.58141492221135,0.0635436542107384,0.225403975788972,0.52505166833816,1.03977188864048,0.453990655778746,1.21849010590127,0,0.888963529616436,0.827914490394153,0.939115925748822,0.175455529603968,0.00187142650144456,0.0307006209087291,0.014601159547162,0.0215406532712219,0.0647715337779951,0.463934700594303,0.366135860883898,0.0654105615495534,0.0403909984379291,0.07392242811965,0.239651750865347,0.264899648065973,0.0379641285416712,0.124106673271118,0.586967541127517,0.280034663109323,0.048492514083445,0.252863095338645,0.172586935845444,0.13908504541879,0.21939098832868,0.186859307849813,0.0148968755816186,0.264079492574117,0.00220608705342182,0.00312471919059783,0.0140593184503752,0.00285905258284662,0.00207238464239972,0.00088826362744221,0.026823030591682,0.00778111476042531,0.00762217739576174,0.0113548514748911,0,0.00661633539610224,0.0112550708741059,0.00244445314310174,0.00331715560582765,0.00574443476177733,0.013448928068159,0.00501870202230525,0.00891791635450214,0.00203395149121228,0.00427535957548007,0.00536232448553493,0.00702680087743458,0.000670161887830326,0,0.013440313280394,0.0090798283319301,0.00887602141537068,0.0140793130067754,0.0647925908645909,0.0329696886020639,0.000849443330660365,0.0091610961218268,0.0142036496947049,0.0372315917257967,0.0117700290755861,0.00918511036447191,0.0127876019499226,0.0130627775676398,0.00535618814078442,0.0017750691932297,0.00445043800371485,0.0015627456679318,0.000982446697688655,0,0.00521815093234215,0.00262807266074488,0.00164500179383765
0.0256783320517774,0.117219606043638,0.0512234573489259,0.117391918644894,0.0585001745749847,0.0797169936777381,0.794726279184966,0.0989329295058127,0.0529555301398743,0.48665309528337,0.0770824511515063,0.402354910366268,0.501335050462422,0.0612771167925376,0.229524863865077,0.532413375199983,1.16958991386204,0.586375278116003,0.947775230664328,0.888963529616436,0,1.18478584598704,1.13414435033661,0.165957500599714,0,0.0388737233773935,0.0125630743688915,0.0108087954952992,0.0412840184713964,0.336605139490306,0.340449306430322,0.119221758055598,0.0324333346145618,0.102170504266277,0.190528405185649,0.166124925722117,0.0510210929894935,0.107145461143241,0.431235722832177,0.275253811514079,0.0322073410588317,0.144939732741747,0.165866632441571,0.0943935101695093,0.0974715640969649,0.146704048295671,0.0142312123057616,0.322462288663982,0.00158059302966428,0.00331087873402321,0.0182699329137049,0.0039141444744662,0,0.00434627953009448,0.0235026162485053,0.00651976670366829,0.00195463715610202,0.00817351078321071,0.00410072607715153,0.00889252038398115,0.0141276507088233,0.000746900246480928,0.00613157502887162,0.00333478887551475,0.0234080098822531,0.00843141123104162,0.00537271088702176,0.012383089512305,0.00328904791538077,0.00455986452684737,0.0105517785797288,0.00396955933942113,0,0.0130137155165932,0.00822938921696754,0.00264082510617822,0.00842636016513632,0.0501630103592004,0.0393350814683104,0.00470249843218908,0.00659678945606621,0.0105804976997934,0.0276550068950101,0.0123939134262879,0,0.0152180140096364,0.00551538844136605,0.00719531817048184,0.00155341983063773,0.00299200272133342,0.00449439916750564,0,0.00120854694843645,0.00192772861116222,0.00344640100128232,0.00559172717354741
0.0417898372253164,0.127509676963579,0.0874751252459891,0.125580210766249,0.0316628484587841,0.0629547926258909,1.72716038393497,0.106336806356399,0.0332353742423777,0.199496951927292,0.0505624508422307,0.249963084055083,0.418619983539121,0.0473103566926143,0.230931603879849,0.453118691951575,2.31037059297504,2.30386357976757,0.632282908691987,0.827914490394153,1.18478584598704,0,3.85982557153152,0.779548349770632,0.000271330111675672,0.0446497582143752,0.00737114384072966,0.0195516661797795,0.054868219572722,0.66754608084078,2.99677813278064,0.856191427705994,0.0363732220504612,0.0683347609793858,0.202161270075167,0.539563589321588,0.039140060324028,0.138866036619621,0.857979180390779,1.33329848498423,0.0183676513551568,0.107553797885794,0.116535564492115,0.0487949811196364,0.048266511519817,0.0943625328540554,0.0473849383889711,2.92282014298865,0.00307863420937746,0.0053641614378246,0.0599290574143907,0.0114385059262689,0.00072572388479691,0.00302779904664443,0.0681616537002137,0.00766003098782715,0.00186873233704367,0.00706263782114955,0.0012214599852524,0.0062348075042918,0.00695417109917876,0.00072505771066957,0.00495560304534963,0.0041342643391234,0.0724568419405125,0.0478343396084943,0.00686725306125635,0.00524544740571777,0.00372631156545566,0.082559661277385,0.00760142054704767,0.00546927681988998,0.000327005088926323,0.0300827284036465,0.00908355519133717,0.00904957435696836,0.0197637115143547,0.109880926287765,0.219581165586205,0.0225450757964818,0.0121274662190369,0.011783983792674,0.0333693944564674,0.0230298112709662,0.0010929948007373,0.00524839996293511,0.0131165604565542,0.00768291814723042,0,0.00568917550571678,0.00519539882897536,0.00134716150104874,0.00135427015332706,0.00760563865261376,0.000774158534240078,0.0106662531335991
0.0400800460516558,0.176608190798298,0.0753876959052321,0.145458499664969,0.0599734344415151,0.122874306880099,1.35723392421574,0.169072517217601,0.0667492480621476,0.721211127988442,0.0916596624082841,0.760596616823443,1.41298119910755,0.135460013827478,0.436396670166842,2.60544923651022,1.29393127121499,1.00772807033803,0.741962117279154,0.939115925748822,1.13414435033661,3.85982557153152,0,2.23274033337367,0.00106326097521382,0.0691822989353734,0.0116160013143561,0.0183052698578906,0.112901478746541,1.17445147534785,1.71616089753755,0.964196558850571,0.0494639355861105,0.129976486833581,0.491135199540565,1.59526857848636,0.0777025150673026,0.328658192571356,4.29461968385145,8.95711614256493,0.026449513628977,0.157473841397225,0.221565990346892,0.14378642389026,0.0833154799562854,0.202344644710941,0.0895143492976238,5.3127452773804,0.00199779671526429,0.00423016420112132,0.0363406586086205,0.0128094947662462,0.00208718844555486,0.0033712047316285,0.06547711752032,0.00652023409205519,0.00284578340747996,0.0140439204018777,0.00274519475125412,0.0140378583046251,0.0138488460831461,0.00679204047477704,0.00634351076469128,0.00898558066339537,0.0459551595735658,0.0223132886126479,0.0101179462956167,0.00930221744596195,0.00375369077691451,0.0555348091179623,0.0100520581973818,0.00735050064426834,0.000475769463620622,0.0208083491685524,0.0132236164840344,0.00488438618470637,0.0362270303120938,0.176004470335512,0.168348941098577,0.0164580790526125,0.0148281064928881,0.0304061634946542,0.0454276976025719,0.0558249058561246,0.00861379815776752,0.0144018071209438,0.0141677675497142,0.01232442020098,0,0.010657580603888,0.0030646605359036,0.00475710296643955,0.00386452954557021,0.00764791718994084,0.00752892345390654,0.0301035557336387
