0,1.6397385593488,4.26928844971324,1.98035138552226,2.53742132492329,0.718703022869508,0.299043172188475,1.15322582815608,0.0596019251235142,0.0992278120187799,0.0476388408073215,0.0681470006385358,0.0506145111420578,0.00659506450855043,0.00653317138033742,0.0089438571887342,0.100546426638457,0.0518550837678775,0.042666011692614,0.102373879311925,0.0607027005627111,0.107883792891302,0.0353506180776741,0.0300232104179406,4.59488284076325,0.205495068810866,1.65039195589142,5.38854090945137,2.4574337107389,0.346803997771077,0.220099243212852,0.0240788142090975,10.509119341701,0.12522199672276,0.0501694648924829,0.0279000797553104,0.00542041695500583,0.0204827236369969,0.0104142300364371,0.00749819551509725,0.439632649755135,0.348114636778412,0.077674545906213,0.129458924155905,0.0922375602090075,0.0851056106523369,0.00607683828076117,0.042467692686208,5.26563660094045,0.154499632148443,1.43462504804611,0.182731761899203,0.0613290799124892,0.0561391286651741,0.108789246928152,0.0778281730194039,0.00239585991910034,0.00650533114470772,0,0.00177439539050208,0.00394616848885638,0.000210765300872641,0.000992459567260053,0.00203968933790008,0.0568623387918759,0.0230760487002782,0.0081494437772618,0.0114463713430484,0.0125307933671954,0.0433643642849784,0.00412713942722218,0.0193742935791194,0.840981477335798,0.108391287080026,0.770850616529894,3.57494435282896,1.35155063697554,0.171781403136156,0.134156367238322,0.0124566148523934,0.478320434014182,0.0502593954657521,0.0131155394203346,0.0138344332475112,0.00333970557584295,0.00424013178034469,0.00281949736105094,0.00310071032581117,0.0240550686618335,0.0204041759101597,0.00584442128964845,0.00922034019643511,0.00489143609300368,0.00778714377354558,0.00368879118653207,0.0146626912729957
1.6397385593488,0,0.366204580609586,0.383384930931105,1.50750647915147,1.39448023484306,0.788627249439092,5.02519844875581,0.269170709896109,1.07492186464628,0.428393249561513,0.770919935145078,0.279600987002256,0.332115185733921,0.375271519592789,0.0889823402087305,0.544470609396451,0.249224539586978,0.471336793101968,0.42362933966053,0.210593178951353,0.30571141445423,0.120369028949528,0.155810638536365,0.388446898742054,0.230119016549373,1.04093865575969,0.147333708643883,0.290976873537441,0.536598730529026,0.276954362338985,0.134285211054079,11.7077786132962,3.01725919605847,0.861197001571284,0.188789743481191,0.248248740184498,0.861924049032251,0.144785989207142,0.036547716516485,1.67880450110665,2.59943683244099,0.647381996702148,2.20106690359605,0.782095193271124,0.50233872925891,0.0355923706107093,0.124788682131693,0.0977672883275422,0.0466704024152379,0.0773029293042454,0.0658480354354799,0.0197082635918349,0.0296819110557968,0.0817891996525812,0.0235105073494579,0.00327459676876826,0.00944955040515673,0,0.00352331606396774,0.0042350089499632,0.00102203207738383,0.00125792666123407,0.00821731606134156,0.0544538247751999,0.0378085794316767,0.00905922662612337,0.0153549415106129,0.0143695593236672,0.0729779413257041,0.0160615120057726,0.0642237770973253,0.112335082436012,0.078481914305938,0.184917018785993,0.128087351518785,0.150850406675682,0.163906732962326,0.178884540672831,0.0496721039967168,0.0848848089089382,0.0721577617149394,0.0455360834044192,0.05435184272076,0.00782316692888848,0.0121261779004093,0.0145067864379948,0.00774002266106966,0.0102753189695072,0.0182912055047422,0.0103223702861982,0.0148763804421262,0.00587953821586498,0.0107189105552961,0.010290841135955,0.0352967972707194
4.26928844971324,0.366204580609586,0,5.35574679944732,0.113367327492612,0.268201322516571,3.01166337957491,0.0479009060076102,0.0117776893837875,0.0200959551031864,0.00590034143454217,0.0106442912640455,0.0164918712144454,0.000492587764549191,0.00318195316065272,0.00356057005264852,0.323952503195221,0.0990375870709202,0.0279520511599178,0.0540405829183916,0.0262555316834704,0.0414954280295264,0.00925161867860212,0.0110207691032273,0.0851090794810644,8.30016446945416,0.173559871556014,6.21367237420828,3.51201567607148,0.725388521420233,0.422637574880368,0.0123695365567634,0.15312213634245,0.0636782499394551,0.0865833830319599,0.0295336767838267,0,0.0133730779019546,0.019506712352091,0.00447444481505065,0.0813267726414924,0.219533412279669,0.0412578055223522,0.0247832898576555,0.022217647322425,0.0330272158894159,0.00342377242898807,0.00290621709704729,2.67716689893776,0.0986051221057844,3.9620470429519,0.516958161494197,0.0971258330531971,0.175191894429507,0.625301889213156,0.0151847972509547,0,0.00362113917510094,0,0.000863684734612145,0.00388262585542068,0,0.00154298968437835,0.00169740066843653,0.205615020609808,0.0640660325448432,0.014499328430648,0.0184934164573989,0.0119640341463448,0.0369455640340328,0.00401487495092306,0.00653876725279975,0.0261982045422074,2.06096499284332,0.0472033137564736,2.93594516969126,2.01615540663916,0.380252269414407,0.239163747562994,0.00713716095345248,0.0464744342332362,0.0107886332251469,0.00923359311720947,0.0129692972520691,0.00256232611141344,0.00285492219632788,0.00252771431404859,0.00317303966816149,0.0240095800925414,0.0527884436453617,0.00866851888663488,0.00271216376818393,0.00482634173644535,0.00703424916516602,0.00207625749073754,0.0069811689403504
1.98035138552226,0.383384930931105,5.35574679944732,0,0.923650480285834,1.58246862179337,3.11304787381198,0.100902220543324,0.0161150845618392,0.0207523906720156,0.0049389852894021,0.0153676160851044,0.0153756989372832,0.00115025333256401,0.00367293030904964,0.0022057112125905,0.279552203093249,0.108578451471131,0.0512468551844598,0.0664666224998902,0.0350724875393639,0.0524002536772207,0.00816200456885609,0.00493927683498432,0.0381121486658414,0.302382808287589,0.0778159913914307,0.503755074301818,0.484397373304414,0.138282729886826,0.0694323198931831,0.00721000050146911,0.218169611391082,0.0637968371548234,0.0737213379787497,0.01451842940662,0.000801366952381538,0.0213145504261085,0.020520252036744,0.00661647790441569,0.264557843074502,0.389288656258149,0.060984974149025,0.0397374598687857,0.0542561152470675,0.0398367796348346,0.00115929047751914,0.00534808196250172,0.141732025104973,0.0407221766060165,0.217744238625351,0.161604094881618,0.0271264153059732,0.060273430219093,0.121339238637493,0.00742026941613273,0.000580901911834457,0.00202592018973636,0,0.000417404558645283,0.000898289785974185,0,0.000263651642259055,0.0006287709832221,0.0463543996628379,0.0170946151695576,0.00874940904770981,0.00900014647003684,0.00476010590404163,0.0191803507808498,0.00200752530932365,0.0034993893964858,0.0101783587127917,0.130296682298856,0.017605933510692,0.157864312820685,0.211086456991977,0.0682945095877041,0.0472904024431168,0.00316035172615649,0.0218650548362736,0.0100856707753895,0.00417291788414422,0.00592029116901678,0.000781486007990585,0.00190685309181593,0.00101586641405658,0.00227746820805713,0.00990209387292347,0.015493985773438,0.00311748633199894,0.00250821407857863,0.00309121329510192,0.00306687705840729,0.00191116388292372,0.0029145222954057
2.53742132492329,1.50750647915147,0.113367327492612,0.923650480285834,0,8.65515413331347,0.747206244724213,2.33190529133936,0.27845636223249,0.183479210927798,0.159547798360248,0.058670796650488,0.0483518352093973,0.00628854088222763,0.00301338784601031,0.009907507894785,0.171372642537938,0.052747906572705,0.21286145407345,0.111182609396395,0.0655758655159555,0.0523943825286031,0.013631364959589,0.0156846083069118,0.0516951886875329,0.0501203017695256,0.114129188805628,0.0541771797983118,0.108244459155711,0.0640274977866196,0.0290527176346072,0.0233260380673513,3.86242555605157,0.066345296188518,0.0512419562313919,0.0107719111529342,0.00463190138175545,0.0182927839097891,0.0144660914269288,0.00227900557682847,4.52753047286398,3.1369019508366,0.273445410105533,0.698782612354378,0.521975852986462,0.293054322896505,0.00724831180879984,0.0261861095167098,0.0584509241039723,0.0175352934718218,0.0344443555773671,0.021120964986036,0.0167237186040906,0.0201135406234199,0.0176040626789853,0.00173668393288807,0,0.000826345609952634,0,0.000870999569981788,0.0014142075977784,0,0.000528290268133908,0,0.00856883327874626,0.00787434532982512,0.00162313055835533,0.00399515614203942,0.00125803050903907,0.00852074076272338,0.000359807320863714,0.00891595913591739,0.0289368065987543,0.0292662619594872,0.0399597601729298,0.0667970309783,0.0710571093228035,0.0388741083032287,0.0210102799982527,0.0176523598352283,0.0183099353268422,0.00360607928118456,0.00717602645639996,0.00436756381166674,0.00166064125263821,0.00352083177202367,0.000567747506909574,0.000515684876109597,0.00413568602365903,0.0045743482948396,0.0023202755700179,0.00119532566048562,0.00376763544320952,0.00343968975386658,0.00258964163231956,0.00443191368189295
0.718703022869508,1.39448023484306,0.268201322516571,1.58246862179337,8.65515413331347,0,2.10068316403635,2.21981714844565,0.351238459446366,0.226212047373562,0.118513443479687,0.079227822015691,0.0429925473222581,0.00760893052408317,0.0089797096103655,0.0068177693288648,0.440704629218179,0.0903001249395669,0.502230996043138,0.21009624395909,0.0665197108308062,0.0680366668561495,0.0201064190575818,0.0250060156537698,0.0154016065113159,0.105185010366169,0.0798458048102799,0.0437012995242286,0.124893694395455,0.0830704733849812,0.0353650853567645,0.0183632515748039,2.10175252135275,0.0714655667349062,0.0952627401356572,0.01624100914573,0,0.022080133291933,0.0104883115484358,0.00206058702785958,4.51136460860462,7.33180149102996,0.568194539988972,1.4279582069175,0.932396985848789,0.38938880211208,0.00638719460576043,0.0250150336570961,0.0236285888896269,0.0210155789686762,0.0537459445912827,0.0496255397563491,0.0144633515550022,0.0214036607650421,0.0308121672597909,0.0014651790831689,0,0.00336116466258038,0,0,0,0,0.000503945812872039,0.000688931168694645,0.0108266671139228,0.0135949361110466,0.00177443517881376,0.00409170229539872,0.00394232872140771,0.0127351607648515,0.000505411517873842,0.0059588468923867,0.00521167316741779,0.0511679153855157,0.0158327911172087,0.0388231166351045,0.0716809317441327,0.0450690172125381,0.0307113507364343,0.00592103819169584,0.0109409073590463,0.00516873097504384,0.00248317629088897,0.00631771011277868,0,0.00154374170808774,0.0026375373623003,0.00144775050376342,0.00290789797481718,0.00856198817397513,0.00210926522951671,0.00237922865231489,0.00232911796855056,0.000869400924762242,0,0.00347051733837779
0.299043172188475,0.788627249439092,3.01166337957491,3.11304787381198,0.747206244724213,2.10068316403635,0,0.373066322792792,0.0991363187375859,0.085084334374484,0.025354201365788,0.0348323445889439,0.0244249749513319,0.00518846861527804,0.00681155867892019,0.00790945413464325,7.49320882104623,0.583893436558089,0.65778246975437,0.22964462118009,0.0872984143266278,0.128165455853118,0.0200351542344044,0.0150411900439515,0.0124864240590107,4.12194510367836,0.0944106612834728,0.367378334681617,1.55631875094838,2.16701138138884,1.37757681281894,0.0119916303881358,0.356590153102634,0.186960744287815,0.23687780030408,0.0512886458239345,0.00114316552334162,0.0272968487169684,0.0338056214279658,0.00972752346601946,0.425274798673862,3.58174094962165,0.430831078108485,0.259338266396605,0.214383453233556,0.129511583672817,0.00575988213517263,0.0115427526026668,0.0402139491395454,0.0285289521649826,0.218526684609133,0.0846049996290659,0.0144528554509196,0.0323243669495961,2.03194942975227,0.0053399400945648,0.00146703411955519,0.00234786903612075,0.000238356091227356,0.000715296488945291,0.00448049244744264,0,0.00131271249121276,0.0023488150744596,0.871141480249343,0.141193963211655,0.0163604632014477,0.0131016316824597,0.00777662134625876,0.0698449008970577,0.002776426865894,0.0109798750165229,0.00647471390417399,0.848073665264807,0.0194252627911809,0.0982327261465353,0.550296890827089,0.891207293942338,0.760946112672684,0.00698498080940574,0.0111093301118139,0.0150653899121239,0.0110295845643954,0.0137443372551447,0.00106084319621215,0.00305334007878293,0.00587977210890246,0.0039399489538726,0.00238268274629469,0.0141538556657916,0.00448870976749701,0.0028817798386879,0.0037083160663183,0.00630082313069501,0.00394625372632246,0.00350465140513072
1.15322582815608,5.02519844875581,0.0479009060076102,0.100902220543324,2.33190529133936,2.21981714844565,0.373066322792792,0,2.99914317161007,1.60993733859035,12.147177938324,3.88996258411139,0.67385961961573,2.40365733620467,0.927998440843673,0.246197247891089,0.155116622324902,0.0814933253134029,0.209077748110531,0.376976746517608,0.275087754568338,0.31819287656014,0.247480814371836,0.290989399097289,0.0851261876859571,0.0291012423001169,0.456929185814982,0.0233142876242477,0.0598244126527813,0.362066246372372,0.336275768644894,0.202347259792939,20.6955150039832,9.30666250956302,0.601497097942752,0.276715254963163,2.60446066300131,3.1359927106881,0.225780663950983,0.069087868431412,1.32587649942062,3.25864051320635,0.357995764958888,5.20529844216769,1.25544054770706,0.823782031136458,0.0584613328315887,0.190907434931702,0.0131372755347482,0.00835566735610012,0.00670515566001595,0.0113759488376053,0.00237794272001527,0.00821845906596576,0.00801736991880574,0.0136120492453947,0.000683721557018138,0.00111597933320397,0,0.000705228842893257,0.00196749535966508,0,0.000743221227620772,0.00641659255131127,0.0128918031703227,0.0122439353966446,0.00500089009760119,0.0020564840446359,0.00907561042447573,0.0518265999316766,0.00977635753957571,0.104586106337263,0.0196560283860399,0.0082516943115234,0.0605212246046997,0.0232401792262547,0.0290149433355218,0.117323859974509,0.136579243248073,0.0634697312158705,0.0195027145198975,0.0395482575515612,0.0356865687746676,0.0571833658934045,0.00896658256729672,0.0101715877185466,0.00891505659213513,0.0121678418637466,0,0.0046048918639584,0.0031675809150144,0.00554897809443807,0.0057902645145095,0.00368202569818332,0.0214044172626038,0.0484159576217101
0.0596019251235142,0.269170709896109,0.0117776893837875,0.0161150845618392,0.27845636223249,0.351238459446366,0.0991363187375859,2.99914317161007,0,3.49327191418052,5.83694391146393,1.78920863240083,0.15793613669602,0.147627152838216,0.273039330835108,0.0563693657659278,0.0792551706206243,0.0256769683220745,0.206242861096253,0.235200825429193,0.126449134434497,0.0709049649715771,0.0416857542617688,0.0591192944616021,0.00995483943947077,0.00291662068725759,0.0349205895853755,0.00370608595937696,0.00530733234474705,0.0508664149278818,0.0458617638805341,0.0596877616598301,0.729483446399933,0.287829856440031,0.108093109496308,0.040341900148584,0.144886989984483,0.30769239182974,0.0185336620732026,0.00577040917322497,0.123697169338132,1.26477186177115,0.268043759825066,1.10723025369493,0.679784512249778,2.32728473090845,0.0203923670559269,0.036085059372379,0.0013833096666407,0.00315229655205927,0.00182554833402843,0.000800484503180867,0.000863772745578542,0.000422243224679816,0.0012034209755689,0.00349447355714284,0.00105640350440112,0.00323817403709711,0,0,0.00156304677016425,0,0.00186451796396675,0.00418105532618077,0.0015097391125166,0.00709101211156638,0.00114538039963018,0.000880520372666414,0.00228933037038026,0.0138197312314313,0.000605326595678385,0.0253871564741968,0.0026005064658538,0.000477325060771194,0.00515083304394343,0.00410990060792612,0.00691385025551144,0.0227539785637991,0.0305240973025562,0.0216000180041443,0.00317718138552164,0.00686233518802774,0.00806406710839058,0.00635836688827152,0.00160084748624034,0.00263331466398305,0.00374994842162352,0.00308444079450697,0,0.000583189168462367,0,0.00364228114681693,0.00119086486618435,0.00298538298312735,0.0143822636872568,0.00834705962280906
0.0992278120187799,1.07492186464628,0.0200959551031864,0.0207523906720156,0.183479210927798,0.226212047373562,0.085084334374484,1.60993733859035,3.49327191418052,0,1.4522767506227,3.67173746702026,0.834661646535044,0.336441767160784,0.594201032269216,0.140065266429738,0.10998083400851,0.0682664121411111,0.318730904457334,1.38136888371746,0.750502260733568,0.208334525749357,0.0849307221305551,0.143509219811834,0.0267813836132277,0.0157086025918476,0.109863562277999,0.0136680363106248,0.0292014479809928,0.204703924700399,0.220871258122349,0.137403557774175,0.911493286044266,1.31638674138989,0.576669252103655,0.179996730504498,0.289272198926419,0.968344287081436,0.0780839804186347,0.0257243974900567,0.100297083721674,0.904704932040367,0.411454269850396,2.25991387509377,0.531810035457725,5.15944411074223,0.0425587570630996,0.0650717252385475,0.00716996377814502,0.0127209101770575,0.00321064583006847,0.00478417171310519,0.00244299020446262,0.00244327012809626,0.00821336796569148,0.0117823106518714,0.00288213331236798,0.000636241579733514,0,0.00196060043060695,0.00267278001736562,0,0,0.00215798006305074,0.00786104724563256,0.014565808544213,0.006260755434917,0.00629968272198998,0.00788923319762398,0.0467595792676659,0.00956403696690161,0.0509119915071993,0.00382559976634507,0.00673166245556548,0.0325884148118526,0.0121477110380207,0.0312862837658705,0.0844750569901295,0.116443129212866,0.0488990716555679,0.0118908834901148,0.0286546894550651,0.0275284041883543,0.0444421190178477,0.00253841137062044,0.00392179028466022,0.00494057183158187,0.00855536567279689,0.00197739248948256,0.00180296638369014,0.0016300018750777,0.00507087646769655,0.00286649307645213,0.00671450005348814,0.0224605675686279,0.0196144339722114
0.0476388408073215,0.428393249561513,0.00590034143454217,0.0049389852894021,0.159547798360248,0.118513443479687,0.025354201365788,12.147177938324,5.83694391146393,1.4522767506227,0,16.1006298162382,1.36644089762271,2.46746243408818,3.02414463681956,0.420799311023898,0.0253813990643258,0.0394119761909355,0.0378313411312513,0.221838785291501,0.224777615187066,0.185935664033159,0.314646160660633,0.28759999218187,0.0271752396590779,0.00362256100954179,0.0465986328153738,0.00388502352317377,0.0101791283298903,0.164966221782137,0.176794584543532,0.167372754398229,1.18407857940464,1.71314741010481,0.459308305044988,0.185147466706589,1.7961115427349,2.7080081061383,0.160535396265484,0.0630649042029108,0.0734314967544232,0.257314707947294,0.0657686008281508,1.12431919944046,0.197712714731602,0.616409953773562,0.0471490013485576,0.0942637289080648,0.00101714810444116,0.00228059875608354,0.000245787868911265,0.00100708882749032,0.00161989617355315,0,0.000624575386251242,0.003284735198547,0,0,0,0.000791792109186853,0,0,0.00050885000399753,0.00393130615063429,0.00166215285134464,0.00670221246353501,0,0.00178237499388523,0.0036959438199826,0.0176416805703806,0.00205578768500081,0.0793268061558207,0.00507600164849142,0.00180237090161137,0.0121137040244995,0.00767163045823076,0.00663776767473546,0.0684216762311704,0.063249326258136,0.0500054862545011,0.00195561118421725,0.00901039135317017,0.0156991381907598,0.0371458511988367,0,0.00194369368389632,0.00449680892698034,0.00415880684339992,0,0.000475297726866181,0.00265943863285815,0.00616071385821383,0.00145670839160733,0,0.0364206046773093,0.0266869398349756
0.0681470006385358,0.770919935145078,0.0106442912640455,0.0153676160851044,0.058670796650488,0.079227822015691,0.0348323445889439,3.88996258411139,1.78920863240083,3.67173746702026,16.1006298162382,0,7.50187960540663,1.0222361667979,7.87228182780833,2.92543996324845,0.0489286595744801,0.0510752545815026,0.0605571038642966,0.669980793513218,0.584996455424814,0.471002806600965,1.24973707398758,0.509976912502094,0.019072979254919,0.00438226632496541,0.0633331225323298,0.00645512321271885,0.0157545966037448,0.604344419716797,0.444462234515645,0.15634358176372,0.683906286881301,2.25124032198215,1.57991911319476,1.01361113532278,0.556654408364608,4.08179091180339,0.600237513047996,0.197522053844712,0.0382037488956662,0.19446426671048,0.0915801463835866,1.52168960769437,0.17744570452109,1.27992834426564,0.0800061649831991,0.181754636222617,0.00343018165392436,0.00456790746533639,0.00359497133860153,0.00225833905425359,0.00119704005809407,0.00037754708877643,0.00585928339251377,0.00979817863649832,0.000522931400982883,0.00427438068561057,0.000991310453013115,0.000376465203612095,0.000359286741279097,0.000448329272628639,0.00120658593941101,0.00432745639161447,0.00520967093078368,0.00618992067518274,0.00183376483960778,0.00196103652189192,0.00152309746679083,0.0364762312152772,0.00449144974845853,0.0626891283564134,0.00358871850611578,0.0070400734691712,0.0215854311245523,0.00719881464724845,0.0111542892638598,0.0799329347925268,0.0939855106231207,0.0424764526980779,0.00922874249245345,0.024598227922137,0.0204014903496139,0.0746050739860255,0.00709022623430106,0.0123579338074535,0.0132349616037087,0.00793775520760766,0.000618012344924805,0,0.000900180466146948,0.000806634419367874,0.00339465557463753,0.0007598268518842,0.0221366328638624,0.0361752005560733
0.0506145111420578,0.279600987002256,0.0164918712144454,0.0153756989372832,0.0483518352093973,0.0429925473222581,0.0244249749513319,0.67385961961573,0.15793613669602,0.834661646535044,1.36644089762271,7.50187960540663,0,0.246460465514484,6.52849130726462,7.72698218310753,0.0231134602712241,0.0480471229409649,0.0316210216963246,0.990051127121228,1.59530418259866,1.17251554008613,4.30752508744396,1.28980792770989,0.0181355388477111,0.00460117100995577,0.0937968822904429,0.00899448790867552,0.0314977112161777,0.849164852574433,1.19600768338056,0.595591226061244,0.39004479294388,0.923945410174209,0.978772585917599,1.87651030340796,0.134908026601047,2.04284547095691,1.27700794522091,0.626911717566853,0.0357520906581883,0.0762831868180263,0.0462296861881688,0.368077635179367,0.0695656829318879,0.358588442454135,0.305747961704817,0.487101859549127,0.00440007098337957,0.0120094291776952,0.00459521907035328,0.00409822989836051,0.00117599505846641,0.0042434672535395,0.00780185073932042,0.0198286772559178,0,0.00365890858198192,0,0,0.00257003661220173,0,0.000639276598716886,0.00810962106550173,0.00774928806806679,0.00585486947007021,0.00340199275388182,0.00351532270910214,0.0106480059529552,0.0733170841500444,0.00899287950997498,0.18163192916313,0.00721963365009703,0.00687233279892831,0.0410392651538991,0.00928162801459953,0.0146217994335944,0.156306616165513,0.208797580451577,0.0991040931914312,0.0155281141345702,0.0591671807891555,0.0740781834718475,0.145116422832133,0.00581437663406575,0.0149605279378772,0.0347781657124337,0.0235558022348292,0.00050894471003643,0.00300783914805369,0.00252343315293803,0.0126097857638304,0,0.0060649275930337,0.0543114858760448,0.0774201634503485
0.00659506450855043,0.332115185733921,0.000492587764549191,0.00115025333256401,0.00628854088222763,0.00760893052408317,0.00518846861527804,2.40365733620467,0.147627152838216,0.336441767160784,2.46746243408818,1.0222361667979,0.246460465514484,0,1.19786971458693,0.139642653307453,0.00136825291311088,0.00188637348176449,0.00142259890875962,0.0352132425604037,0.0293032606903719,0.0269892568082589,0.0630561144197979,0.0970415792669024,0.00536349889441796,0.00520790801683668,0.0469596512275096,0.000392401769141282,0.000825772338875902,0.0875219454033192,0.0580755380581088,0.0323710245319035,0.559398821292763,1.93371278650855,0.370594918349844,0.0825496537892412,10.0452393956882,2.65853980525568,0.0638059801021656,0.0177097813528153,0.0306976853695028,0.0143673581557213,0.00171896236893546,1.41944374633408,0.0331404903078558,0.0395004764013169,0.0269553823246078,0.0245791147612523,0.000105903077891037,0,0.000328481263623405,0.000468379214940917,0,0,0.000844750354390793,0.000925086399557046,0,0,0,0,0,0,0,0.00303674449217084,0.000333565529014868,0,0,0,0,0.0039982704357186,0.00125785686105917,0.0234390790309229,0.00124054438678037,0,0,0.000623740722592914,0.00646332975016603,0.0119900071938427,0.0100217369520728,0.0212677827047734,0.000498699771012568,0.00485760684951394,0.00658895910383939,0.00813509842267269,0,0.00216609272991704,0.00605884679754518,0.00103809027497548,0,0,0,0,0,0,0.0128082374078731,0.00469274943572769
0.00653317138033742,0.375271519592789,0.00318195316065272,0.00367293030904964,0.00301338784601031,0.0089797096103655,0.00681155867892019,0.927998440843673,0.273039330835108,0.594201032269216,3.02414463681956,7.87228182780833,6.52849130726462,1.19786971458693,0,17.7260144589706,0.00345505413729238,0.0134477903832919,0.00636354099147168,0.0706299637384913,0.115761987594627,0.190727129573519,3.20135639752145,1.85058609252548,0.00708920784017313,0.00864884397411506,0.0407809125573419,0.000357585686058742,0.00341691534215328,1.22390060396928,0.629885677176735,0.139985264775737,0.274536310045205,2.69817243728038,2.27911012562318,4.26756486127605,0.507721917955315,10.3766643712338,4.79874231755331,1.53828292761207,0.0103299337094548,0.0159027951962212,0.0126455822652639,0.784598677109904,0.0369659929711785,0.0623568922199439,0.0672228607588448,0.429362989512884,0.000599045436839446,0.00333165613302795,0.000616180630502883,0.00400031401697268,0,0.00253854667769091,0.00545657402448461,0.00319007490761478,0,0,0,0.00284814111608498,0.00483394232094752,0,0.00338779976874509,0.0158932754281968,0.00290890107619306,0.000969843594379863,0.00381247403461304,0.00229332794479026,0.0041069188403093,0.011935519917734,0.0113926283195096,0.0574602099586182,0.00194822540311722,0.00164756072166858,0.00518011826478865,0.000430349777245237,0.00128211984185194,0.0602820142980433,0.0655260913742074,0.0471435063501068,0.00120411758756087,0.074280210095391,0.0961987468539315,0.259464151212625,0.0036215487475924,0.0771752657862362,0.0854804311465008,0.0402025778697465,0.000797776293678332,0.00321117258603057,0,0.00167385283728533,0,0,0.01564318911359,0.0449861674019217
0.0089438571887342,0.0889823402087305,0.00356057005264852,0.0022057112125905,0.009907507894785,0.0068177693288648,0.00790945413464325,0.246197247891089,0.0563693657659278,0.140065266429738,0.420799311023898,2.92543996324845,7.72698218310753,0.139642653307453,17.7260144589706,0,0.00998569410892039,0.00782470479340197,0.00670933930220496,0.0411043038136874,0.0752720088918526,0.220120087331852,6.67981728083675,1.72115329115309,0,0.0064264559318271,0.0220638178966626,0.00122044140720312,0.00138252936332587,0.685978247424005,0.40754399130424,0.160647436996942,0.0473065520918547,1.10964050207939,0.947293862888631,4.18753370089584,0.0842327782941894,4.17678412073698,6.14047310515947,2.75921321791003,0.00266187991184164,0.0111047681715965,0.0167237156414197,0.09370922189021,0.0352075146740406,0.0317673286583085,0.0739423558067694,0.765264710687908,0,0.00126441316339117,0.000873589631421843,0.0011737261043125,0.000911070969488725,0.00398827004281815,0.0066465304528969,0.00341848078796787,0.00153969337661491,0.00127830795861379,0,0.000457018033886772,0,0,0.00429699818181759,0.0214887590185305,0.00493727536598469,0.00338579760193619,0.00356098038196889,0.00594766935828739,0.000934596936671417,0.0117683743930359,0.00920909724474119,0.0616627955507525,0,0.000707722106807335,0.00237376253400821,0.00334890335466928,0.00147236611835301,0.057221068758612,0.063508157632539,0.049253655536739,0.00480656127930701,0.0675712519287471,0.0734979086948996,0.283379451489674,0.000744259146212733,0.056103312300687,0.068523997155125,0.0457785393383273,0,0.00239743113308038,0.00198591145018855,0.00213698397029243,0,0,0.0124066997390599,0.0463210448583391
0.100546426638457,0.544470609396451,0.323952503195221,0.279552203093249,0.171372642537938,0.440704629218179,7.49320882104623,0.155116622324902,0.0792551706206243,0.10998083400851,0.0253813990643258,0.0489286595744801,0.0231134602712241,0.00136825291311088,0.00345505413729238,0.00998569410892039,0,3.01929765230267,4.07837376074236,0.811880580181048,0.12525101133675,0.199310686224701,0.0121247289377366,0.0129377277177004,0.00868216273599886,0.635137776281888,0.0662370046080119,0.0920962669124994,0.450642117432735,1.34445362097425,2.8623731246082,0.0138781483026037,0.189321242715299,0.131814996107977,0.219676599746615,0.0307299622029838,0.000817225268949905,0.021573194661374,0.0396173718527533,0.0103974234247798,0.127472088171491,4.14370796980999,2.27452571409672,0.139751261552104,0.417650755971746,0.297297147063501,0.00275004610159865,0.0105315054168164,0.0127539624548968,0.0158605410622387,0.0503341491929736,0.0311820103142511,0.00545795657746408,0.010229216841318,0.734493756946987,0.0090263316354938,0.00230704624684096,0.00240002702854834,0,0.00362768611345316,0.00375773410803062,0.000190423553195533,0.00120940530803643,0.00106842449143901,0.914853952812683,0.133630394160636,0.0131237079944123,0.0172819120217006,0.014006367166062,0.0880042856042935,0.00624767582972818,0.0129432017685036,0.00426076257277243,0.143080615020214,0.0134518631010466,0.024618948327019,0.123636825280036,0.539415208317153,0.949770105443211,0.00418839077275719,0.0096872099917063,0.0100715606396772,0.0109893335719681,0.00863472878737204,0.0023889009525138,0.00304856125378951,0.00267420592755868,0.000480422121276029,0.00195547014865682,0.00851209510159741,0.00686559626661275,0.00342067305356412,0.00731022959163324,0.00683264916649732,0.00162954567076184,0.00452370964642963
0.0518550837678775,0.249224539586978,0.0990375870709202,0.108578451471131,0.052747906572705,0.0903001249395669,0.583893436558089,0.0814933253134029,0.0256769683220745,0.0682664121411111,0.0394119761909355,0.0510752545815026,0.0480471229409649,0.00188637348176449,0.0134477903832919,0.00782470479340197,3.01929765230267,0,0.363844494879599,2.27598621021717,2.29509576214062,2.68190964294177,0.0296712205212386,0.0603735225326315,0.00916559850640623,0.150570724251605,0.0691417746354474,0.0406219318340751,0.157101403638557,0.674679457108308,2.58289410258306,0.0788003830539022,0.112369145773468,0.0964255730789016,0.149579848119235,0.0378586154917774,0.00227376071966765,0.0269907075234409,0.0245470989352506,0.010990912211925,0.0387887298488775,0.180939626426424,0.165849492354289,0.0526237972547836,0.0767222900228076,0.0859514432909655,0.0143296613870144,0.0190056572915889,0.0168509880844502,0.0269455309746581,0.0246420735819058,0.0165383506917085,0.00505027437633164,0.00775377113314017,0.124797953553597,0.0234174704724306,0.00174870007110926,0.0171644699617986,0.00114206558327305,0.00589384969045859,0.00798567735155054,0.0017409824945952,0.00404605804924318,0.00964968951426252,0.218311654732871,0.0996619700009463,0.013543641444031,0.02272846861553,0.0232342189968555,0.112876134037354,0.0135667250148402,0.0276579127858759,0.00591118285158903,0.05458416749864,0.0275571417507786,0.0168046076243801,0.0593236129066887,0.258100291738526,0.824260272432047,0.0318494032350872,0.0201968872410953,0.0261647173738427,0.0277663062149733,0.0263762043938548,0.00711501696533176,0.0143912550129852,0.00517623765546888,0.0054035296966927,0.000630328642052282,0.0126514136665937,0.0222774991584803,0.00740410176903255,0.0161846997041653,0.0132091517614326,0.00735396985789928,0.0180618431808944
0.042666011692614,0.471336793101968,0.0279520511599178,0.0512468551844598,0.21286145407345,0.502230996043138,0.65778246975437,0.209077748110531,0.206242861096253,0.318730904457334,0.0378313411312513,0.0605571038642966,0.0316210216963246,0.00142259890875962,0.00636354099147168,0.00670933930220496,4.07837376074236,0.363844494879599,0,5.42141878785687,0.335226636940451,0.10919559240574,0.00913808724154619,0.00581175985553237,0.00720449508270348,0.0323923519072615,0.0271321988024782,0.00503819290421892,0.0324308838039953,0.0841219322575633,0.0388536207752675,0.009723686476771,0.189769851130381,0.0975890023764086,0.181887563987139,0.0226237903949642,0.00586740818832027,0.0264542506874838,0.0191151658224297,0.00376382681277202,0.214260353541919,7.2448744231013,9.6136969971448,0.33371311589896,1.25750499208374,0.891290710260886,0.000944320927285594,0.00556387228788334,0.00276330305029261,0.00416637726315771,0.00711392323271493,0.00701949311432028,0.00196071607543355,0.00419100537581628,0.0136275864482983,0.00260170354248414,0.000586904770793428,0.00108207329713926,0,0.000407445081751723,0.0011202907851046,0,0.000467892092281538,0.000581463341708544,0.0195125658650982,0.0266457885371828,0.00469975425179184,0.00605740039045011,0.00757790062677066,0.0159711223047915,0.000308362361547326,0.00487114746326203,0.0010774857219614,0.00974460778785718,0.00810399528319859,0.0017391431060794,0.0136325701224373,0.0496883021515086,0.0383949663743911,0.0056171887718889,0.00232881975301751,0.00548095249317579,0.00485416310201409,0.00486995510636498,0,0,0.000740932333733735,0.00148597077976219,0.00062870041605842,0,0.00627397993286538,0.00194128793220144,0,0.002627392428466,0.0014556327196821,0.000251322952149746
0.102373879311925,0.42362933966053,0.0540405829183916,0.0664666224998902,0.111182609396395,0.21009624395909,0.22964462118009,0.376976746517608,0.235200825429193,1.38136888371746,0.221838785291501,0.669980793513218,0.990051127121228,0.0352132425604037,0.0706299637384913,0.0411043038136874,0.811880580181048,2.27598621021717,5.42141878785687,0,4.00503301637369,0.912187179586353,0.113519442000319,0.285248418629041,0.0198561280182803,0.03107388419317,0.123583077013287,0.022894264443558,0.0544705295056084,0.309735088369797,0.738008460217153,0.24549140587627,0.335207123342227,0.300467577630067,0.224038713328476,0.137537760036083,0.0391918891687585,0.172993531903529,0.0544435609731609,0.0203303813819944,0.103394379019164,1.34495030927849,2.2115248555876,0.285895788241868,0.269377981587455,1.51148712020983,0.182590201599313,0.0608230541378027,0.0109606664243812,0.0279333482056516,0.0132278656208855,0.011926517886238,0.0047942566291586,0.0100844672901356,0.0288070895693616,0.0241598158702601,0.00399211307115369,0.00923493296246873,0,0.00389695856270952,0.0064486038899273,0,0.0038189116573082,0.00718403410754089,0.0304814825571602,0.0329479478949894,0.00985354267917169,0.0112991891472629,0.0175755835134598,0.0785890205383909,0.00854857883859887,0.053930312952234,0.00392933082094649,0.0103136742282487,0.0263397000566107,0.0199481514021117,0.0271120706206163,0.143710255189377,0.200555881106028,0.0472897634076078,0.0237486873731883,0.0423092987314585,0.0309080817637902,0.0409761709146146,0.00428385811537082,0.00899837114027241,0.00972970628813083,0.00560059487670461,0.00862047249949682,0.01245744122671,0.00636276461697453,0.012383764313697,0.00694663075145497,0.00587452554935741,0.0181590456807733,0.026859821369094
0.0607027005627111,0.210593178951353,0.0262555316834704,0.0350724875393639,0.0655758655159555,0.0665197108308062,0.0872984143266278,0.275087754568338,0.126449134434497,0.750502260733568,0.224777615187066,0.584996455424814,1.59530418259866,0.0293032606903719,0.115761987594627,0.0752720088918526,0.12525101133675,2.29509576214062,0.335226636940451,4.00503301637369,0,3.17240326802573,0.529697750277588,0.837427730217911,0.00843732041742683,0.0232034983889153,0.0684333629403197,0.0112461369267233,0.0315167296785574,0.550598343019565,2.32293122731794,0.966484675334737,0.202598940240738,0.144505677955311,0.185378908645534,0.202500148983921,0.0201285942667426,0.0790494923732946,0.0440072120044595,0.0207225113733738,0.041023908646611,0.20574759253024,0.165445117868015,0.12445606860554,0.103412623936404,0.647100510431325,0.483559561871974,0.158098905513669,0.00676172969740957,0.0203703664470833,0.00602027429719119,0.00628063831743953,0.00196921418891255,0.00317593820421884,0.0152683265877974,0.0282157139962746,0.00118781922290101,0.00926016787783058,0,0.00115585985769607,0.00668231559810294,0,0.00470075979238335,0.0064181223782339,0.013703722300843,0.0213889002980239,0.00473906284896899,0.0121239940208485,0.0153935818765514,0.151710947553242,0.0213742610080514,0.216655702534838,0.00472861168447338,0.00554619119142293,0.0223571172045415,0.00797793021252455,0.0182415771515822,0.17743561767628,0.351734333194817,0.130332760615469,0.0179680415465616,0.0400512557068037,0.0519020259138427,0.093310374727747,0.00918193586335649,0.00967695615718638,0.0167301090346568,0.0142005575441533,0.00150634659021781,0.0039779143430128,0.00289601000530221,0.0215764881109295,0.00422249354876866,0.00806023442780034,0.0537516655270958,0.0977970984220668
0.107883792891302,0.30571141445423,0.0414954280295264,0.0524002536772207,0.0523943825286031,0.0680366668561495,0.128165455853118,0.31819287656014,0.0709049649715771,0.208334525749357,0.185935664033159,0.471002806600965,1.17251554008613,0.0269892568082589,0.190727129573519,0.220120087331852,0.199310686224701,2.68190964294177,0.10919559240574,0.912187179586353,3.17240326802573,0,1.98794189147288,1.89763754287838,0.0108681598364355,0.0328702783631731,0.0575979277242928,0.0262642438616187,0.0749348798997552,1.05900619347484,8.24247491704334,2.67598453701017,0.27220315622928,0.192401116987981,0.215466466081158,0.60189103181942,0.012512583118349,0.146331035334423,0.114407086777263,0.101337472264412,0.0425661439618771,0.16933665786839,0.156714904189397,0.110534678066161,0.134291136526657,0.166193392444554,0.476061906743822,0.868014152301638,0.0104145035206641,0.026916823436937,0.0102469752838816,0.00975760337898831,0.00223374364523169,0.00577618588223771,0.0318704761023273,0.0348341478082401,0.00353772060876315,0.00343066704428058,0,0.00133615007323639,0.00768949032006368,0.0010966728406553,0.00547053713105735,0.00902582605831928,0.05232761250472,0.0415728348760763,0.00721687608735121,0.0109964527962563,0.0214658052228358,0.40955132541842,0.0325741568307055,0.35634195740731,0.00380156520399937,0.012473275189541,0.0207848260660967,0.0119974094133102,0.0331015606455901,0.378564804649043,1.11638057864784,0.318767611744791,0.0201546345534047,0.0577853439044077,0.0584209223015496,0.173441761076489,0.0102782153962055,0.0197034780489023,0.0244543756624453,0.0282263472420915,0.00226340594370605,0.00418567171916451,0.00327806488258233,0.0157647960043119,0.00603197549352638,0.0065759787860818,0.0690710478825851,0.233975650612938
0.0353506180776741,0.120369028949528,0.00925161867860212,0.00816200456885609,0.013631364959589,0.0201064190575818,0.0200351542344044,0.247480814371836,0.0416857542617688,0.0849307221305551,0.314646160660633,1.24973707398758,4.30752508744396,0.0630561144197979,3.20135639752145,6.67981728083675,0.0121247289377366,0.0296712205212386,0.00913808724154619,0.113519442000319,0.529697750277588,1.98794189147288,0,3.16253242976233,0.00491051773237825,0.00398812230982315,0.0259076786742744,0.00397329498393811,0.00862210755113663,0.57600610313743,0.954279945657119,0.683098154842497,0.147748251873485,0.41524995993832,0.439468336863253,11.0416772708267,0.0301421162981859,1.21302080112867,3.44786055191736,11.4252885717092,0.0104805374454792,0.0347893606397283,0.0278409790063595,0.0682553422846716,0.0506498911515278,0.036930382799604,0.194636965312421,8.21143440441549,0.00141814396912556,0.00495100440281386,0.0030787941842576,0.00120955987074206,0,0.00128629894445209,0.0105955343704947,0.00951903039828446,0.000533780130709767,0,0.000454308828377501,0.00102718051258572,0.00158612245461796,0.000398290895860801,0.00384122164387168,0.0264415312629035,0.00803978424736432,0.0055196966959914,0.00350823568202179,0.00239433918440205,0.00162425451388923,0.0569339724268967,0.0213071727837634,0.248479666721553,0.00172837334717252,0.00364846195622057,0.00694080700463588,0.00227663247473828,0.00471664242249906,0.0997408902583721,0.120303512989989,0.147381632073704,0.00607670195015697,0.0511169513196647,0.0594089904345686,0.387656895799162,0.00646391142943922,0.0422545315705066,0.0602652787501399,0.0602073665814082,0,0.00119009713755333,0.000847151615375408,0.00392358218307661,0.00202540679539974,0.00235383706067894,0.0393578760248519,0.226349409250873
