0,0.745926776275066,2.44447347197716,1.71419368354256,2.63464485747503,0.197140805675757,0.071121289773896,0.778608542705896,0.027224000175441,0.010552320194925,0.060132254288226,0.031438906191746,0.00645876632309174,0.0662338117258478,0.0681381191686694,0.0017163591318203,0.0268010188905062,0.00281467995547089,0.0174549559135916,0.0113849682166909,0.00556020879962374,0.00191918237545724,0.00521343984161183,0.000937651203011918,2.19022387307365,0.0325398276630948,0.494626988185719,5.10872041592007,1.81372115325034,0.013638372393368,0.00420474403038614,0.000446984105037485,2.15624407403439,0.673539852431306,0.158137890820191,0.0120214270469365,0.14980252294784,0.284832564418268,0.00374702632071964,0.0127981472319734,0.747316996669123,0.0773497358863673,0.0145310177163198,0.0240564002929876,0.00818236234465425,0.0095763140273408,0.000341816557867389,0.0067916145524512,2.63560807026705,0.0306659796727465,0.859817905066833,0.0451602927603699,0.0154411252455024,0.00246371453591409,0.0302322562963288,0.0740021792949363,0.00176140278035185,0.000633198970953147,0.000425328839635822,0.000804082266400953,0.000176102423983808,0,0.000703072188098692,0.000105545450816619,0.00936712628395946,0.000705277739798264,0.0016907084706787,0.00190981202344208,0.00193405117096402,0.00136854603672457,0.00352428198558031,0.000882132821815784,0.955196286347741,0.0512818257831167,0.225460384891939,1.73977423205086,0.757329430144823,0.00851977311924113,0.00215516074906627,0.000160625874067372,0.240238219455853,0.110825783542386,0.0135746648064173,0.0079383979457239,0.00443462929952676,0.00148649277470478,0.0006517240395874,0.00702958621986198,0.00897541877894808,0.00589868946632504,0.00134384796938753,0.00277088615494339,0.00153260357784105,0.00127404005756357,0.000257053754098473,0.00151119166524829
0.745926776275066,0,0.265107393493775,0.326298852993532,0.651060753821029,0.176529216554057,0.0964224669035344,1.10230180538712,1.63397820303846,2.16353881229286,1.08225969617593,4.44432161987096,0.0683272348217443,0.600390386492392,3.31099469428151,0.0372783733973777,0.0768829510361191,0.0136249492842509,0.0504987925238512,0.0535145551946317,0.027604100752429,0.0128458392576077,0.0188152416498328,0.0105898625686077,0.0636960516756671,0.0506553067386429,0.489547628995866,0.387837512847232,0.330907727003378,0.08214439727649,0.0210406927646102,0.00216988063920687,0.908821439359808,1.38223151251852,0.6505263242701,0.0517786807796367,0.346918497512177,1.34635974296581,0.063837775902342,0.0240367679773813,0.339022330931361,1.01845288845542,0.0670758663471241,3.32883048944699,1.87452321078507,0.451656522347452,0,0.011211403684073,0.044063620805094,0.0361544381006827,0.111462085332228,0.0282974923604202,0.00156159436488323,0.00401134231222088,0.0513422122658792,0.0228783648476436,0,0.001689202204079,0.00126491912202981,0.00102280106654085,0.00504214389295579,0.000840856832719648,0.000558466815041736,0,0.0177346512353285,0.00507707650140366,0.0116790481141511,0.00797061387945981,0.00461621491487646,0.00663275060671445,0.007463554652202,0.00339302409354043,0.0361321062726647,0.086521009511994,0.250168706401344,0.181590402270554,0.224486574330297,0.0483274129997538,0.00524531132484108,0.00117496144736305,0.0606910176452581,0.0648409711164094,0.024583855593155,0.00966144452882581,0.00400329499696081,0.00165931034503803,0.006020370210155,0.00883745476461245,0.00321946447956567,0.0142579700239721,0.0084270863020758,0.00927472002226752,0.00412244237247943,0.0210798123222005,0,0.00904029590943265
2.44447347197716,0.265107393493775,0,3.05349331468433,0.0620557226376726,0.140171870039003,2.62967657569496,0.0956761526750998,0.0382458691041874,0.0781118924496454,0.03005628433449,0.146503502841618,0.053990252021106,0.016761079820155,0.12482414590791,0.0232695885435769,0.744129899286531,0.199882723173779,0.210487854117162,0.152892077494411,0.10364609508355,0.0488901846592364,0.0131097692393268,0.000364832851547293,0.109495317472954,3.11070707882,0.122950322096458,5.60784668819962,1.96888629076815,0.398040624910452,0.111448737414328,0.00269408205734425,0.120376098922894,0.280925453599611,0.261484450723118,0.0281779184659273,0.0356379959850181,0.261689187521036,0.0135231746077424,0.0191227283057526,0.0846231604656481,0.187114825940368,0.125003740415939,0.0497444482010862,0.0441788152240832,0.0510759699495297,0.00986509973634125,0.00977213008632558,0.472093486509222,0.0261451980886594,3.66431951772153,0.0995869929284846,0.0246616025607141,0.0111052403690871,0.445118626079029,0.0288055518005382,0.00330465338459981,0.00295170490829759,0.000560965779337355,0.00236677816782526,0.000994354862242173,0.00189997544946753,0.00133758543814283,0.000994641290044051,0.0482412467126557,0.0146880378205841,0.00584284849210914,0.0108089745554037,0.0049941282801628,0.00828406033662361,0.0065419762605166,0.00162593433176389,0.0570051169064316,1.57397406596433,0.107873699162654,1.63686648018275,0.705678572346389,0.156031466291282,0.0324587114555559,0.00451124232516836,0.0764407467391879,0.078179854084839,0.0270875911138035,0.0089613315646779,0.00485639316821687,0.00260605437264248,0.0024938008254418,0.00931371807446867,0.0248921475404759,0.00778301778376276,0.00928034460847179,0.00849666127141854,0.00918516373095185,0.00712469870474322,0,0.00338581955022557
1.71419368354256,0.326298852993532,3.05349331468433,0,1.61070999123809,2.36581855538868,2.90295268978419,0.120072482181605,0.0749582996901482,0.0730076617203463,0.0330762865097799,0.0739903717041239,0.0273090550158198,0.0146300073523691,0.0654442848448444,0.00846988175117264,0.524145492749038,0.0319045278160132,0.231533657052427,0.0939397399182981,0.0415914690103486,0.0134343656610372,0.00531849519284987,0.00107468555822511,0.00806131393195016,0.106821639528023,0.0196193358996016,0.164468202282861,0.0967300288690525,0.0348520521393445,0.00777292121916579,0.000525262866010276,0.204725832066532,0.133402424913607,0.0881068007243116,0.0133878619803327,0.0296290699713917,0.147662432894805,0.00497870451514891,0.00586086051964779,0.563255999052626,0.330573092151747,0.101544389628972,0.0557844420382675,0.0185448276618363,0.0304232340831481,0.00148996958806865,0.00338510102446802,0.00531438235632594,0.00413524029661581,0.0687427484122421,0.00634999554322576,0.000379832775133019,0,0.0264315583673558,0.00410419344454771,0.00205553046314698,0,0,0.000434751971052097,0,0,0.00124915637504289,0.000984080616832667,0.00565013615485334,0.00386782325467444,0.00279290299501127,0.00234291695282043,0.0013098381490404,0.00102872390291999,0.00108372731626448,0.000736719804457497,0.00486858979354524,0.0581582053816892,0.0134785117861507,0.0455860174141468,0.0588049140265964,0.0182105257186722,0.00223901243986396,0.00055256899419108,0.0069294711678414,0.0118702103554239,0.00200563151199971,0.00127131675439499,0.000307832463936918,0,0,0.00137185054619992,0.00438120475888479,0.00305296659792399,0.00429502549596814,0.00193393156582554,0.00244824628489418,0.00429930271109833,0,0.000750911801058254
2.63464485747503,0.651060753821029,0.0620557226376726,1.61070999123809,0,1.32165817160934,0.0920027460021589,0.99422554517116,0.0505299691536564,0.0199365430896556,0.106635016687334,0.0268961924484102,0.00555575469418461,0.0136968899205003,0.0243713050731458,0.00336200566415817,0.0253550057150735,0.00511343953151372,0.0500115526114268,0.0101333513734317,0.00837140409004065,0.00297345437770459,0.00132306258633775,0.00214134347280218,0.00502627534864976,0.015651913504711,0.0499340970977463,0.063233614019339,0.0340633939074801,0.00213368196636199,0.000752657313476263,0,2.07781787116933,0.125127929257105,0.0333824500475849,0.00197009794129741,0.026020150239645,0.0811930758877739,0.00128553611695072,0.000960643637722178,2.59674588751395,0.150522919107366,0.0296456826483491,0.0294230690090588,0.0206166579977659,0.015287966610803,0,0.00067236641839416,0.0041564804174716,0,0.0089604288240344,0.00289857382552481,0,0,0.0015866692109287,0.00114993511707735,0,0,0,0,0,0,0,0.000778853291845578,0.00030857290795111,0,0.000589828290356323,0.00211521559816763,0,0.000433956967632236,0.0005946617769641,0,0.0112865717010967,0.00339141020039069,0.017394228349689,0.0176331405996701,0.0172134854997619,0.00288149525589598,0,0,0.00418920216157784,0.0100726681500829,0.00155455637954999,0.00152957511874718,0,0.00101842972742343,0,0,0.00149122514147629,0.00129915603975492,0.00201999515943815,0,0,0,0,0.00036787616281542
0.197140805675757,0.176529216554057,0.140171870039003,2.36581855538868,1.32165817160934,0,0.72542877946808,0.356852480724361,0.390976319928909,0.0487622203756752,0.0549684944510432,0.0675194934226649,0.0114782183867321,0.000941627022223113,0.0253866711356813,0.00825289923948413,0.104549714205969,0.00864898886058078,0.121598563188089,0.057569035867118,0.0201475893166421,0.00533672384215864,0.00387330914380798,0.00136945780249532,0.000932050495631651,0.0157095612976347,0.00921568685528985,0.0545165318566548,0.0186841179757874,0.00567646469852925,0.00190274852516388,0,0.0822221843467573,0.0886210443487086,0.0351666752174021,0.00261803097956385,0.00870679636418931,0.103927843384866,0.00299521607817324,0.00180641537345169,1.03112936996922,0.607404771985287,0.0961831930807159,0.235363170029476,0.0131680331623514,0.0220723018761301,0.00113570880366992,0,0.00133253688174852,0.00129398121300047,0.0166911244518358,0.00232372780119107,0.00288996654452933,0,0.00614860308094589,0,0,0,0,0,0,0,0,0,0.00153519113918959,0.00197136437794451,0,0.000443778844542872,0.000986243260088636,0.000254167760171672,0,0,0.00260732078684894,0.0202137047900223,0.00615809532802019,0.0112768914987296,0.0164575853899616,0.00291119998276259,0.000534273543019305,0,0.000449916706773593,0.00292911080481573,0,0,0,0,0,0.00040190824938055,0,0,0.000524703483643609,0.000642159113452972,0.00189179049628169,0.000733834280639695,0,0
0.071121289773896,0.0964224669035344,2.62967657569496,2.90295268978419,0.0920027460021589,0.72542877946808,0,0.110202212752733,0.218239883779588,0.197866484634065,0.0305561550349069,0.173761902573143,0.154103960791627,0.00975155778006262,0.0773666569686721,0.0470167506983157,12.3850523690504,1.68259773481836,1.458149475945,0.958890262145549,0.401140854075291,0.311859953352702,0.0359600501550222,0.0057816930947811,0.00494028387889772,1.21705530588633,0.00712157154687383,0.121568078069859,0.379965181533456,1.04237613572442,0.777335631470206,0.01404741267266,0.0243337715695689,0.0486786680346912,0.0933384315767703,0.0374979970626497,0.00379171075887588,0.0715925805598076,0.0218522298910611,0.00622108702027314,0.0913401976720462,0.490161694442753,0.411844253854254,0.118973470271054,0.0473250895538529,0.130239740976775,0.0410869636964476,0.00419185958765023,0.00269654255021076,0.0133180895207092,0.254370102406098,0.00555723414171845,0.00175448124343167,0.00167742583847461,0.76296375762876,0.000803782472295206,0.000395610236982459,0.00297201940310663,0.000533758331969017,0.00242473922111163,0.00199303336109977,0.00113298260822076,0.0010063792041886,0.000593832833714364,0.134361084904299,0.0430941326230466,0.00754609049806641,0.014254812719998,0.00840222059662958,0.0230843901352279,0.00314121796254567,0.00350399757315848,0.00222702405727124,0.554377291821752,0.00574216641226827,0.0562266370361767,0.19991609482863,0.391425690021288,0.142303475608325,0.00367467482945682,0.00254102396682277,0.00923645292280818,0.0168540449224279,0.00159256813454247,0.00263375082771468,0.00177189749293938,0.000364806650827871,0.00224275427875806,0.000453666627746109,0.00924333915239331,0.0121567478788529,0.00267418041045863,0.011934243134725,0.0133055700281581,0.000435572594181203,0.00254436025130659
0.778608542705896,1.10230180538712,0.0956761526750998,0.120072482181605,0.99422554517116,0.356852480724361,0.110202212752733,0,0.581608849377996,0.097088526074409,1.7282403200541,0.386594247819497,0.0110248871304174,2.96039155174675,1.12242906174996,0.00869650397722337,0.035090864247351,0.00372827551115501,0.0277730686740377,0.0204623700483573,0.00587937079550629,0.0050757935354125,0.00529996187143822,0.000820564191498931,0.0830002526626079,0.00977291907021474,0.731418556932984,0.181589928755648,0.107764540640079,0.0196818838427372,0.00371796698098836,0.000296001369145829,3.92191607145343,2.3010879451532,0.204067727742301,0.0166467573541556,1.46766410489242,1.00475806542378,0.0101276672047592,0.00715077801245012,0.784827695433683,0.256121466967163,0.0234352754505498,0.717688849845483,0.0531909515745767,0.0213966015376531,0,0.00431490776853055,0.0910787442704236,0.0134757848118876,0.0376799028545152,0.00752902316540063,0.00612343866656168,0.000976378628990068,0.0106395965412315,0.0347378653733996,0.00189064556675744,0.000776056260838692,0,0,0.000329300012082659,0.00132717270374728,0,0.000721171235697898,0.00515156052471676,0.00117184740104164,0.00380609230175901,0.000571708772251735,0.000716602487722505,0.00316138699933983,0.000849763347845377,0.000813883022501929,0.113455764350328,0.0174986995085962,0.683713581956574,0.0817443905965125,0.066216481061956,0.00846329935436248,0.00299344765821597,0,0.178759868409425,0.0814081671077698,0.0152311960020716,0.00305261577596126,0.00568861214568606,0.00176621420541306,0.000380379546191519,0.00715104385537787,0.00466688472096521,0.00218468384936257,0.00345716372425062,0.00309482281822327,0.000691909612474763,0.000569671081087766,0,0.00144049248852574
0.027224000175441,1.63397820303846,0.0382458691041874,0.0749582996901482,0.0505299691536564,0.390976319928909,0.218239883779588,0.581608849377996,0,0.967244557940653,2.3796976082807,2.9116368442013,0.00828164880703378,1.08910317071721,2.29455390838948,0.00277093896777213,0.0549890492170823,0.00442026813713052,0.0275023531349188,0.0141545353163451,0.00676643011555407,0.000619687112944334,0.00209767346365464,0,0.0053620270159951,0.00825767870202515,0.00562874931329049,0.0219021760195781,0.0164336866492853,0.00437457290963769,0.0013117499067787,0.00300891061344172,0.0385157373506354,0.0688180048441336,0.0510084255644094,0.0023516346847537,0.111994151405048,0.382709901412209,0.00504553546963478,0.00139958404648116,0.11892286814717,1.04928352962437,0.0225073304639314,2.67876467492981,1.16623861768249,0.276231849023968,0.00245601812536661,0,0.000831158819771492,0.00213302605132141,0.00511871832059228,0.00192851371219553,0,0,0.00404244416451685,0,0,0,0,0,0.000964389000418606,0,0,0,0.00112287686001558,0.00121127783607117,0,0.000668422499808141,0,0,0,0.000664736343902624,0.00126042695257936,0.00914619388795345,0.00258570459804161,0.0143258693608838,0.0167257786884431,0.00177306453708938,0,0,0.00352343799520058,0.00515414875041363,0.00110383408439427,0,0,0,0,0,0,0.00275402572847161,0.00179623617179536,0,0.00142145453232802,0,0,0
0.010552320194925,2.16353881229286,0.0781118924496454,0.0730076617203463,0.0199365430896556,0.0487622203756752,0.197866484634065,0.097088526074409,0.967244557940653,0,0.437624562591743,5.69394619079342,1.62437131070609,0.0897097909538683,1.83210898959398,0.197583760167533,0.353093036279819,0.0264027013209446,0.465601270530619,1.60598929702068,0.797256909080825,0.0586109808771707,0.0193025404801914,0.000488506852362791,0,0.0586597464737225,0.010414038708816,0.0405299416971163,0.0368899619417422,0.0615447948941645,0.013925552694677,0.00132944120167806,0.0133149502709138,0.0883595175967248,0.12051003796444,0.00771500064845069,0.0315342182863223,0.315963007249399,0.00769750987009144,0,0.0518397572183225,2.10867367895465,0.985730051422241,2.17516281662913,3.37378366202326,2.20166591543154,0.00167520964228435,0,0.00110571787424893,0.0132889245286115,0.0161799957872687,0.007856205341058,0,0.00100111522685192,0.0236179142578376,0.000986062693664899,0.000926048913264102,0.00265765964809304,0,0.00124762176510599,0.00195720762712881,0.00375197171156913,0.00100933189951644,0,0.00929716516842618,0.00495992982826467,0.00485763196911451,0.00535572580669878,0.000506001972075211,0.00121198159660046,0.0005397028878673,0.00118874315847879,0.00187443034343829,0.0348963666298474,0,0.0203855821579847,0.0430323366749918,0.0323972214360673,0.00525332679895928,0.000916372775009722,0.0017218549630145,0.00915740172064518,0.00978113635082406,0.000566335436412251,0.000765771115163738,0,0.00074491957234285,0.00119846205255203,0,0.00409648775339805,0.00344541115247228,0.00204142274269876,0.00458217881527284,0.0118384702513164,0,0
0.060132254288226,1.08225969617593,0.03005628433449,0.0330762865097799,0.106635016687334,0.0549684944510432,0.0305561550349069,1.7282403200541,2.3796976082807,0.437624562591743,0,1.70186785324954,0.0123700074739692,3.07902080190252,3.45801937530361,0.0040151019051648,0.0258840594581649,0.00349395172391881,0.0212212742124604,0.010016524544309,0.00382957468875306,0.000831535219870099,0.00234143798369696,0,0.00140432830238679,0.0101024717911916,0.0181590872992154,0.0287687664967683,0.0155564923614718,0.00328872000161625,0.00106830462671822,0.000956826748974959,0.112768901409801,0.135998402956966,0.0258367515235351,0.00102975609273037,0.219159436049251,0.467126165877559,0.00615351320255411,0,0.159622522881427,0.384120959707137,0.0162916479594803,2.31587812973393,0.412486925949359,0.0705200288206159,0,0,0.00379671058460974,0.00158963137107857,0.00535850409515901,0.00106649323708677,0,0.0010129336882484,0.00163566066262853,0.00298338522968671,0.00114773572308553,0.000726110820811282,0,0.00170304403715865,0,0,0,0,0.00107693011780644,0.00236313704642045,0.00074089434541541,0,0.000709522791882133,0.00016631962444476,0,0,0.00891968048771399,0.0118226179835767,0.00146793577712359,0.00212723167361393,0.0163224439954251,0.00139479840780773,0,0,0.00812620137647827,0.00468993315115712,0.000784040640494643,0,0,0,0,0,0,0.000852595423603907,0.000877998816781994,0,0,0,0,0
0.031438906191746,4.44432161987096,0.146503502841618,0.0739903717041239,0.0268961924484102,0.0675194934226649,0.173761902573143,0.386594247819497,2.9116368442013,5.69394619079342,1.70186785324954,0,2.49034608393511,0.531098842725719,8.81379372481947,1.23216169406162,0.207675768424106,0.0376125311069768,0.110212586689544,0.372169553630645,0.120589350868614,0.0516119466032479,0.0361022288975027,0.00484953314544611,0.00320421626013209,0.0667417463076728,0.00563896216494856,0.0748442526113587,0.0514241393473139,0.0967392584978271,0.0370146266073952,0.00604996140906618,0.0307963902122261,0.159618180505298,0.237787344564928,0.0115075676212393,0.0762536254718379,1.23566239720952,0.0250238911248575,0.00285568140415349,0.040869030243413,2.09039416652255,0.293973416739622,4.91756950851481,3.25892802768602,0.906516600689771,0.005881727373502,0.00691066768207771,0.00285781575466305,0.0138676660008006,0.0318308755046041,0.0117597713539836,0.000931393265026781,0,0.0402348102803086,0.00170090144092683,0.000703817947458274,0.00488199328346965,0.00292887672905792,0.00234559727316265,0.00203836749877473,0.00113353639073194,0.00127404457312508,0,0.0162192179616471,0.0072748639236673,0.00746898220088927,0.0077180901751282,0.0073499633760954,0.00687349995219973,0.000871319332776108,0,0.00117525575335294,0.056954623045845,0.0126243645779674,0.0323646274434123,0.0457620782951447,0.0373772977504251,0.00919828501443303,0.00317931401781864,0.00446261595539444,0.012890929708262,0.0176466325301978,0.00151252186151634,0.00050735752804254,0.0031259530898671,0.00192465331045721,0.000668332691430622,0.000639532331649942,0.010732674772867,0.0176648277586367,0.00560000108393974,0.0168196260047111,0.0160995385194347,0,0.00124629615896612
0.00645876632309174,0.0683272348217443,0.053990252021106,0.0273090550158198,0.00555575469418461,0.0114782183867321,0.154103960791627,0.0110248871304174,0.00828164880703378,1.62437131070609,0.0123700074739692,2.49034608393511,0,0.00217491355376592,0.732707673035887,2.47679114924389,0.216076089485362,0.220031994503576,0.446072960528188,1.41822118897416,1.55034536323997,0.755424824760912,1.28511928269616,0.102071719403102,0.00190354082813125,0.0389936001485791,0.00141948207017756,0.0120195275401172,0.0207303017509785,0.49781071862327,0.527538264985836,0.108968376881384,0.0110571750677565,0.0268937512459197,0.285090019627233,0.332908964940543,0.00497061738239396,0.164298104154678,0.301154062009667,0.0450939188258151,0.0171655825938543,0.114447214166066,0.732134555037267,0.0278399072635014,0.0636127334881442,0.615404736291011,0.104512558491805,0.0528445501184142,0.000861821806195607,0.0142362026482596,0.0072132334191093,0.0028278735866647,0.00163908781109404,0.00086933049319024,0.0404635597773055,0.00276568541311682,0.00130139980798218,0.0068130538407162,0.00347570133378595,0.00666995591283743,0.00228624510852704,0.00243457699936239,0.00143196218190925,0,0.0377733919481418,0.0296655851977943,0.0126386252146845,0.0251379579954101,0.0183802359324664,0.0415575691127822,0.0027507387167249,0.00993031751068582,0.0011417403399396,0.0234389195189898,0.00379011048965423,0.00163429361460261,0.0273212660714181,0.0819348511943147,0.089612682359051,0.0403165317300224,0.001363300876302,0.00672021032679698,0.0315343012690256,0.00832088480273829,0.0038964508105586,0.00529738664731105,0.00231369807920572,0.00313993727270256,0.00163086416861692,0.014555369872716,0.0477987982394987,0.00254517009750906,0.0184854206640077,0.0284989308139398,0.00378140490458895,0.0085963447962164
0.0662338117258478,0.600390386492392,0.016761079820155,0.0146300073523691,0.0136968899205003,0.000941627022223113,0.00975155778006262,2.96039155174675,1.08910317071721,0.0897097909538683,3.07902080190252,0.531098842725719,0.00217491355376592,0,1.82640827490833,0.0165074791596544,0.00402344907965135,0.000621098816828425,0.00776829891414313,0.000445144713896835,0.00159030687917246,0.000535648601115912,0.0025430847677947,0.00122001049730605,0.0191621700236757,0.00326293449210069,0.057006977482761,0.03560320442439,0.0178375095454093,0.00473023739496948,0.00146219838103195,0,0.109513744269494,0.59803224382759,0.0577607535145438,0.00210474429871743,1.3866614479874,0.860796731707682,0.00619272232463536,0.00555715913669261,0.0910637238703565,0.16231394463874,0.0054629446794602,1.31682619521417,0.111626155608426,0.0241264642655881,0,0.00105655631368798,0.00576596875181492,0.00428652209716085,0.0089587669501627,0,0,0,0.000415860337868043,0.00166407756624064,0,0,0,0,0,0,0.00107478744773425,0,0.000997119732411679,0,0,0,0,0,0,0,0.0325861366953007,0.00381585078869601,0.0267305808467166,0.00677519743005752,0.0121843079383057,0,0.000634863538787153,0,0.0213121775280519,0.00881493700400554,0.00309906795976317,0,0.00125903555940608,0,0,0.000603920666095471,0.00191321901588117,0.000893279209354288,0.00223579955175481,0,0,0.00194982134112635,0,0
0.0681381191686694,3.31099469428151,0.12482414590791,0.0654442848448444,0.0243713050731458,0.0253866711356813,0.0773666569686721,1.12242906174996,2.29455390838948,1.83210898959398,3.45801937530361,8.81379372481947,0.732707673035887,1.82640827490833,0,1.82924603164742,0.0609230304720841,0.0375985381999134,0.0553049620962065,0.0870755759338128,0.069380501511966,0.0555448030342527,0.045777868639565,0.0104346220044092,0.0108158404014957,0.0704782967664613,0.026730048864478,0.0744659405912507,0.0527895743520072,0.133451084602713,0.0851081986431049,0.0230599076905052,0.0561968408679902,0.23719180204102,0.537821150476761,0.0701468433002602,0.270523720019114,2.46834577709498,0.134474259975992,0.013082117964424,0.0830059995698165,0.976379559360163,0.145777334253012,4.16577545986513,1.09606976672574,0.366033383410585,0.0137119008965978,0.00707260009762809,0.00407094785894944,0.011603747017248,0.0318070085583604,0.00679071647003347,0.00222091339989974,0.000650158369106008,0.0352959629207094,0.00141370909284527,0.00451105144905317,0.00333308970989281,0.00277005107499774,0.0017034329832479,0,0,0.00196974735802145,0,0.022099754726433,0.0133424406966071,0.00435207310215533,0.00607064666600537,0.0103043199558699,0.0120128087703981,0.00229207876191516,0.0026483602911374,0.00424824209216107,0.0515193247864106,0.0229614277147365,0.0126972496320136,0.0491063470793407,0.0436739608321621,0.0175122477343289,0.0131727710717801,0.013457650498664,0.0142859917722319,0.0104744234469685,0.00412857695209567,0.00275181497602792,0.00346779670217564,0.00159629759591714,0.00362961519872309,0,0.0114480252626815,0.0330492901966745,0.00260888202335542,0.0165926834938827,0.02808009924031,0,0.00264257119633356
0.0017163591318203,0.0372783733973777,0.0232695885435769,0.00846988175117264,0.00336200566415817,0.00825289923948413,0.0470167506983157,0.00869650397722337,0.00277093896777213,0.197583760167533,0.0040151019051648,1.23216169406162,2.47679114924389,0.0165074791596544,1.82924603164742,0,0.0525648119748332,0.0751059561999663,0.0558745709744511,0.209385530749664,0.153076774897506,0.335533406870987,2.31276818785602,0.335962633301652,0,0.0174381062301046,0.00240041239730854,0.00273546973591975,0.00669487925724229,0.310035835281179,0.339470582465973,0.258165925014229,0.00360879759868641,0.0298258287081588,0.352680091743589,0.713496762803484,0.0143968086987112,0.227002186000508,1.82349139874923,0.485310105677541,0.00392090179873252,0.0393182695242194,0.15452625974235,0.0385492243982046,0.0514522628932362,0.199489335220924,0.119840029534859,0.165169746419865,0.000362868464840443,0.0101004789219801,0.00274617587928877,0.00141106948722874,0,0.00270150516344851,0.0210029510471486,0.00206323503711599,0.00074139997687328,0.0101215267908603,0.000636447420732413,0.00384641348767847,0,0.0038417970349504,0.00165491449357357,0,0.0221254417240547,0.0214823997111979,0.0201711758160021,0.0161703687427959,0.0176342290674305,0.0307512280550988,0.00905428214812068,0.0408421779600447,0.00384355276985213,0.0130674738498918,0.000606843323899736,0.00775780451052037,0.00660033678761932,0.0380428403356,0.0732729079015094,0.0567117662588517,0.00273226125990583,0.00576789189260185,0.0224269256922031,0.0346808774579496,0.000728154483388928,0.00229133939778201,0.00860334565846424,0.00459044733599009,0,0.0061261416297848,0.0345673621151538,0.00349371763281248,0.00718082139847052,0.0247757972150654,0.0149987140278842,0.0238381020995181
0.0268010188905062,0.0768829510361191,0.744129899286531,0.524145492749038,0.0253550057150735,0.104549714205969,12.3850523690504,0.035090864247351,0.0549890492170823,0.353093036279819,0.0258840594581649,0.207675768424106,0.216076089485362,0.00402344907965135,0.0609230304720841,0.0525648119748332,0,2.98241614263223,4.95876141088056,2.41342644256929,0.756887801108867,0.469411914761801,0.0470490761333208,0.00674432459984629,0.00149069441479489,0.235490622691928,0.0032719359281424,0.0318439518771038,0.0624658231673438,0.579778158954333,0.875916165907177,0.0145099579412198,0.0153138822155797,0.0236753158873121,0.0530167739808792,0.0334028339000154,0.00888668891235792,0.0523080887994526,0.025571044880956,0.00306932587654952,0.045584882131635,0.497033208285883,0.913722367623059,0.0475740469493522,0.112060448611548,0.313311749059434,0.0436252249693134,0.00544669810048872,0.00106343741169775,0.00870595812525632,0.0540691952340397,0.00191474076165657,0.0010147295923179,0.000336313189728195,0.231270093359526,0.00150265148698227,0,0.00741811172341003,0.00106271580019373,0.00240219599560559,0.000396560888771276,0.0013440155811088,0.00281066223072501,0,0.107311925246065,0.0634641755934562,0.013957417378605,0.0163075865300075,0.0129490209489782,0.0432405479222367,0.00261179715976452,0.00506711141537465,0.00231223138944051,0.0962354432208052,0.00165699519290298,0.0115981843969494,0.0429799709707637,0.136076031504765,0.163238951503355,0.0153269143628362,0.000407790090672468,0.00357429212318129,0.0151506484030063,0.00172439504388402,0.00066395280001383,0.00143288690209692,0.00164162672502249,0,0.00110652317517825,0.00779133220929908,0.0259694528664804,0.00235827137501158,0.0101446641499788,0.0142798421617885,0.00221260097313142,0.00417170960184597
0.00281467995547089,0.0136249492842509,0.199882723173779,0.0319045278160132,0.00511343953151372,0.00864898886058078,1.68259773481836,0.00372827551115501,0.00442026813713052,0.0264027013209446,0.00349395172391881,0.0376125311069768,0.220031994503576,0.000621098816828425,0.0375985381999134,0.0751059561999663,2.98241614263223,0,0.620673637230987,2.07991824400882,1.27683863546797,2.45483431346281,0.0662923241564528,0.00802416633214361,0,0.115598959273985,0.00261160645070975,0.0113841930012815,0.0536799333067882,1.17227193457756,1.9511559686319,0.0402666366262027,0.00422330082114696,0.00991467628432832,0.0952756344633498,0.0800953569508031,0.00340389683061387,0.0527089494931796,0.0574781217611171,0.00174096658378564,0.00601923316229647,0.0305461003851835,0.276370237356517,0.00261993860325732,0.00825756364459673,0.0507569323362875,0.402622730057286,0.0102330929033826,0,0.0139158481745509,0.0233876091183505,0.000451755582607554,0,0.000771655312267493,0.162001286289261,0.000837266598577187,0.00138052706335899,0.00820504843693566,0,0.0033836877531233,0.00150472088359027,0.00101243087498661,0.00114412356570711,0.000302704569435583,0.072340225675247,0.039639696211174,0.0252026332526869,0.025677397909446,0.0210801425731536,0.0414888334873992,0.00338187869546874,0.00209387480657689,0,0.0709818678895693,0.000532963549094434,0.00524249128102422,0.0326015704016172,0.183145582349055,0.133700630266906,0.00587520584334107,0.00181906559382793,0.0035462105314944,0.0114688618729485,0.00176663985482121,0.000588747332863973,0.00130241079098536,0,0.00027976749280588,0.0015319025928778,0.00697598929973108,0.0344849833402401,0.00043429214054419,0.0172363168126421,0.0194300492778127,0.00244556096622717,0.00266712271013002
0.0174549559135916,0.0504987925238512,0.210487854117162,0.231533657052427,0.0500115526114268,0.121598563188089,1.458149475945,0.0277730686740377,0.0275023531349188,0.465601270530619,0.0212212742124604,0.110212586689544,0.446072960528188,0.00776829891414313,0.0553049620962065,0.0558745709744511,4.95876141088056,0.620673637230987,0,3.96810133020206,1.67085383730331,0.104564352854268,0.0271367562362794,0.00449838017121415,0.00177771438762364,0.0971414625915881,0,0.0153135932081064,0.0190214036477552,0.101522406477975,0.0563589601976137,0.00172050669148376,0.016970001650079,0.0216838831112037,0.0721266957031774,0.00218002734701378,0.00618692371716767,0.0329588466518322,0.00967372035531197,0.000847029013691103,0.0947857807623862,0.318833970708326,3.639017577605,0.0195772121190605,0.0205694794495016,0.92033297697453,0.0158684796474056,0.000798084421580858,0.000463807138880199,0.00736690140486797,0.0103578958528976,0.00226495391299888,0,0,0.0179387564591312,0.00106846492510984,0.00126999164112628,0.00278654770466182,0.000750487901573997,0.00358811293211274,0,0,0,0.000672563759147399,0.0144231757818107,0.0027767676816352,0.00202234545905889,0.00598551523784403,0.00726625409776138,0.00402877596929104,0,0.000984942237952854,0.000630868989518717,0.025626758320552,0.00359294881585814,0.00427833333946074,0.00857882361821085,0.0239109159136455,0.00902938729034323,0,0.000322678384533419,0.00343172170822169,0.00622351413723007,0,0,0.000543861814562761,0,0.00229172195165663,0.00115092048427603,0.00644222646468503,0.0173268097511985,0.00418354982434546,0.00422727285099229,0.0127931697681946,0,0
0.0113849682166909,0.0535145551946317,0.152892077494411,0.0939397399182981,0.0101333513734317,0.057569035867118,0.958890262145549,0.0204623700483573,0.0141545353163451,1.60598929702068,0.010016524544309,0.372169553630645,1.41822118897416,0.000445144713896835,0.0870755759338128,0.209385530749664,2.41342644256929,2.07991824400882,3.96810133020206,0,5.37420300726454,0.312075782162825,0.0739300701338286,0.0123911379002282,0.00044471947446981,0.0640959197897051,0.00343289060192839,0.0110085848096336,0.0112777917657312,0.332789128925271,0.26354777381681,0.0169454787843256,0.00934802096270963,0.0198607123027466,0.111650875027627,0.134978781658092,0.00076741262324248,0.0672335731704331,0.150978960144268,0.00858344679145875,0.0386290057991256,0.141934697774618,3.4441050848237,0.0144004445119938,0.0317287193559796,1.83784013348983,0.0444160976368324,0.00491665968578411,0,0.0140405995259088,0.00902895378062162,0.00113139844860174,0,0,0.0418379484664436,0.00100263451876037,0.000665954750768784,0.0058140515807447,0,0,0,0,0.00142115870096327,0,0.0300938498388744,0.0120365432001408,0.00972483215488204,0.00887553347968191,0.00989397399806189,0.0147562146411239,0.00240226570523168,0,0,0.0198918628085416,0.00236953118118244,0.00639940016201399,0.0119072694865618,0.045973084182992,0.0266991781504153,0.00379527092430559,0.00159099104573696,0.0100214120509858,0.0114581080897517,0.00216966894659675,0.000422170359140085,0.00377380545659874,0,0,0.000566971936072753,0.00591447178565299,0.0285700570335196,0.00298797964532375,0.00721611719856818,0.0186897776097559,0,0.000419943816104353
0.00556020879962374,0.027604100752429,0.10364609508355,0.0415914690103486,0.00837140409004065,0.0201475893166421,0.401140854075291,0.00587937079550629,0.00676643011555407,0.797256909080825,0.00382957468875306,0.120589350868614,1.55034536323997,0.00159030687917246,0.069380501511966,0.153076774897506,0.756887801108867,1.27683863546797,1.67085383730331,5.37420300726454,0,1.82881869259957,0.191098041450343,0.0238165020948445,0.00216054591066488,0.0412063463416451,0.00098755393314684,0.00592402166016416,0.0172538456150475,0.599324238616222,0.666993606710802,0.0411277265865714,0.00926032400275103,0.0182097807728152,0.107203760115177,0.165677953480134,0.000803693485501217,0.040868364252215,0.1198003861473,0.0162857823780683,0.0148258534333362,0.0857861293538638,1.98666636370243,0.00999048341992863,0.0213293348751896,1.10912953624691,0.117375968953095,0.0157042617713953,0.000460365695211631,0.0120810385915995,0.0105216097264992,0.00216429444920564,0,0.00120187194801064,0.0442976485793353,0.000662539236421893,0.00174675999234803,0.00789245486391338,0.000849866201481933,0.000295199297113018,0.00240999441741988,0,0.00118918262249896,0.00332087560992213,0.0356161644824372,0.0185020389483861,0.0151715568925989,0.0127986870069624,0.0118396255951369,0.0264878317080975,0.0035683423748022,0.0044554903202089,0.000486455582431496,0.0246676055984695,0.00199498112899399,0.00451300045138356,0.012139454353049,0.0573943838876079,0.0612521499040697,0.00714132331686449,0.000862100570167036,0.0042414127014595,0.00813734001266435,0.00328804575791246,0.00109513851280785,0,0.00182476325948373,0.000408266322288266,0,0.00453951829336946,0.026401170319892,0.00394143631052033,0.00713881145628212,0.0191290422969713,0.00357641364819607,0.00585457693163557
0.00191918237545724,0.0128458392576077,0.0488901846592364,0.0134343656610372,0.00297345437770459,0.00533672384215864,0.311859953352702,0.0050757935354125,0.000619687112944334,0.0586109808771707,0.000831535219870099,0.0516119466032479,0.755424824760912,0.000535648601115912,0.0555448030342527,0.335533406870987,0.469411914761801,2.45483431346281,0.104564352854268,0.312075782162825,1.82881869259957,0,3.31375250497503,1.18390858799589,0,0.0503670671215581,0.000239796443282201,0.00675011825061366,0.0156520048347772,1.26168155191194,3.57190596873228,2.29852744786215,0.00156989670233164,0.00777542065594538,0.0980156963327931,0.733687980692891,0.0020753783936793,0.0707785418166344,0.470467053746672,0.644263517264584,0.00149692995076647,0.0100928145086998,0.107700806453646,0.00090968456776256,0.00742303174043089,0.0660448047043517,0.386430574538147,2.69385924359497,0.00107147931520315,0.00626364692364392,0.0147451830416857,0.00388915633510339,0.000200412997567448,0.000248671597235123,0.148667362808427,0.000308688577684301,0.00145074246742898,0.00623945584213327,0.000875275313677967,0.000818934511204919,0.00415052592652116,0,0.000315877508947479,0.0025513105942722,0.126707403513883,0.118593851116967,0.013200465389269,0.028135548926568,0.0326517276631438,0.459321100201395,0.0265557827231168,0.167558393440338,0,0.0330264573588713,0.00135097783333219,0.00105748188522134,0.0139810599774083,0.227516060563592,0.839080135808417,0.380787972905949,0.00213582483448929,0.00687679744868362,0.0209199585466747,0.0745964258968977,0,0.0057208055031409,0.00807612985624034,0.025735384508744,0.000402381587268054,0.00450663117102859,0.0287521389952571,0.00124395201860431,0.00765865868226354,0.0191005904866153,0.0599772637123455,0.275425863820006
0.00521343984161183,0.0188152416498328,0.0131097692393268,0.00531849519284987,0.00132306258633775,0.00387330914380798,0.0359600501550222,0.00529996187143822,0.00209767346365464,0.0193025404801914,0.00234143798369696,0.0361022288975027,1.28511928269616,0.0025430847677947,0.045777868639565,2.31276818785602,0.0470490761333208,0.0662923241564528,0.0271367562362794,0.0739300701338286,0.191098041450343,3.31375250497503,0,2.28101991222192,0.00416605626359568,0.00865620883934076,0.00366755675193513,0.00572907467618561,0.00938269207720693,0.292497087883386,0.667625744902934,1.27548773521421,0.00667378054008591,0.0269125671379975,0.0637556360653297,2.21052323817757,0.00589660829823873,0.0832400653432986,2.64562066408153,4.09085348714145,0.00661407415833083,0.00732492120171438,0.0397561446403762,0.00432912584632857,0.000583022607025209,0.0162908701788348,0.473352543916933,3.14339282319372,0.00201902170074972,0.0059655533199762,0.00502786889360308,0.00415910309993009,0.00196827640015428,0.000274877371993901,0.0169349811439441,0.0036429099326177,0,0.00401735310706414,0.000344470150456262,0.00264227262568269,0.00593758939427122,0.000541967486973292,0.00274317422778367,0.00296128506141026,0.013387820871678,0.0114174353810283,0.00342365709984149,0.00937601814238399,0.00751885657017785,0.106739215486289,0.10163635253711,0.389753328612823,0.000396392669179086,0.00180264816576422,0.00387722088759423,0.00337103513590917,0.00848105175216486,0.0687078564007633,0.240627012927413,0.28721130012396,0.0050145154603211,0.0396428838087236,0.0242535483618411,0.328365908964012,0.000366509763625053,0.00407702224416349,0.0339890161624612,0.166787664742683,0.00177702806047413,0.00153111206423603,0.00333444219487211,0.000289485186526271,0.00196111349900011,0.00554720953116751,0.188044025426573,0.352822406888592
0.000937651203011918,0.0105898625686077,0.000364832851547293,0.00107468555822511,0.00214134347280218,0.00136945780249532,0.0057816930947811,0.000820564191498931,0,0.000488506852362791,0,0.00484953314544611,0.102071719403102,0.00122001049730605,0.0104346220044092,0.335962633301652,0.00674432459984629,0.00802416633214361,0.00449838017121415,0.0123911379002282,0.0238165020948445,1.18390858799589,2.28101991222192,0,0,0.00246070553911437,0.00291386668895111,0.00245005564122105,0.00920886127765767,1.38826796196672,3.03845331916952,5.89422112553013,0.000884514172398571,0.010644639542797,0.0636752069193235,4.94689070039723,0.00747785027361408,0.056216882349996,1.79150498430977,3.01788113964488,0,0.000377117871714419,0.00364715168327348,0.001284349609042,0,0.00984555624888848,2.09851654003934,1.77291266753112,0.000807135938659051,0.00378976238998568,0.000985733923455467,0,0.00166210482654149,0.00146053019150902,0.0164281303589841,0.00154591615320575,0.00160670453155911,0.00445767438442579,0,0.0030748675750943,0.0258220848399291,0,0.00426428414956238,0.041094252777841,0.0187184273017274,0.0439722553983735,0.00584887991131382,0.0148748550935034,0.0194099618228733,0.169069162772451,0.237974915242126,2.15132093184046,0,0.000692029793461557,0.000826357202481663,0,0.00250591382205179,0.425183267526405,1.56478241612961,1.29575525049877,0.00278802784516377,0.0189195168534855,0.0449897853803409,1.33120975729306,0,0.0282497201362062,0.253901178686251,0.398849733577138,0,0.00146141676183747,0.00426641981801271,0,0.00483638235767037,0.00359634939748169,1.26847292909379,0.392841384705804
