0,0.438491188007071,2.38597954100909,1.92274786444097,1.47290470418853,0.379498927126619,0.167658563060459,0.623058890553141,0.0450893343720229,0.0221240511479154,0.130287450708103,0.0513296810629056,0.0326367979669789,0.135063119982562,0.0570527229570177,0.0151746512500738,0.0743359375754954,0.0129354590346678,0.0416939566298614,0.0369752997839169,0.0235680151881984,0.0269588090835046,0.00975389449973318,0.0122701242659996,1.18707335775364,0.093036051515538,0.581058160727596,3.42721079387878,1.56554041004508,0.0876284525950408,0.042656965184062,0.00515278680396555,0.716156703636778,0.506082879774515,0.042800255612854,0.0295099194954888,0.0555340250623842,0.0513874905048601,0.0106811491635917,0.00789131814928338,0.712706725787428,0.085255763165901,0.0343449550125043,0.0596265864894367,0.0115361280935787,0.0155021767483329,0.00176570702054598,0.0110919617971919,1.28507791233686,0.0882777004260774,0.646290883736777,0.0735689601056646,0.0230574058862953,0.0163272861745706,0.0619142855607107,0.0831742252959547,0.00265179515765123,0.00661389855244571,0.0109681960559797,0.0114209014142591,0.00479363465759187,0.0111863824523166,0.011559339006467,0.00443816950144317,0.0385482597230968,0.00485416648506139,0.00414150055251311,0.00373111131683363,0.00769293138499125,0.0126904672996179,0.00744513472354791,0.00565509768318555,0.629249418387383,0.0642235075905666,0.357870678827768,1.27147188985369,0.731807869474584,0.0904206283416949,0.0382807971675617,0.00195806117183678,0.169411469817754,0.124065827435634,0.0388328576994787,0.0175697570053902,0.0208626795650269,0.0153703723330935,0.0106670366412313,0.00699183403274752,0.0210642441223304,0.0136797641001206,0.00764715624827995,0.0124542240204152,0.0017950686111131,0.00863016276048624,0.00033495058623673,0.00667579373468051
0.438491188007071,0,0.264717606752299,0.397182968763878,0.224818282186885,0.194967622349268,0.32554208546536,2.94989325348253,1.39026521636918,1.28656375956749,3.41615312595736,2.28854723319225,0.218043882202707,2.18646753214633,1.40954553574075,0.0463843985130097,0.466942848110843,0.0581188810410021,0.337879919162226,0.195387993226498,0.103751242432828,0.0554189378637624,0.0201505243652304,0.0224547602804572,0.0624118798002999,0.0515405579142092,0.353480656019643,0.114390982407526,0.0743122146529234,0.0948135411440268,0.051919888139728,0.0113010108346159,1.53827189517098,1.02557900095275,0.200701148283445,0.100345481560681,0.322324563022947,0.624108895581291,0.0725388381099753,0.0135975409414564,0.191606535775847,4.09412379924579,0.818982343890114,2.9178122619145,0.56352649255428,0.669637575437065,0.00110379751493685,0.0293866147597039,0.0578216870310663,0.0373176085406399,0.0500030444699302,0.0257042460326589,0.0133412460644781,0.0125415868424868,0.0348974883402997,0.0171918356478987,0.00594869498223116,0.00763782993484702,0.00331042088805981,0.0106897580999532,0.00794845321343273,0.00310794802148553,0.00713676341755823,0.00523756205298199,0.0248432582980027,0.0125920930659884,0.0122133569274641,0.00970855290530886,0.0116223015791807,0.00998830689445027,0.0107178039990312,0.00971171109181646,0.0249182546967852,0.0276120880673851,0.0880792216410458,0.0659597500122365,0.0634766687522673,0.0470424780585368,0.0255611473380776,0.00905718914397902,0.033074047981166,0.0739088366839913,0.0493736508454365,0.019062795089668,0.00482513102583619,0.0187482567673161,0.0179435275313276,0.0121596943485646,0.0284560192832769,0.00610919329256806,0.0137063341722933,0.00622771175199383,0.00543100130180521,0.0135352190664538,0.00102407234509617,0.0169483565384045
2.38597954100909,0.264717606752299,0,2.3655273337035,0.041798877225056,0.0972101345591555,1.76510843886204,0.0763204115262795,0.0306711772869367,0.0483865887504811,0.0691836123983974,0.0900920830016847,0.0394944000066021,0.0499364192857505,0.0840938625788218,0.0195340159836675,0.315512993658988,0.0652927475713452,0.0733883031988801,0.066646876088434,0.0585379254602313,0.0441378582754513,0.0221516465773929,0.0187037381565807,0.21784931803604,3.2174610846478,0.152206173009852,7.77886958017458,4.31741966123525,0.431473059746303,0.165267615098161,0.00678787564498004,0.0627421844437963,0.350536212292772,0.153850606055073,0.0658436236364485,0.0309003839798378,0.0750461890016518,0.0218636936196982,0.0246871997457666,0.0344045621332218,0.132456303349813,0.0664553599517499,0.060803016309215,0.0265679780034093,0.0284370865073153,0.00576284260706341,0.0269950268174241,0.493125734734467,0.111217306391956,3.93969272608139,0.183834929235362,0.0145739886117316,0.06852944948512,0.427748453012008,0.0455979703093694,0.0101298402866117,0.0264795408808305,0.0136769796166807,0.0247637268849589,0.0108458412270124,0.0204088529307533,0.0229416692037163,0.00793936476387267,0.17476111367341,0.0254310179147694,0.0160783413320379,0.0121122036804049,0.00951928792434542,0.0275331164550185,0.00855763200198028,0.0115081135673582,0.103959640945743,1.15056222041463,0.14753547753523,2.24491903283357,2.24630464268527,0.393944670636324,0.0993440653660502,0.00336020545874307,0.0488402962907184,0.142987457703399,0.0988810257192894,0.0287338525819101,0.0156446234637672,0.029906644947126,0.00370726598046725,0.0133122414443615,0.0324146304690146,0.0530384166263116,0.0256385527305617,0.0194516676222827,0.00886051468318716,0.0122928343453985,0.000466515300688974,0.0261716713579321
1.92274786444097,0.397182968763878,2.3655273337035,0,1.89479748074949,4.25480329244888,2.37199612002707,0.284751184833435,0.0724481651282149,0.064200624387705,0.112329104850242,0.085884495317537,0.0733398477972417,0.0700208810921661,0.088954560677115,0.027947982682221,0.356299590799906,0.0523665479761501,0.138229112827609,0.114058484194481,0.0791110929964036,0.0318971558069107,0.0200479415599027,0.0060782906383778,0.0154044336655083,0.0581687311662824,0.122032050311229,0.126883460475416,0.099146440684162,0.0329680706660762,0.00979020885172151,0.00287922281494486,0.145467440581526,0.451943906788322,0.147103366563814,0.0402493538647864,0.0561552588322441,0.0881740710128414,0.0161764662614264,0.0169421916951678,1.30756187865182,0.162875127642769,0.103054028767178,0.0955267851385741,0.0231391562825554,0.0469338607105955,0.00133085987015935,0.0124764405092948,0.0460974322965945,0.0251120649187383,0.150054745628937,0.0704966862002688,0.0047139068425671,0.0141015237927717,0.052025608714146,0.0112702161037382,0.00371567695556074,0.00790373515948926,0.00282689620661774,0.00936915176748418,0.00456862773938688,0.0028728116454469,0.0068380839106004,0.00567573146789013,0.0222154435458463,0.00626161250209204,0.00477217222279325,0.0055107097443837,0.0068407905451388,0.00877765139348564,0.0112466338720739,0.00796530181296085,0.00789565694091993,0.038885139098563,0.0396187521223652,0.057260514413189,0.0667459305404918,0.0207236249022352,0.00826147512753059,0.00122580732229333,0.0246143536149554,0.0613167321340456,0.0436547137149253,0.0166514655411877,0.000673557476163211,0.0136385636033557,0.00479992904555411,0.00717066454749532,0.0135757575351271,0.0125032572906207,0.00396571707167449,0.0066245882689583,0.0027345465449653,0.00866613499977573,0,0.00880451865373044
1.47290470418853,0.224818282186885,0.041798877225056,1.89479748074949,0,3.24131075052086,0.150599738951957,0.526057359389646,0.0932974532951849,0.0272346910727705,0.130238193070535,0.0516689491462223,0.0392868465090312,0.0861513499061181,0.0301640698492897,0.0113617478726677,0.0325830711053319,0.00594700425055406,0.063839383648243,0.0472903439651524,0.0230032645069381,0.00765525276432957,0.00174267951118412,0,0.00619604139254469,0.00725111465802741,0.138380069515057,0.0228649775917144,0.0122889941429538,0.00675857615609827,0.00112928008933626,0,0.282197644013114,0.123887168389948,0.0229911213765006,0.00335623099545733,0.020988340332501,0.0291041338696427,0.00274920603822007,0.00185073733621088,4.58779841027007,0.0809406556462729,0.0389475512461535,0.0731739435757835,0.00617430809547381,0.00826350817778668,0,0.000988515772613371,0.0169265070392969,0.0104105504634904,0.01639846544687,0.00803807030452745,0,0.00810266430020096,0.00616427840708812,0.00383494471849315,0,0.00101382190527707,0.00128601599554613,0.00256569275651705,0,0,0,0.000731292724669,0.00244196868463341,0,0.000653250825712534,0.00242638117678616,0.0034268075437216,0.000607492311864667,0.00118919235288421,0,0.00571571559917191,0.00290720794897988,0.0419024360947246,0.0179410676868361,0.0122642348632096,0.00705589894461567,0,0,0.0116054387442552,0.0154555127109106,0.0107282658887449,0.001779852919075,0.00878932124409516,0.00296030822204804,0.00465369558004247,0,0.0140086433956385,0.00264803509137861,0.00292188757114832,0.00581435106750614,0,0,0,0.000503815942141415
0.379498927126619,0.194967622349268,0.0972101345591555,4.25480329244888,3.24131075052086,0,0.464383288221677,0.735027906660099,0.132175923694469,0.0267331740449631,0.218451734084867,0.0554865126727068,0.0475799417782764,0.0936517442582685,0.0325131483950631,0.0137926329184516,0.0891304430712959,0.0219493743470842,0.0893166475921394,0.0722275810785984,0.0420897884589582,0.0145028005393553,0.00771593063640496,0.00356578652841215,0.00240393936885717,0.0104428772034971,0.065927450038647,0.0303514398516393,0.0195507618772754,0.00426573549032258,0.00469494415938923,0.00156789637214045,0.087818438588312,0.126642935374803,0.0414595789885123,0.00630674977619198,0.0160511411343727,0.0352124591945111,0.00374731280714843,0.00506891945544591,1.85097813470112,0.10597642101466,0.0353828660685673,0.0613239663140201,0.00762213543236165,0.0264338510229956,0,0.0028642687900694,0.014583754846174,0.00729686490769496,0.0295392725342962,0.0119333971550528,0,0.0124303879016577,0.00625383097904207,0.00546407271859728,0,0.00628357241303995,0.00541462823145142,0.00449788101159043,0.00345409004399772,0.00118201816649118,0.00424062642875325,0.00260465959923538,0.00573963334656002,0.00618327701817026,0.00601744084269773,0,0,0.00123590847832666,0.00369551953596015,0.0017194308942637,0.00491093435179504,0.00732637819906269,0.0392800689167335,0.0160229058702989,0.016760999662049,0.00305016338100319,0.00443663790262612,0,0.00622653400988771,0.0171257018679101,0.0136535136111147,0.00323415661861409,0.00311625186898185,0.0047885149442828,0,0.00156579174258625,0.00665353044911865,0.00320514959891108,0,0.00408908859859458,0,0.00111730338251805,0,0.00194476604150412
0.167658563060459,0.32554208546536,1.76510843886204,2.37199612002707,0.150599738951957,0.464383288221677,0,0.129255713622368,0.207867900956306,0.151098395212276,0.124236428856646,0.210149592151601,0.0906509142608796,0.0636285066568085,0.131343092234749,0.0299929903147553,4.26209629924542,0.579407372034638,0.651087059936056,0.301999596229195,0.220345438158712,0.208544019791198,0.0296708564935559,0.0389589383034219,0.0392217670636171,2.12550714528206,0.0497051242269756,0.395267730350189,1.2739910963639,2.17744068867402,0.932664716459822,0.027816061488071,0.0601705849497642,0.291887377859347,0.0982171887392841,0.0912140993952377,0.0244808348158938,0.084892115768526,0.0285201971214435,0.0126077628304153,0.0827181503075293,0.287687720702512,0.132226687014592,0.132659493040938,0.0366923074077725,0.0899608983984235,0.00980915594488929,0.0294991669686947,0.0395877242973284,0.0437091002490544,0.476766782614442,0.0470189389837829,0.00704005901952403,0.012590350362713,1.1550944023037,0.0124513796718337,0.00358667718694901,0.023836925599134,0.00739428324652972,0.022889561839,0.0189849665397076,0.00611372737242471,0.0153853767417894,0.00597481768161967,0.697742922778499,0.0748830232547396,0.021168929215497,0.0152370108382875,0.0247724041622397,0.0760550757049252,0.0111081879120619,0.0443465746348789,0.0236787570548916,0.755231456816414,0.0428000230449587,0.144880628013745,0.70883312338271,1.08362634379838,0.47239424416018,0.0128729930552713,0.012834583325631,0.0604263754952843,0.0688252374839863,0.0556978568075577,0.0034230389957238,0.0226001172145293,0.0110135044176329,0.0113892145831078,0.00905055369523423,0.0273967080176825,0.0226008151391818,0.00754732499049852,0.00800630214578854,0.0187014659742065,0.00132113579752507,0.0193250893410491
0.623058890553141,2.94989325348253,0.0763204115262795,0.284751184833435,0.526057359389646,0.735027906660099,0.129255713622368,0,0.603447112750722,0.141938518203976,1.79567422082067,0.322374248042756,0.0610926059016748,1.7944938084902,0.350369075478913,0.0376273919152592,0.10163232333055,0.0148412285662003,0.0825614597703781,0.0552056844405612,0.0349884879381835,0.0333531973641017,0.0238650462162434,0.0068760303183613,0.0651850757540188,0.00449863617815313,0.508985550008327,0.0445758876716444,0.0383285210154968,0.0213360729600511,0.0153421257553254,0.0062391391019791,4.09313042200683,1.76412801503903,0.0790566278506206,0.0357126996357626,0.480157551985552,0.293162719101162,0.0238384160489103,0.00703388750930314,0.151390994214934,0.588023028422576,0.0803533077129226,0.76059003394571,0.0484848839458203,0.0463626114131566,0.0103614652565257,0.0387001850398151,0.0680598407989794,0.0204353817077029,0.0206655336435862,0.00811000025251408,0.00471279293084569,0.00299661335628493,0.0152531504922955,0.038394202079847,0.00157017123212239,0.00160593462905805,0.00174472845813784,0.00366755149568953,0.00374616770682137,0.00573832946881141,0.0062757749809854,0.00231437470349788,0.00624118333372039,0.0018714408412415,0.00219287789286577,0.00440265348235752,0.00731238347370991,0.00590861276355517,0.00412710025793319,0.00322559330418163,0.0491267628396558,0.00336575640714994,0.139024070645172,0.0431035744634639,0.0299938359948674,0.0146835454184075,0.0106746831151863,0.00292814558620444,0.123295422956907,0.102624882047112,0.0226613863057557,0.00815938645549719,0.0249500227016778,0.0119245103387562,0.00228107694920491,0.00269061300824956,0.00305863617126717,0.00383082334071292,0.00476795234718437,0,0.00185796406004449,0.00852601503587125,0.00124287972937203,0.00593278685958392
0.0450893343720229,1.39026521636918,0.0306711772869367,0.0724481651282149,0.0932974532951849,0.132175923694469,0.207867900956306,0.603447112750722,0,0.432226624740663,1.66926392613805,0.741092052961579,0.0372563912129839,1.09753665461843,0.313715366207994,0.00310719238990187,0.13911795100566,0.0109993727360799,0.0775819063635254,0.0352235194461352,0.016391510675885,0.00886014709944229,0.00303578801558242,0.00193683134767864,0,0.0115521180926486,0.0537955067782058,0.00858573130563151,0.0141538907573696,0.00847180436285551,0.00236689726721745,0.00245812885192831,0.179240918806362,0.158351489539224,0.021470039104929,0.00801969942640631,0.130327287001003,0.218374510296027,0.00555155729034623,0,0.0303247204806913,1.18301775848693,0.163202370893114,1.30298928279295,0.142158052592844,0.100056949234872,0,0.00178046155048892,0.00361513335596335,0.00885298512360124,0.0102979899935782,0.00284866169584803,0,0.00353348049023891,0.00503217445646454,0.00443654737060872,0,0,0,0.0019998679260301,0,0,0,0,0.00287100079042469,0.00094404654597946,0,0.00171173637997236,0.00209958082743305,0.00195996228074181,0.000907088659403976,0,0.00136966984335125,0.00306334847655747,0.00759843261373294,0.00850209151692867,0.0120023919220218,0.00786539466335887,0.00106508782749176,0,0.00269863691165551,0.0107517154852702,0.00862415984758946,0,0,0.00399769348451651,0,0,0,0.00157940274346696,0.00235278374495945,0.00442384995567902,0,0.00644940643369538,0,0.00178042403353032
0.0221240511479154,1.28656375956749,0.0483865887504811,0.064200624387705,0.0272346910727705,0.0267331740449631,0.151098395212276,0.141938518203976,0.432226624740663,0,0.538097329548479,2.13136814677273,1.24804877485003,0.32664785262899,1.34872018743329,0.0626887315779675,0.604243944135811,0.0464624861335282,1.14366569287786,0.989381800291202,0.18458026423946,0.0487457386056287,0.0136341062088588,0.00775710926811382,0.00726489581983899,0.0193422821245673,0.00930975928914049,0.00877330153109832,0.00999302432423746,0.0441271796853885,0.0209389272108699,0.00110411170884145,0.0539300578255521,0.180250220437785,0.0891468838555758,0.0387638138745812,0.0726142198292556,0.333048841324656,0.0224643850484119,0.00400982247256505,0.0292493028012659,1.97443201222473,1.75251212182131,0.858482695335593,0.691376878763549,1.55821829862492,0.0046062381742904,0.0100665944227266,0.000948616711090391,0.00173302458046696,0.009690291905721,0.00749922671847447,0.00296381899415124,0.00203229396903046,0.0174262401141541,0.00207069199427255,0.0029993347020866,0.00518821232803497,0.00106640313600544,0.0036628567956307,0.00767039399745532,0,0.00454659421900854,0.00573306293342521,0.0182950962417294,0.00648534314395995,0.0101925345282715,0.00455334709825499,0.00695817502170556,0.00972238348563544,0,0.00896884696599179,0.00642102729886027,0.00651143722991666,0.00785996874993384,0.00377626064767983,0.0246314396677468,0.0231107203843376,0.0147298987758113,0.00368045212591521,0.00293048720906271,0.0173772109419211,0.0251870468453329,0.0131395666284981,0.00116765853183672,0.0133910161089483,0.00410430571511086,0.0044454666964391,0.00147204517012008,0.00548340890980711,0.00813532783523049,0.00127319433302419,0,0.00478053293730619,0,0.00640155343916948
0.130287450708103,3.41615312595736,0.0691836123983974,0.112329104850242,0.130238193070535,0.218451734084867,0.124236428856646,1.79567422082067,1.66926392613805,0.538097329548479,0,1.72368355845719,0.0650597449492462,4.72430181566227,1.42342007932411,0.0223957853289697,0.18482234032357,0.0157972054250423,0.191144854794116,0.0723811178847812,0.0254236718726285,0.0155728296453028,0.00617241600054157,0.00400915057807651,0.0191507746665488,0.0118800131604193,0.127016600898805,0.0217159484794552,0.0235154846332885,0.0112376838878572,0.00802938900061156,0.00242407265937183,0.694877613754673,0.323069108629762,0.0323885081904811,0.00882052170511013,0.446174143636569,0.591407599567982,0.0115496468158684,0.00631857088030686,0.130797543910506,2.03840502598676,0.272437542461943,2.86683956382706,0.266218247202558,0.218012072855602,0.00561011972759651,0.00822913288054052,0.010678404409485,0.00699294972817199,0.00566306586841178,0.00837238373361524,0.00520327339656284,0.0025177644035059,0.00572989552401939,0.00212656635829249,0,0.00107394687225604,0,0.00553390760676287,0.00156686471204698,0.0012117638269217,0.00748311311337718,0,0.00625055902640455,0.000640422330796364,0.000712336186247331,0.00376957384415061,0.00158916242454166,0.00327590409410411,0,0.00136374827834379,0.0150509566667185,0.00129697136649171,0.0325951834086957,0.019385765419842,0.0120661748821546,0.009347912916083,0.0051690886028556,0.00253307281374243,0.00567313870671443,0.0149925352371507,0.00661202597094078,0.000651476116588341,0.00350011251907519,0.00146849795200599,0.00581597646426446,0,0.00387511214266806,0.00102121572944755,0.00134918382664662,0,0,0.00138773470558552,0,0
0.0513296810629056,2.28854723319225,0.0900920830016847,0.085884495317537,0.0516689491462223,0.0554865126727068,0.210149592151601,0.322374248042756,0.741092052961579,2.13136814677273,1.72368355845719,0,2.65478933180594,0.843331065248202,6.30772628209278,0.197829223373046,0.650133105374911,0.0825226394225324,0.608297001257335,0.790210170960486,0.201469330252534,0.0934415400025509,0.0407514992280598,0.0311407077135829,0.00692101180946217,0.0145950130767539,0.0537002573122829,0.0172682044004905,0.0324696544782736,0.199598025097214,0.0644208517574578,0.0207805528307956,0.129030341245669,0.327373432530818,0.234993948807505,0.151362346995049,0.147732483061812,0.729936325726567,0.0990656825215011,0.0129734989922105,0.0488121681045975,2.86794522013297,1.00488565325462,1.59914887159697,0.564048212437013,1.08415947040379,0.00646740908389398,0.0444185530518467,0.00560724200004371,0.0103517931507775,0.0231492922242513,0.0045274443241734,0.000627746135837742,0.00316158897329756,0.023859117304299,0.0031702054933122,0,0.0169104822691288,0.00324449005890007,0.0098263642446716,0.0305688208113191,0.00258623180598701,0.00546509916041836,0.00617379112398163,0.0269053908448843,0.0199557411538676,0.00486048703574772,0.0120446298990993,0.0188345012476022,0.0224617529649766,0.0101422853650986,0.0188298474245991,0.00257921386917702,0.0169688798307483,0.0241381884924307,0.00715763387073096,0.018188497879329,0.060834464427645,0.0422467137575716,0.00406125287896305,0.0102702536820957,0.0297357731861347,0.0599236957537512,0.0191925718628079,0.0095256876654692,0.0124153669507474,0.00909980623807723,0.00360119257668948,0.000916408064576317,0.00548292163996614,0.0171835863697852,0.00680031423245641,0.00231808296389956,0.0164556919040632,0.00119317580362769,0.0147214915016104
0.0326367979669789,0.218043882202707,0.0394944000066021,0.0733398477972417,0.0392868465090312,0.0475799417782764,0.0906509142608796,0.0610926059016748,0.0372563912129839,1.24804877485003,0.0650597449492462,2.65478933180594,0,0.0461484349469298,2.11766469873566,1.6439616122614,0.191841955519179,0.297618516433007,0.436190754980705,2.46847086333468,2.38958816279149,0.913812929636177,0.808819807346184,0.515503991076797,0.00807312086753879,0.0151926246556942,0.0678374370708394,0.011682596494682,0.0228173775802195,1.03130681238509,0.857661566659575,0.223611021536745,0.0446570257079247,0.162129799137229,1.14854632729511,1.85452281664865,0.0381548271309994,0.35925238325742,1.05788391488784,0.0999065985576028,0.0158553901738669,0.172264821107964,0.831924179593496,0.0543134620715394,0.0421125606723089,1.6711342850497,0.307562781843941,0.234963806544606,0.00849540129428778,0.0186992011175564,0.0134049386465825,0.0120215527112701,0.00261117635148897,0,0.0221445897357634,0.00390971593610064,0.00430622448122791,0.0274590654348464,0.00735228190325068,0.0130783261213515,0.0818384710924362,0.000680066052546266,0.0114758418789658,0.0247830580521214,0.0311253921474443,0.0548890978534373,0.0182966700755614,0.0499433095210651,0.120343512926164,0.116065954550641,0.0472115855755569,0.106439987450223,0.00570146558825271,0.0134904524195217,0.0201507376673319,0.0123750639517298,0.0141145035409503,0.196733867702578,0.178091402660662,0.0339302004158938,0.0170280877136672,0.0702298339549815,0.180165704522861,0.114350053620049,0.0090981424006726,0.0783843910624942,0.0624015422910202,0.0261607252427114,0.00320289745420443,0.0125381435015155,0.0581735080830849,0.00175038829051347,0.0100426739358477,0.0552251708177422,0.016743329034243,0.0703718212820279
0.135063119982562,2.18646753214633,0.0499364192857505,0.0700208810921661,0.0861513499061181,0.0936517442582685,0.0636285066568085,1.7944938084902,1.09753665461843,0.32664785262899,4.72430181566227,0.843331065248202,0.0461484349469298,0,1.38424446160989,0.0190404020962488,0.102986713744223,0.0196490013812364,0.107452243297565,0.0467771454993726,0.0272436456448453,0.0200010869738578,0.00635775235861272,0.0127469956981222,0.038162428749989,0.010317488583839,0.189097829286485,0.0274879943117699,0.0184694758780625,0.0105000130832424,0.00489275571443648,0.0108673980770304,0.919550394009572,0.53093873794665,0.0780943975447683,0.0128465438516284,0.591016467848124,0.505635885619555,0.0119947047040788,0.00179412293296936,0.0696039836599928,1.20298183119938,0.130752529377853,2.03979449831951,0.174784862787853,0.0875580368642021,0.00427523404466557,0.0128998387248456,0.0167400067997425,0.00267874661471151,0.0138456662903619,0.00525850944079563,0.00266903531472186,0.00307835506292283,0.0036065939246618,0.00361329215090387,0,0.0165990062824865,0,0.000774926249928684,0.00428689984787345,0,0.00388542804730208,0.00116380870082929,0.00566363036734202,0.000885840583653402,0.00107088649977236,0.00143481174221484,0.00409915532766336,0.000557326928730784,0,0,0.0409453485951012,0.00376467849716675,0.0444713685660852,0.0161794147586718,0.0120553847968912,0.00653811555066205,0.00246729378570272,0,0.0219878378459415,0.0185748693441222,0.014619944530489,0.00127281206954542,0.0147337761406542,0.0020272942781802,0.00158642000423936,0.00195860995844091,0.0115186757551505,0.000792387035125325,0.00327139726778954,0.0014533673030736,0,0.00903120527520659,0.00236700218221045,0.0046465963191078
0.0570527229570177,1.40954553574075,0.0840938625788218,0.088954560677115,0.0301640698492897,0.0325131483950631,0.131343092234749,0.350369075478913,0.313715366207994,1.34872018743329,1.42342007932411,6.30772628209278,2.11766469873566,1.38424446160989,0,0.281006893894934,0.276092950198812,0.0828288989185695,0.343007273249942,0.521288389720223,0.165612696975735,0.156315250994002,0.0648666653742704,0.0602818168704995,0.0128594106672001,0.0154276306757678,0.0736861056624531,0.0100948357905499,0.0139481872809413,0.112839064789041,0.0910419305294761,0.0330798970592045,0.156982878044543,0.363779727375287,0.402490512964022,0.227550629256067,0.152760632587141,1.52311302424058,0.381540714534725,0.0336973846700413,0.0261195347341519,1.31418927780302,0.568535991610335,0.976225723059392,0.204523556590918,0.540757662469341,0.016419060007338,0.0943120382843152,0.00895402173740488,0.0135903482632959,0.0144318306764119,0.00603633549063901,0,0.00170797228805569,0.0308994080281331,0.0068391455892397,0.000802557975218769,0.00863401471877259,0.00214750706087442,0.00423280528923989,0.0239669270625232,0.00101689002346556,0.0167496017241372,0.00570247815446284,0.0321526748105,0.0214035240500957,0.00658969419853106,0.0152798918618193,0.0245561905682443,0.0360818348038635,0.0124985527845964,0.0233658463369249,0.000595155217718541,0.0178539600379818,0.0229297894377966,0.00721120230344098,0.0195475396506489,0.052507275016341,0.0551179904974048,0.011003385069906,0.0153770950022327,0.0272723506074419,0.0788575895937615,0.0421508535339234,0.0058952764555108,0.0341330246513241,0.0183445798902482,0.0155793719621045,0.00115065571845795,0.00990161777910623,0.0219510659690627,0.00347653396018943,0.00882526515993509,0.0156864111017161,0.00538045304076216,0.0329918078170084
0.0151746512500738,0.0463843985130097,0.0195340159836675,0.027947982682221,0.0113617478726677,0.0137926329184516,0.0299929903147553,0.0376273919152592,0.00310719238990187,0.0626887315779675,0.0223957853289697,0.197829223373046,1.6439616122614,0.0190404020962488,0.281006893894934,0,0.0501499072982205,0.128057452430799,0.0414379137852894,0.483114029776003,0.235810512711708,0.471272815332257,2.45292239375039,0.791593665285985,0.00928749941856732,0.0056695952224096,0.0507735334834098,0.0061632530192127,0.0170101595461133,0.540479346181009,0.384656881051247,0.174777173945357,0.0363478299987425,0.187563179767067,1.04390758698092,2.0464852550284,0.0285186699536663,1.00231456902409,4.28870438280954,1.19918563155106,0.0125231034183963,0.0211330255838379,0.234790332758051,0.0190604239090696,0.0163152598774735,0.542747082820919,0.211912414371109,0.658015665554236,0.00298324898999688,0.0077438247690777,0.0100132963507789,0.00616474133938829,0,0.00242841681505089,0.00938287982287025,0.00787339925152427,0,0.0169195906898465,0.00957762457335597,0.0125037166988696,0.054032402732693,0.00569320134607308,0.0162320528163882,0.02805524256532,0.0173406276242501,0.0315963613339497,0.00533371264408003,0.0275664078616176,0.057004862656528,0.0861309259655521,0.0354896411361607,0.134345617454816,0,0.00551945378944216,0.0171041607614515,0.004442885974692,0.0207306796715378,0.110599671266434,0.149371947801687,0.0222289670953502,0.0112806407584568,0.0388490193933332,0.147151310637086,0.224064300277877,0.013064115121585,0.0572668691962408,0.0602696978682919,0.0490469285169004,0.00269381669852396,0.00342605204931635,0.0415486430634728,0.0041429981975018,0.00420544294745565,0.037080209980962,0.0219722205979526,0.0938617026566584
0.0743359375754954,0.466942848110843,0.315512993658988,0.356299590799906,0.0325830711053319,0.0891304430712959,4.26209629924542,0.10163232333055,0.13911795100566,0.604243944135811,0.18482234032357,0.650133105374911,0.191841955519179,0.102986713744223,0.276092950198812,0.0501499072982205,0,2.3617921804099,2.09437486488397,1.11455931742508,0.654016933686672,0.835675351547265,0.0614710376087448,0.129960509490309,0.023311863036628,0.323059695020513,0.0291063306070026,0.10951135318307,0.330973391448858,1.45282484606435,1.48315963968826,0.0747342070286062,0.0474845245489768,0.164534008414826,0.0979193722635029,0.163598965309149,0.0250763665510462,0.142120360351132,0.0428022252325443,0.0109075332578421,0.0279305797029336,0.857903182043872,0.785651057776892,0.207595348467813,0.145709396203633,0.402189595719441,0.04516982486693,0.0516519689698989,0.0207950096048938,0.0261112645196016,0.112232414314954,0.0217526678042059,0.00597116799556902,0.00749454744486143,0.496588640829441,0.00845975653425802,0.00384216840916644,0.0252233977866861,0.00455869763023543,0.0257801675096634,0.0197216800120747,0.00334796812584254,0.0175638042299512,0.00789397563186922,0.501752014422849,0.114603199565154,0.024836352363463,0.0290093934149596,0.0464849666343174,0.143438178336346,0.0108340173145568,0.0487940583809048,0.01999576111979,0.158621958532752,0.0210531217821183,0.0558293721495541,0.243423502803257,0.647697852030002,0.514667907013821,0.0200178649472823,0.00952448745601442,0.0520907571543754,0.077200773754921,0.0782589870706169,0.00780873853755305,0.0373709193559197,0.0177597833003298,0.00662129387024076,0.00397968560669259,0.0186597997941981,0.0374613987122651,0.00588487650938102,0.00385062037592214,0.0349064704114242,0.0115068637135601,0.037037045610471
0.0129354590346678,0.0581188810410021,0.0652927475713452,0.0523665479761501,0.00594700425055406,0.0219493743470842,0.579407372034638,0.0148412285662003,0.0109993727360799,0.0464624861335282,0.0157972054250423,0.0825226394225324,0.297618516433007,0.0196490013812364,0.0828288989185695,0.128057452430799,2.3617921804099,0,0.310406776181712,0.950771623994544,2.20466549720937,3.48671291703203,0.192149702820891,0.532905047224786,0.0205188639133502,0.137785697367412,0.0203990800215826,0.039144683863337,0.115730247105807,1.37356347760839,3.16222030676079,0.283995155688776,0.0172132827350473,0.0723562802917656,0.161540914738585,0.575891328182309,0.0105768799707488,0.103375860343983,0.116165509469413,0.0273762637474509,0.00652825081369002,0.0573286583100882,0.144442557167312,0.0105157496295388,0.00607852788531586,0.0818071317786011,0.237988680810044,0.118614801754187,0.00606318158868765,0.0201420639787705,0.0346205811144296,0.00664869904731027,0.00459750805805076,0.00263015541065974,0.113720757478295,0.0099114005378933,0.00515997652758524,0.0177937290345566,0.0111432402916303,0.0237587401424857,0.0786390065513151,0.00783581425053824,0.0379601538792987,0.0219916367828053,0.206133870155915,0.107271539559584,0.0250893218732106,0.0368286184341576,0.122197306474748,0.175827684251389,0.0345638807418434,0.136658714483064,0.0152953384009984,0.0617749008130955,0.0103447014877808,0.0246567367222805,0.0929637138008204,0.454301104681291,0.500953241310234,0.040970536926476,0.00598996686759735,0.0526697701813542,0.138398773084986,0.109063073984257,0.00562352712293065,0.0528108596890879,0.0248027394920348,0.0114140701864629,0.00090115733854769,0.00947765746280605,0.042921501419128,0.00530138510702883,0.00477998240841832,0.0335152748401328,0.0215120494256166,0.0759728734651742
0.0416939566298614,0.337879919162226,0.0733883031988801,0.138229112827609,0.063839383648243,0.0893166475921394,0.651087059936056,0.0825614597703781,0.0775819063635254,1.14366569287786,0.191144854794116,0.608297001257335,0.436190754980705,0.107452243297565,0.343007273249942,0.0414379137852894,2.09437486488397,0.310406776181712,0,2.33271559358069,0.735027095573646,0.0738517370489962,0.0230032767216969,0.00630777350029156,0,0.0294184946740595,0.028843544021703,0.0175445008872194,0.0155236186226836,0.0328915105656469,0.0317288519335325,0.010134262322996,0.0456364416075443,0.105272471355894,0.076050317921854,0.0250160719381612,0.0260042924439988,0.100035249105798,0.0151390524630649,0.00444526999434338,0.072524453641834,0.785433219146639,1.86976940500021,0.163966032849697,0.168619748209064,1.07434471548398,0,0.00453924566676659,0.00663807502619309,0.00750941418082532,0.0129057788463852,0.0119054035435331,0,0.00813938834212333,0.0147060578787869,0.000465883256328473,0,0.00539109162519225,0,0.00792592072390527,0.0047683551031167,0.000878724375098727,0.00442830328653881,0.00493907724705875,0.0226597766499571,0.0156621051582707,0.00828491300483563,0.013159429982351,0.0136938658235329,0.00876742642496414,0.00136451683831445,0.00700996765296237,0.00511700408894017,0.00535965080655527,0.00955674248538731,0.00402039100560264,0.0111125780589809,0.0329237784050224,0.0162702239392382,0.00108854961623088,0.00392595935604367,0.0161274431972036,0.01601585608517,0.00687964238823283,0.00349254410916647,0.00393710959158663,0.00391013207824988,0.00154680425110452,0.00501027507781999,0.00412827550858125,0.0215877971533131,0.00443963705507466,0.00978559703160986,0.0108794029925985,0,0.00350963082109725
0.0369752997839169,0.195387993226498,0.066646876088434,0.114058484194481,0.0472903439651524,0.0722275810785984,0.301999596229195,0.0552056844405612,0.0352235194461352,0.989381800291202,0.0723811178847812,0.790210170960486,2.46847086333468,0.0467771454993726,0.521288389720223,0.483114029776003,1.11455931742508,0.950771623994544,2.33271559358069,0,1.86629865002843,0.475053530383494,0.163497317782761,0.211417530735421,0.00592878172468296,0.0191410761443591,0.0276806220447361,0.0234947185682963,0.0257913042962923,0.629803346010043,0.490806694760772,0.0792872328433095,0.0438848274001704,0.144972472511748,0.529806672813474,0.940376464210781,0.0236607531097701,0.146003682689496,0.59350483758472,0.0246322799449077,0.0374215027851158,0.155896394905005,1.94504194092654,0.0591945084604378,0.0559665090623282,1.66238926737972,0.108178899624121,0.0620232893652091,0.00899254087922566,0.0222674008969042,0.0206589794613361,0.0115343337867133,0.00228237933471107,0.00411794241058407,0.0293320295332288,0.0107635446162106,0.00157272331379393,0.0333732500413931,0.00633582423468937,0.0201965938724745,0.0367374820011502,0.00381516278816821,0.0262634488694312,0.016496463208613,0.0383563512752361,0.0456533338355891,0.0135625649817167,0.0473678268341472,0.085179391650131,0.0812062336587169,0.01989090249282,0.0576554926027251,0.00359871192038734,0.00998825368667699,0.0193372339934234,0.00644430294509312,0.0144396977978082,0.12546036691482,0.135820544626555,0.0217765688336138,0.00624238763522566,0.0377317615089284,0.0994912774143797,0.0636008690771107,0.0136386645241168,0.038191913558816,0.0306199603789346,0.0102217496371113,0.00104953265319761,0.00529247283133793,0.0384077929681448,0.00394156942194419,0.00272210069626977,0.0214628945495141,0.00750408952829604,0.0353758975933187
0.0235680151881984,0.103751242432828,0.0585379254602313,0.0791110929964036,0.0230032645069381,0.0420897884589582,0.220345438158712,0.0349884879381835,0.016391510675885,0.18458026423946,0.0254236718726285,0.201469330252534,2.38958816279149,0.0272436456448453,0.165612696975735,0.235810512711708,0.654016933686672,2.20466549720937,0.735027095573646,1.86629865002843,0,2.80962780909017,0.495948434108151,0.478020061630322,0.00583450029608969,0.0245346755004573,0.0271927712330479,0.00808703342723958,0.0200874935343953,0.618845680576219,0.996344681356432,0.192768657259533,0.0220367867238401,0.0798297024640253,0.17655194496597,0.653245802283936,0.016674665942184,0.0900238772522129,0.22709067421133,0.0260729823525745,0.0139027801844787,0.0703783360144179,0.581922296342637,0.0235711368811899,0.0122359516672532,0.326203559523714,0.193064161342432,0.123662344101239,0.00719244925093101,0.00874393315219296,0.0125864144682885,0.00412452645102156,0.00166586195838342,0.000566308260517321,0.0199677703356178,0.00232852077857505,0.00392023406672617,0.0195639291381998,0.00345976031817381,0.00830225407768198,0.0290344001069657,0.00519747074382085,0.0169389274904624,0.0165286455161428,0.0433395135346258,0.0446332328415088,0.0113778144693494,0.024496733343466,0.0719836026760162,0.094259845263127,0.0294985748332395,0.0837534238625255,0.00417976591656982,0.0136705786169519,0.01540561918533,0.0102491761642875,0.0176587699386843,0.149925691695636,0.157068940099229,0.0203768410027132,0.00372812885486009,0.0310415672027312,0.0738944159556916,0.0833438431732293,0.0100512704643596,0.0371859173971271,0.0222877763883345,0.0093628899217775,0,0.00657434176048944,0.0351833522540657,0.00253572669539215,0.006839853075368,0.0195832878977731,0.0121059382015784,0.0650988878689858
0.0269588090835046,0.0554189378637624,0.0441378582754513,0.0318971558069107,0.00765525276432957,0.0145028005393553,0.208544019791198,0.0333531973641017,0.00886014709944229,0.0487457386056287,0.0155728296453028,0.0934415400025509,0.913812929636177,0.0200010869738578,0.156315250994002,0.471272815332257,0.835675351547265,3.48671291703203,0.0738517370489962,0.475053530383494,2.80962780909017,0,2.14971342644425,1.6727398877872,0.0100935298946316,0.0404715101677404,0.022798169349948,0.0255396167380704,0.0872303286858848,1.48298827223453,4.38690281338593,1.06711068453792,0.0219840663129744,0.11461151494376,0.249702315426259,1.85754690543973,0.0206370471663007,0.159454491519696,0.478801216379687,0.311138545438862,0.00238282301039104,0.0258811810025758,0.13075282913515,0.0149944948722575,0.0102844132667443,0.133349984390038,0.498543203651308,1.80477085618834,0.0062777362281524,0.0156960696811531,0.0189694026452256,0.00953329924807329,0.00101421086327184,0.000993657642390511,0.102094065392767,0.00713605560256346,0.00143804339783815,0.0212462644980711,0.00297640734330656,0.0158796047060752,0.0715401016503604,0.0035303333461888,0.0318366250610065,0.0357785000387999,0.16881903829961,0.150556417513325,0.0165608417101467,0.0482707544950313,0.145291045602586,0.477195402078533,0.0933837854931085,0.483992552428939,0.00713112795590335,0.0309855907681407,0.0116280972181256,0.0187674278164472,0.0587703908013118,0.566261112526966,0.908942774959886,0.108393722029425,0.0122018204339689,0.0507977647207701,0.136406428907854,0.31442400584704,0.00562573232464331,0.0790078102089784,0.0608314148651504,0.0392300796096655,0.00264691791681139,0.0109576388219957,0.0378443376077372,0.00705158897540816,0.00620117989033602,0.0319960839190809,0.0724049764074512,0.347477863926742
0.00975389449973318,0.0201505243652304,0.0221516465773929,0.0200479415599027,0.00174267951118412,0.00771593063640496,0.0296708564935559,0.0238650462162434,0.00303578801558242,0.0136341062088588,0.00617241600054157,0.0407514992280598,0.808819807346184,0.00635775235861272,0.0648666653742704,2.45292239375039,0.0614710376087448,0.192149702820891,0.0230032767216969,0.163497317782761,0.495948434108151,2.14971342644425,0,2.15752077095914,0.00140430905235604,0.00263865148927567,0.00508771769077645,0.00832209406982851,0.00665138594047311,0.390549168643964,0.65579439455893,0.298065015279425,0.0225088272618648,0.12294390001699,0.188256536292712,3.05302864755438,0.0209626877173139,0.197885021336605,2.75796903289425,2.67315216540699,0.00242244559782279,0.0140090371247497,0.0434397283228123,0.00845501256534108,0.00636708118470686,0.069719987855467,0.295429715418065,3.96913252565874,0.00276215223571906,0.00509731579041001,0.0100607349796109,0.0120301306527928,0.000650693421698968,0,0.0162475443789095,0.000807936616566751,0.0011817623112754,0.00759568320977316,0.000965279012927228,0.00824110797973471,0.0293574832708213,0,0.0142134372185974,0.0196627161054043,0.0170580209719025,0.0240226489612982,0.00305019226665593,0.0132600359019371,0.0389189738859201,0.0922583556586331,0.105801726604373,0.317785199111347,0.00359467173717615,0.0065637140056527,0.0038536208251729,0.00171972621973753,0.0103050171065547,0.122653283466388,0.187226962848515,0.0363098946629725,0.00924905424532574,0.0430110436296508,0.0636052358722872,0.501550502530395,0.00233635199619212,0.0389299211995682,0.0716634264734957,0.142123259916294,0,0.0045149005326546,0.014938631188817,0.00137209536931863,0,0.00892521981368713,0.0299188680852852,0.481720201867355
