0,0.291974412141738,2.71875735432085,3.40657183629904,3.94880681796883,1.59505404195334,0.34101358399211,0.780057226741529,0.044128711320725,0.0514361910257113,0.0440181902288566,0.0860924745771213,0.0103629909492494,0.0329298059484644,0.108046142263843,0.0117066269284861,0.0852201723280704,0.0160262645196409,0.026064602801804,0.0245337582485855,0.0120368014816251,0.0124180132246167,0.00275268038974628,0.00341302312543662,1.83938847688232,0.0743741857979857,0.837080271818202,6.72105844277746,2.82882366105772,0.0829310011831558,0.0260842250237095,0.000376366752652739,3.97655969327187,0.565720730363582,0.0411750463653292,0.0188708385649421,0.0659043640857497,0.101223848870154,0.0162424421336754,0.00274848870249441,0.612923722179302,0.127611940356407,0.0231418075638834,0.065827927849426,0.0364621424730648,0.0319143989282858,0.00102944353462646,0.00161907992018605,6.65199524165753,0.0414466951287506,0.659870703823313,0.0941123059340731,0.0316904534504391,0.013034895841635,0.058721465274316,0.058208213333215,0.000317845681837611,0.00599758830059423,0.000673614542446033,0.00522826685878135,0.0273461768163565,0.00144584790742049,0.00939657598771612,0.0199342057579144,0.025709480826243,0.00499834495062499,0.00565912183959474,0.00624851858086881,0.0099277655104335,0.0228610756714098,0.0452581976241977,0.0056442159248467,1.41453023072507,0.0440974946101947,0.570345008576418,2.38911801577989,0.705513695753729,0.150666103791245,0.0205145068400792,0.00243890836323302,0.225479224695469,0.482234735172052,0.248726615382289,0.0672712158349601,0.011578981690426,0.0901577620087215,0.109819873215027,0.0709112449624872,0.00694028812372532,0.017266375843895,0.00319160380998695,0.00337221724157856,0.000666943051277933,0.00469523398185086,0.000169521245841837,0.0137209611840376
0.291974412141738,0,0.174459104987838,0.692500535802064,0.770645185186819,5.6950312090373,3.59329110429468,7.89337734362833,1.29328198054923,0.332866251569974,0.892658813545831,0.259056791529436,0.0399866271082051,0.811254398939749,0.514392725687628,0.0315740348694455,0.789686507938724,0.0327790218392914,0.135163120701515,0.0686572320494318,0.0282491492633772,0.0126961732315295,0.00773099032221653,0.004917819008651,0.0151437699113635,0.220806512377144,0.280508849610844,0.173297333072249,0.727156610969526,0.965947606088324,0.0595125968725376,0.00313700496600236,6.89335006520036,1.75966950017629,0.156985469523047,0.048841833300798,0.920789549897599,0.639883393045507,0.0327791543522021,0.00872137766698712,4.15113398068288,9.39164907791808,0.526322982950545,4.17742081858699,1.36602009088231,0.169367238716839,0,0.00084086882802962,0.00987403119708222,0.00826657107894349,0.0100949580346218,0.00225013622786277,0.00207823671159059,0,0.0303550382491826,0.00363262355867477,0,0.00091722763213048,0,0,0.00325219827407255,0.00107631330494026,0.00253851106979326,0.00243744290394697,0.0162874135289946,0.0105565608937606,0.00297228586402528,0.00178277823175691,0.00318324549889404,0.00479935410047828,0.00513234542560959,0.00556322334755099,0.0132623357321051,0.0224703634307717,0.0955447276984114,0.0245066310258283,0.136117114105133,0.357141156309048,0.0277276026270119,0.00514844127866595,0.0147681152015492,0.0482208038919131,0.0608846497817152,0.0229131981984629,0.00129560918917724,0.0182895836671081,0.0197527842359804,0.0126317962014929,0,0.00154864529978027,0.00767354969626346,0,0.000697241765752636,0.00406081815189762,0.0023987478538573,0.00671750340106965
2.71875735432085,0.174459104987838,0,15.4910540145001,0.163294932307255,0.580937181789551,5.44508281591869,0.0374071506433034,0.00759713218944393,0.00930622782425449,0.00289277986432543,0.00779203559884235,0.00234907422626455,0.00305346709596581,0.00419164149342761,0.00138106416753172,0.321511907743149,0.059543550256525,0.0397186438919524,0.0250893029909488,0.0128090732343587,0.0152876453163619,0.00283415642641213,0.00780443912285948,0.0378548829382048,7.01931556881685,0.184696427385542,7.06946222972317,1.42721637310844,0.63112671729482,0.110621761455531,0.00264293158337184,0.0870303227058752,0.0870614663039083,0.0200773566619691,0.0191198603503215,0.0108908275856628,0.0122654808373107,0.0044411651147818,0.0020771029871439,0.0829041678997675,0.132486642373497,0.0441527928957638,0.0116331358647741,0.0228279955969518,0.0280967453624076,0.000789810153363948,0.00243263227337498,1.23275372856209,0.0790468347589802,5.21259256632447,0.323574093850828,0.0443406817465377,0.0229328499048044,0.384679540664591,0.0355112246870958,0.000595908931342697,0.0108633975175918,0.00169748087064803,0.00363269391307325,0.0192847930180834,0.00368922613504501,0.00903705839718625,0.0147215473343332,0.11487760666222,0.023440918281925,0.0166083989938419,0.00488662792515744,0.00759843827915314,0.0192227996115823,0.0228723316149698,0.00623233155366242,0.108898194436037,1.48806288128383,0.240048399030717,3.42931097682136,1.08010553246671,0.344994752939032,0.054259660386843,0.00150495031993443,0.160621509259176,0.31725963435419,0.23519110649726,0.0442672706187597,0.0145670743891678,0.0723056098969266,0.0671606746998138,0.0414738438366922,0.00829508200190625,0.03684806090717,0.00946151194467648,0.0072858566487419,0.00311096689957967,0.00748041193762255,0.00270375755209416,0.00755997925260441
3.40657183629904,0.692500535802064,15.4910540145001,0,2.64779049825244,7.08379178912387,7.55508768081951,0.125571990054327,0.013286383867642,0.0298702104981632,0.00448729517187309,0.0151143580904292,0.00945282774785691,0.00504356999622251,0.0153661414775287,0.00255523911097576,0.296592859812637,0.0279660008741836,0.0679033228153385,0.0303035413596524,0.0196738314938676,0.0143280617041864,0.00189800306368028,0.0043390967175578,0.0220790544572817,1.29805566912802,0.327953525387838,4.34768847635093,2.26415845442,0.384686977925654,0.0393265957312874,0.0035765819419207,0.33939838836841,0.134137922134683,0.0343755183224375,0.0226687682751155,0.0185951560999354,0.0180708170799046,0.0138453981675603,0.00297816397037976,0.882291549965334,0.555489327318721,0.0564819293752143,0.0561363792411346,0.0637343680932324,0.0556960216961032,0.00307560881247492,0.00265006654166653,0.087030771850824,0.0295068117076001,0.329156368241824,0.0308703225865486,0.0103890641510804,0.00199034642800656,0.0495060588752989,0.0132906862547283,0,0.00314272998714933,0,0.00372210414462924,0.0248313626944871,0.000336041650952034,0.0124464792200194,0.0147290191315186,0.0236043252659479,0.00483162857586175,0.00403500020128394,0.00443276928978024,0.00658776541750358,0.0137502653895309,0.0298244432518357,0.00219199926208678,0.021476564446114,0.10984358852071,0.261659987323246,0.302933900479233,0.263942248921463,0.235313096827404,0.0221784253343507,0.00111828790374868,0.0902111993411527,0.284770438979811,0.24965970845392,0.0499735069273133,0.0053119884296142,0.0797258247609327,0.0707007567037991,0.0434480782904666,0.000245055345747237,0.00807294730468696,0.00407195896221452,0.00142183265742149,0.00249638319422082,0.0046617662178677,0.00133262595563853,0.00637443085826662
3.94880681796883,0.770645185186819,0.163294932307255,2.64779049825244,0,8.72606909712204,0.189821646455048,0.41345354488859,0.0784129745980931,0.0589705449699066,0.0520344821766823,0.0424285754326714,0.00479001323054308,0.0236680498385422,0.0343167942267786,0.00831893928477652,0.0269432551034737,0.00385419875305647,0.0359619173814793,0.0134632874303372,0.00391547722028394,0.000618036910983591,0.00064204140566216,0,0.0843664509234898,0.062831314495245,0.475794173273409,0.616831156266046,0.635964513858403,0.032539032263906,0.00563251349090291,0,3.93420724282525,0.268109560898984,0.0300946486674592,0.00814363012535055,0.0356775245444999,0.0364989993273529,0.00916349113618307,0.000472725713420004,4.01619054547605,0.272023912289742,0.020850735664406,0.151089079170328,0.0544407528540767,0.0479335609056587,0,0,0.0119036822653156,0.00607796852183676,0.0116748095653699,0.00199376956986347,0.00101933830560204,0,0.00663647595958325,0.000923085343349783,0,0,0,0.00128945757844026,0.00773429068631755,0,0.000628622749143319,0.00692573496733589,0.00192261888916234,0.00322175482155326,0.000572314689012605,0.000921320587929292,0,0.0036278412821697,0.0117589704081039,0,0.0114054889639707,0.0125659781358027,0.280194459991637,0.0353624643552172,0.0448052903507714,0.0363521327229554,0.00528698917396654,0,0.0175615179798011,0.117444712633091,0.0735233443280744,0.0179694254032651,0.00437994670640239,0.0235406876961339,0.0389465901510627,0.0149137807901966,0,0.00229741078020435,0,0,0,0.00299099643600065,0,0.00078636146836944
1.59505404195334,5.6950312090373,0.580937181789551,7.08379178912387,8.72606909712204,0,3.84295439242815,1.45184633714178,0.300348734593132,0.19192453238551,0.117786340569283,0.100694709436996,0.0221804828439191,0.0792805944936865,0.0823980891490939,0.0149978018669479,0.269051349524972,0.0154926795563714,0.124742284184273,0.0547260261196643,0.0191772215598681,0.0105337700854079,0.00442722824956334,0.00307768473798217,0.0413500905635877,0.253608289273608,0.650462474973499,0.653015833765842,1.03408183533849,0.229804417938645,0.0136578276325459,0.00124858867203911,2.305133247802,0.502298526921843,0.103423936744362,0.0150543384068709,0.105085219379165,0.107572115396577,0.0153676517224433,0.0041220459849284,9.34778531968959,3.82492661553523,0.119268338983297,0.711906044120811,0.385141603196397,0.132068112492834,0,0.00167412579587821,0.021587916618302,0.00664039706841286,0.0233471545684282,0.00379107184899443,0.0063431030858286,0,0.00998401493473022,0.00440487489187723,0,0.00217888194017334,0,0.00275908681769703,0.0123995796890905,0.00303430355216974,0.0013153835022123,0.00219246844001243,0.00756420447574121,0.000889731425681696,0.00064798459623143,0.00442542202981461,0.010152900906603,0.00555605073068507,0.014472922033979,0.000794804847234432,0.0143366237605032,0.0183923660501957,0.233724289498066,0.0495220749786217,0.0887281682526928,0.126434702547682,0.0128020134213432,0.00128386866542241,0.0358892120516669,0.186553375799423,0.153624483739728,0.0363485273352422,0,0.0484283279537374,0.0449037184498603,0.0263067122738482,0,0.00263468981535099,0.00862616461305286,0.00476554935099331,0.00131161375357111,0.00523169830898933,0,0.00842945727467924
0.34101358399211,3.59329110429468,5.44508281591869,7.55508768081951,0.189821646455048,3.84295439242815,0,0.976112995471687,0.40117947798483,0.151898395092895,0.140059355209525,0.0968479593511934,0.0337601528832291,0.0843822815416411,0.093335538694906,0.0223389403327223,9.73989876177506,0.252438530715609,0.556200601776641,0.134189720287696,0.0477523516798596,0.0594210605809791,0.0120700501459316,0.0248715673824698,0.00718359548053236,3.96155735427,0.142005158503261,0.605804791074815,2.35708560058161,4.9244469084081,0.998763767482896,0.00756664348764169,0.366031128033111,0.410381360210641,0.170808313367772,0.0972257608762328,0.0985852321131798,0.116042562519333,0.0494020207522945,0.0154177089072127,0.493070285104415,6.00419460662393,0.452998524483602,1.00563011393498,0.511256466879309,0.218905475744419,0.00345788239554134,0.00801697802593178,0.0681160989585575,0.0898510474052177,0.300799823845745,0.0511089265795424,0.0167254726516583,0.00647781011369413,1.6438716081559,0.0246603693116625,0.00102969677341164,0.010871350188749,0,0.00532727580472542,0.0115412905902966,0.00113888124765385,0.00778134351033311,0.00496044398735105,0.709552628349178,0.221543826534659,0.0348277871651548,0.0129997453050302,0.0131873337945184,0.0917525276210507,0.0171402885589134,0.0143838829466506,0.0121009870273991,0.714234644702968,0.0836933393238792,0.112292604672632,0.915325949985019,1.74528044498046,0.528593691310907,0.0105618784636719,0.0574553475303276,0.134351344810597,0.179243040464636,0.0755422755574243,0.0106029013887241,0.0435242115152246,0.040154582971064,0.0236112261929035,0.00573353343256301,0.0315746962912658,0.0247984277341542,0.00734498681360951,0.00330204391786348,0.0228207383919234,0.00270740455030094,0.00555135359686979
0.780057226741529,7.89337734362833,0.0374071506433034,0.125571990054327,0.41345354488859,1.45184633714178,0.976112995471687,0,2.09376425076284,0.241350936899572,2.69381290486994,0.457873807870022,0.0217352680860122,2.81329131417382,1.28208534906,0.0279777819239834,0.100990433001612,0.00940820071515881,0.0274240912698899,0.0257104495310803,0.00965962135799756,0.00789936630722544,0.00739865635818947,0.00327498703241475,0.0571286837928517,0.0359543917880766,0.473258656287243,0.0736786018803694,0.161590903553808,0.19304336666957,0.0223595345533704,0.00397995374340831,8.90835299198109,3.45402596772925,0.105043299438296,0.0273990363489742,2.79677587095035,1.29518288148157,0.055884539448494,0.00774913114621384,1.37336489109701,2.2322026512957,0.0432311449062218,2.80309909077059,0.200403966408847,0.0579230140344778,0.000400093397329576,0.00155560559682688,0.0247456170338509,0.0103858650322344,0.00708951233250835,0.00347961661224242,0.00150304318155135,0.00055464723896205,0.0139339422857598,0.0101371138609954,0,0,0,0.00220586669089668,0.00381672038582005,0.000496868581933065,0.000285428537574461,0,0.00761764460000172,0.00267802950867329,0.000834250936693273,0.000627843679090665,0.00179924780370372,0.00420827263843611,0.00756499804405274,0.000868699986955334,0.0467524686391048,0.00754629697129639,0.0962561465634935,0.0229013602654355,0.047575061246558,0.138445759553949,0.0215639990205353,0.00191406056254995,0.0207866815592457,0.0770573218001446,0.0651422939532842,0.0256559497035508,0.000635828704241281,0.0119619530452578,0.0163222189523461,0.0129463805840296,0,0.0015842955382263,0.00143429749619162,0,0,0.000222340897750677,0.0012924138740623,0.00253252270164362
0.044128711320725,1.29328198054923,0.00759713218944393,0.013286383867642,0.0784129745980931,0.300348734593132,0.40117947798483,2.09376425076284,0,0.829663945481949,2.51043541598978,1.29191485323496,0.0199148896735169,0.930965799534452,0.472825023627975,0.0413629254390568,0.0517437074615168,0.00536148285033067,0.0586475929634757,0.0341888949575257,0.00865931543584075,0.00530425601936873,0.00589830061644163,0,0.00931074271665353,0.00638187780906729,0.0493887689965401,0.0152201847882536,0.0306478337442957,0.0327420004159946,0.00536048871948174,0.00195790583229125,0.32160589657758,0.738556806288804,0.118532455233304,0.00685793263519113,0.780014778840752,0.526696594679082,0.0432297895598888,0.00496786705258234,0.125680506345191,1.08629982967367,0.0815405133490569,2.62695330680257,0.352890181502117,0.239829814957461,0,0.0037408261970523,0.00263979689255496,0.000402053202450915,0.000250860072422365,0.000439945447080889,0,0,0.000582785832258903,0.00154925931603833,0,0,0,0,0.00124080317757891,0,0,0.00135212876355768,0.00192961803088744,0.00132022541941113,0,0.00215669004129437,0,0.000496112215254845,0.00151343778065542,0,0.00216305079515144,0.00349868514728804,0.00897053793595869,0.000615287888164829,0.00507673036152267,0.018362580893811,0.00493830769118464,0.000835907509431355,0.0033106052605346,0.0106139336397865,0.0191891388980101,0.00467783374505104,0,0.00110736095793357,0.00416197556998801,0.00081628921842386,0,0,0,0,0,0,0,0.000880033732097135
0.0514361910257113,0.332866251569974,0.00930622782425449,0.0298702104981632,0.0589705449699066,0.19192453238551,0.151898395092895,0.241350936899572,0.829663945481949,0,0.412357843402535,4.57768333504145,1.25142970796715,0.0897858746040041,0.793371253420356,1.05499848007849,0.590120854991399,0.0577336562889341,1.44720117015061,1.59395886494589,0.388565314110474,0.0558517305058353,0.0544177619455644,0.0153195333681103,0.00512502756166266,0.00506102869978684,0.049573120751409,0.0198784167163279,0.029712422256149,0.0419060732024567,0.016984164857888,0.0031091886893841,0.126027558607155,0.47933268653047,0.45692443887441,0.065407398418026,0.0879541754266787,0.582415169992544,0.322029241254528,0.0256716257965713,0.0582111770346148,1.32080093480728,1.64185362701904,0.348979101057569,1.67349592899429,4.36461466436102,0.001914655040351,0.0036106908823969,0.00224761750659201,0,0.00140473258027978,0.000273176800557025,0,0,0.00076407443633871,0,0,0,0,0,0.0011764484391374,0,0,0.00143499707492706,0,0,0,0,0,0.00359314498712647,0.00490435617639135,0,0.00318796571450559,0.000930312394867058,0.024028557303321,0.00519184758723223,0.0101915935218307,0.0283386683568502,0.00204184441114407,0,0.00235012687023974,0.0158044793449407,0.0276275594026663,0.0130881102857113,0,0.00335869042149052,0.00627810682371718,0.011164295479263,0,0,0,0,0,0,0,0.0020462534910546
0.0440181902288566,0.892658813545831,0.00289277986432543,0.00448729517187309,0.0520344821766823,0.117786340569283,0.140059355209525,2.69381290486994,2.51043541598978,0.412357843402535,0,1.4405568591335,0.0112058774032946,2.22982902765991,1.84346102553126,0.030718345602379,0.026472738019798,0.00389232213447045,0.0226748837772099,0.0149321250283702,0.00417975829072383,0.00417515440190748,0.00498175501936815,0.00225862273458919,0.00206782437676398,0.00489724295955106,0.0419539744659534,0.00536715568080623,0.0243024410389761,0.040167017829319,0.00445438781584429,0,0.376885102701016,1.1111016653467,0.120994287254587,0.0107131702436755,1.40848676851721,0.919840375405261,0.0639855035856892,0.00427395049307774,0.0741561256799754,0.49057434925435,0.0106203616451079,1.68939478215458,0.181500554046406,0.119629983129327,0,0.000470437661698627,0.000926647762318584,0.00659350791025698,0.000799206371815811,0.000214068689306429,0,0,0.00228005582771588,0,0,0,0,0,0.00169514913209014,0,0,0,0.000306992421460418,0.00127757120587367,0,0,0,0.000417043528164802,0.000832079111095334,0,0.00342445557418022,0.00546533074118702,0.00976644174948801,0.00200742248348635,0.00741748080468832,0.0312251661682579,0.00261103533519234,0,0.000385856259641382,0.00882708404080527,0.015785349586039,0.00177676942112065,0,0.00151989400992675,0.00416916284175486,0.0024797192332269,0,0,0,0,0,0,0,0
0.0860924745771213,0.259056791529436,0.00779203559884235,0.0151143580904292,0.0424285754326714,0.100694709436996,0.0968479593511934,0.457873807870022,1.29191485323496,4.57768333504145,1.4405568591335,0,2.00008590082007,0.293859970912601,4.07668843903605,2.25531042237992,0.235766086830088,0.0735766480309461,0.341999819890414,0.69923989958614,0.243189846212169,0.0561864096734751,0.0794259716357143,0.0131353744309133,0.0106246492029549,0.00305585591948609,0.0797813315230783,0.0218427623035753,0.0240893800901788,0.0366472876319081,0.0189785601575819,0.0114100715467203,0.228825422023344,1.15578099399106,0.45322111651218,0.0672270049409983,0.275954982566855,1.33723066987278,0.659738393276593,0.0317351844208247,0.0456252630418823,0.442576585174432,0.317805874389541,0.291763224011124,0.410852212934584,1.24619360746144,0.00789135537901159,0.00659243149883961,0.00314673478482971,0.00266281298708052,0.00141108091696717,0.000522790233596748,0.000473828329328518,0,0.00105825569151497,0.000296259130430699,0,0,0,0.000374999964729422,0.00220986583656374,0,0,0.0021795123556726,0,0.000837789439429956,0,0,0.00037657735245139,0.00345069460932885,0.00587853395569988,0.00262980168374873,0.0100188395021711,0.000837333419661329,0.00953484069855223,0.00371556151939068,0.00661887220569953,0.026100670216377,0.000795484987555481,0.00117281492711935,0.00264403217170298,0.012496946556409,0.0265891001152891,0.0177635064278801,0,0.00248052333326891,0.0151725015366111,0.0145287988352941,0,0,0,0,0,0,0.00193460446969759,0.00243264905562293
0.0103629909492494,0.0399866271082051,0.00234907422626455,0.00945282774785691,0.00479001323054308,0.0221804828439191,0.0337601528832291,0.0217352680860122,0.0199148896735169,1.25142970796715,0.0112058774032946,2.00008590082007,0,0.00452371305103674,1.0403767678049,5.07582899616923,0.0979728029708433,0.14268067673116,0.345370989481301,3.19423415291591,2.91068759971649,0.701690115863861,2.04158062163443,0.247777718573821,0.00288579003774964,0.00232772762155328,0.0113430376990297,0.00679419984464725,0.00613103197586462,0.162722782271706,0.261876176719337,0.0529487391983795,0.0206321543696929,0.227260643674727,0.375547710756143,0.566668100039998,0.00202283543696258,0.464453690644716,1.35891057980548,0.377629761957777,0.00462081200961353,0.0432627438421384,0.281069236731167,0.04604341832581,0.10703463493727,0.466328900206142,0.119594870835264,0.039623924053357,0.00191880043866999,0.00110986135313296,0.000400809650325714,0.00116315259202423,0,0,0.000309207847329927,0,0,0.00140459627212153,0,0.000654077085303413,0.00177869449784641,0,0,0.000756331396589302,0.000699584320856816,0,0,0.000615451290607333,0.00110480015581763,0.00615490151536062,0.00746043329224104,0,0,0,0.000934270456348207,0.00302229792026187,0.00458584286640046,0.0255284223000483,0.00288521651057047,0.00347630476754048,0.00113303268323039,0.00450087296274788,0.0342448825101861,0.0189662293864062,0,0.00556347411140603,0.0102235912973215,0.0171843933800421,0,0.000710274117540832,0,0,0,0,0,0.00665300011270815
0.0329298059484644,0.811254398939749,0.00305346709596581,0.00504356999622251,0.0236680498385422,0.0792805944936865,0.0843822815416411,2.81329131417382,0.930965799534452,0.0897858746040041,2.22982902765991,0.293859970912601,0.00452371305103674,0,1.6005822633059,0.00666403020697949,0.0257035095350566,0.000517318318053253,0.00707888302710624,0.00401224538893897,0.000959666712889384,0.0010721937906783,0.00451854972809416,0,0.00816334751173044,0.00706941554452135,0.0459413795538637,0.00528889358302935,0.0204679138694192,0.0489952618813664,0.00366103069221542,0,0.591759307417312,1.43352121327125,0.0753207522711618,0.0109170706428081,3.61600947925462,1.2761819086533,0.0466428402679048,0,0.0733270245239736,0.337214352144851,0.0166869718833445,1.1192056713135,0.082837169690751,0.0104103295523588,0.00369389490019509,0.000612420249110009,0.00250328669716877,0.00224302153532701,0.00190484223431494,0,0,0,0.00257053628641188,0.00266296974297958,0,0,0,0,0.000736673839176506,0,0,0.00247057998967061,0.00179809227831758,0,0.000414254902323247,0,0.00253081349563555,0.00330134897488099,0.00045582023156435,0,0.0129774361111446,0.0012230221583304,0.0173068876621401,0.00512659372314751,0.0102260952762325,0.0278274266093763,0.00445520887395762,0,0.000390215591805632,0.00630962961269115,0.0118352268107249,0.00616044059018622,0,0.00326145474007272,0.000872224612815248,0.00566716310982374,0,0,0,0,0,0,0,0.000398895750071231
0.108046142263843,0.514392725687628,0.00419164149342761,0.0153661414775287,0.0343167942267786,0.0823980891490939,0.093335538694906,1.28208534906,0.472825023627975,0.793371253420356,1.84346102553126,4.07668843903605,1.0403767678049,1.6005822633059,0,2.26555550117378,0.0756051691245742,0.0303928462543681,0.0932790439781068,0.152177177919416,0.0643834045661963,0.0311407082695339,0.0498210011002886,0.00873214713065362,0.0178145030641482,0.00571958239259175,0.0880376359368626,0.0130907122370293,0.0207440974487355,0.0690659808527397,0.0227520187750676,0.00620654004936196,0.401780745652057,2.50332633005325,0.455398467131232,0.0477819530223085,1.29155010022711,2.2043844357339,0.702523129216544,0.0373663090125696,0.0499107125077803,0.256254743920861,0.0661553436289813,0.65354579549717,0.0877423157261601,0.150345154936817,0.00522398908241721,0.00777165048820246,0.00446874363400687,0.00269195360269994,0.00389642441513747,0,0.00065066998153817,0,0.00212166004559555,0.0018651561271972,0,0.000975701029565582,0,0.000799077460940226,0.00270121405240714,0,0,0.00067948399212428,0.00088079440909046,0.000389172553144617,0,0.0014252894381525,0.00163412527341053,0.00338018066936891,0.00485080735940712,0.00391063080869287,0.0167972470494376,0.00170796875300524,0.0225372067252858,0.00185709849578443,0.0052846561378575,0.0490204563765746,0.00825324273469515,0.00304672181434736,0.0070508961227141,0.0245097171791044,0.0245878854877478,0.0220672395391438,0.00088978373612842,0.00407572511525366,0.0155846574604225,0.00928772048684645,0.000995594902710804,0,0,0,0,0,0,0.00109656526150367
0.0117066269284861,0.0315740348694455,0.00138106416753172,0.00255523911097576,0.00831893928477652,0.0149978018669479,0.0223389403327223,0.0279777819239834,0.0413629254390568,1.05499848007849,0.030718345602379,2.25531042237992,5.07582899616923,0.00666403020697949,2.26555550117378,0,0.0527737715857677,0.0758734870846603,0.147817739410266,0.725295058215217,0.587333299694334,0.302011790938598,1.88479368672297,0.142432700609258,0,0.0011471236993289,0.0105279991164302,0.00397282501701531,0.00399831908482879,0.0790405118635606,0.130262627210571,0.0274922628854254,0.0266900126085452,0.290775233713725,0.390677533181811,0.401612845739814,0.0113733205694149,1.05600212172966,4.41172852043159,0.518137280810382,0.017828163671285,0.0440122265773294,0.111114702857959,0.0259726302368,0.0503151350606148,0.180100407219316,0.0775720424898479,0.0401067383091823,0.000369125661183762,0,0,0,0,0,0,0.000361415568527666,0,0,0,0,0.00300923432039648,0,0.000622359394605084,0,0,0.000307759785482226,0,0,0.00315882325037847,0.00510888332906675,0.00544918678077194,0.00177910674607101,0,0,0.00702196521997603,0.000385609869610948,0.003457899270445,0.00960112564552253,0.00285717087284456,0.0026404464199771,0.000671317852480764,0.00155397071251358,0.0237625742592986,0.0128361841049328,0,0.00422410827639596,0.00852833396337849,0.0160792106180558,0,0,0,0,0,0,0,0.00420339687823328
0.0852201723280704,0.789686507938724,0.321511907743149,0.296592859812637,0.0269432551034737,0.269051349524972,9.73989876177506,0.100990433001612,0.0517437074615168,0.590120854991399,0.026472738019798,0.235766086830088,0.0979728029708433,0.0257035095350566,0.0756051691245742,0.0527737715857677,0,3.25026652615472,3.10136828491651,1.28452397296502,0.436982504539751,0.281428822192328,0.0380638863207517,0.0531161522525465,0.00444318812864599,0.394992809206866,0.0574718469133527,0.0776090862998362,0.326633712130422,2.7868099549597,1.45683323648031,0.0208469171432306,0.0859854466498142,0.290869765085437,0.284171887280101,0.198421636388016,0.0351479899819509,0.0978913688652475,0.105162080653254,0.0513975587840548,0.0328203168586939,1.45912200963813,1.06248989031026,0.138607661333895,0.51010525139642,0.863529667807339,0.0206364790082308,0.0253148464816446,0.0420012457704173,0.0780638615783756,0.0802890063950189,0.0294473934724278,0.0206952117421032,0.00327045282207464,0.438361908352541,0.0190679070553275,0.00214404743239056,0.00539093594619342,0.000674914688763135,0.00177653271209552,0.0092342503005517,0.000945591993185406,0.0037153400631765,0.00587739672287884,0.518085656790678,0.198511115947327,0.0232575508896484,0.00907114703794372,0.0175979449991799,0.105710454081828,0.0177773054304865,0.0214472592843328,0.00579450730777216,0.110206386464071,0.0397313573511942,0.052759254284334,0.237619094090786,1.05905643111266,0.66739761609051,0.0224374204057403,0.0303196605934929,0.0820374348298162,0.11023046847861,0.11633712678998,0.0121758364602395,0.0329301206942148,0.028060576857755,0.0385734646555202,0.00540973274719647,0.0267884714185905,0.0113769128496297,0.00597516152788006,0.00200396049255996,0.0157208226577092,0.000446714862798025,0.0191018117986924
0.0160262645196409,0.0327790218392914,0.059543550256525,0.0279660008741836,0.00385419875305647,0.0154926795563714,0.252438530715609,0.00940820071515881,0.00536148285033067,0.0577336562889341,0.00389232213447045,0.0735766480309461,0.14268067673116,0.000517318318053253,0.0303928462543681,0.0758734870846603,3.25026652615472,0,0.937675753126349,2.5017784896723,2.66474013019529,2.58091262975033,0.0693233406929726,0.0886071061273703,0.00284710260113785,0.039975299188554,0.0221038709326359,0.0233851758392012,0.0461329251044935,0.504924220540151,0.990528041101241,0.0496146112866757,0.0143660170706345,0.135995198983519,0.225100729236466,0.245182589761361,0.00370054075296902,0.0419578589724828,0.110055109232224,0.0872200720358658,0.00421604022446836,0.0317482858896045,0.113801767667409,0.0163830664780448,0.0298196840393725,0.0917052118513722,0.0654310971919922,0.0375666121549587,0.018089127796816,0.0661523231210387,0.0360722673652159,0.0193873806873773,0.00899428248898073,0.00530716988683955,0.0855648854216156,0.0134604593336695,0,0.00243219831462744,0,0.00309391485487139,0.00519144708242726,0.00126183741366594,0.00467724264021325,0.00235452555001182,0.144216551839794,0.0619670340879963,0.0055845626795052,0.00373463382300188,0.0114635211889153,0.0410891770914977,0.0136685760420211,0.0183877452314875,0.00258704644428023,0.0431858832994653,0.0183294867097659,0.0184961268971731,0.0817516822588502,0.284697500114702,0.302550433943324,0.019993500151978,0.0191151421593808,0.0496188111617485,0.0960932808169061,0.0874927723683649,0.00844607795151393,0.0259419664955995,0.0176744110587778,0.0285020392362281,0.00426262984925513,0.0231058712894391,0.00460153056148226,0.00167136253158388,0.000442637241718939,0.00587563210941444,0.00159485134051507,0.0128333322359139
0.026064602801804,0.135163120701515,0.0397186438919524,0.0679033228153385,0.0359619173814793,0.124742284184273,0.556200601776641,0.0274240912698899,0.0586475929634757,1.44720117015061,0.0226748837772099,0.341999819890414,0.345370989481301,0.00707888302710624,0.0932790439781068,0.147817739410266,3.10136828491651,0.937675753126349,0,5.08489845830499,1.02726704985215,0.0860030647480672,0.0446292265356518,0.00802549233739169,0.00261767651210006,0.0233767144340568,0.0409610954638152,0.018600313812203,0.0489262572436397,0.141274423231997,0.0407302500617694,0.0109354216832722,0.032924422926647,0.249854041270289,0.499615111123017,0.177042545283348,0.0126601115171724,0.145704912865767,0.167493528312606,0.0299263821811761,0.0209678546264617,0.736512791877562,4.49444836740753,0.105578099588613,0.85566222800308,2.26960357233261,0.0170050401593285,0.0124297530714059,0.00260406236242197,0.00384776863878972,0.00436997796630688,0.00181943445753064,0.00180606553762717,0,0.00540826087671713,0.00191023569848956,0,0.000873206721635163,0,0.00129065593630559,0.00312306769166088,0,0,0.00405826107150342,0.00258486085398696,0.00195905544765534,0.00184178513507527,0.000663665960311775,0.00288356787085339,0.00862324607295574,0.00940727278509179,0.00713653205695727,0.00283432005780071,0.00136003113473487,0.0127718842512581,0.00879667541928607,0.0325144080891881,0.0482437806814992,0.00752274516282588,0.00375110070087149,0.00513864201261003,0.0130819377326304,0.0466677410416897,0.0366659076556943,0,0.0054630982309057,0.0273318076909821,0.0156433469807767,0.000898141655159293,0.000678326873363236,0.000933207953404888,0.00108599329995553,0.00240668046170107,0,0,0.00683864607013903
0.0245337582485855,0.0686572320494318,0.0250893029909488,0.0303035413596524,0.0134632874303372,0.0547260261196643,0.134189720287696,0.0257104495310803,0.0341888949575257,1.59395886494589,0.0149321250283702,0.69923989958614,3.19423415291591,0.00401224538893897,0.152177177919416,0.725295058215217,1.28452397296502,2.5017784896723,5.08489845830499,0,6.82139717503787,0.380060077606011,0.268874511047723,0.0336411741778574,0.00121671814834527,0.0110588472260995,0.0316988239112181,0.0156723702029591,0.0238748802367119,0.118742468163283,0.0823337604263876,0.0184167819912235,0.0341329645819577,0.219128960515445,0.443679673577555,0.262180075780617,0.00156082152255782,0.148021032804396,0.347724265684518,0.0608282582081074,0.0169262360746394,0.158149067783091,2.82699123777099,0.0475142277724223,0.24249479765445,1.67870031330408,0.0409036232034444,0.0244838775457078,0.00288323561390563,0.00310001941627468,0.00496320935324178,0.00213714410433955,0.000858485725615993,0.000859569406461719,0.00235606366614517,0.00206789479523515,0,0.00248753192460606,0,0.00187132771386219,0.00584771809295026,0,0.00113943522111844,0.00327272773763624,0.00175091684858206,0.000546029402924184,0,0.000587267526574897,0.00219662464739644,0.00696360808734314,0.0103021694569932,0.00332245921006395,0.00182224237592038,0.00348757709067124,0.00549802595195197,0.00345737534142293,0.015831369756146,0.0440810791464041,0.0083510665429027,0.00486767115695346,0.00381016180652585,0.0149718219899788,0.0353563122023216,0.0496657452782036,0,0.00568332204032779,0.0133065345667676,0.0274413232305118,0.00215170494322396,0.00071738131460404,0,0.000866954303007324,0,0.000526208954356299,0.000635977304270341,0.0109700238877159
0.0120368014816251,0.0282491492633772,0.0128090732343587,0.0196738314938676,0.00391547722028394,0.0191772215598681,0.0477523516798596,0.00965962135799756,0.00865931543584075,0.388565314110474,0.00417975829072383,0.243189846212169,2.91068759971649,0.000959666712889384,0.0643834045661963,0.587333299694334,0.436982504539751,2.66474013019529,1.02726704985215,6.82139717503787,0,2.16847917132592,0.853714207872299,0.126071970640033,0,0.00154110207139138,0.0152956942523865,0.00975280724411051,0.0116634658690036,0.141780750180763,0.182524894179126,0.0527352659458594,0.0139557940854679,0.135118919975434,0.344518628155982,0.300762503075373,0.00273856589036696,0.133804334589128,0.438386197600043,0.125602673072049,0.0102048680351774,0.0339819452678544,0.440583385750746,0.0145333015576202,0.0487968607234749,0.338711495264217,0.0686672651634975,0.0460073495245485,0.00147901829575971,0.00383360908270051,0.00550001082802043,0.00201389103639895,0,0,0.00327052671684663,0.000261414433271046,0,0.00031682219769031,0,0.000440224758737257,0.00301459759054767,0,0.00113053870905887,0,0.00407248781353681,0.000524666785327536,0.000311209876141368,0.0011028710071438,0.00048837889572273,0.00573430563157173,0.0118801607210672,0.00271470742175071,0.000486072074776467,0.00102239776145057,0.00876697652517338,0.00267737955919651,0.0131652979791494,0.0438174580716599,0.00814612097998643,0.00168239082812816,0.00372354939463548,0.00469686517145872,0.0334665710281681,0.0310686049802415,0.000659388365967569,0.00265082025436722,0.0210844646418381,0.020957195892125,0,0.00259616268155496,0.00141896948497766,0,0,0,0,0.0119991292562369
0.0124180132246167,0.0126961732315295,0.0152876453163619,0.0143280617041864,0.000618036910983591,0.0105337700854079,0.0594210605809791,0.00789936630722544,0.00530425601936873,0.0558517305058353,0.00417515440190748,0.0561864096734751,0.701690115863861,0.0010721937906783,0.0311407082695339,0.302011790938598,0.281428822192328,2.58091262975033,0.0860030647480672,0.380060077606011,2.16847917132592,0,3.23377425974675,1.3935264620016,0.00130674154289939,0.0109885657319181,0.00760418597522314,0.00647328840379844,0.0131926960414982,0.377321664870482,2.36820943588649,1.85665851391115,0.00627517092191076,0.114855938755647,0.196865076119457,1.13506915654231,0.00374876321541402,0.089107984239836,0.831190428816148,1.4705912269723,0.0016945269074788,0.0144392434648726,0.0422679809710642,0.00996480623475987,0.0128478428353453,0.0491455083714822,0.853430038746973,2.20188791072394,0.00604659904514117,0.0120436022781652,0.0125059241409384,0.00639301348280016,0.00037488488081891,0.000953367044416805,0.0268752435512123,0.00272188458590886,0.0005692914467521,0.000674772066881606,0,0.00131310246370831,0.00335909037641358,0.00037481741423822,0.000550044513382308,0.00393328366005604,0.0342422448122369,0.0123400312203372,0.00259111555381716,0.00416034776303181,0.00466828186404983,0.0442172111560101,0.00934576652369516,0.017599153884966,0.000990062198055874,0.00537690994276751,0.00607649418000167,0.00746731068675301,0.0287929783125462,0.0911319255997387,0.0757979636591249,0.0335948988792427,0.00838170476583103,0.0130729343004833,0.066403537075645,0.0954420935937002,0.00329879312596168,0.00846149950542234,0.0174787269661246,0.0270223011545783,0.00115010847068029,0.00576580467418884,0.00108922219393117,0.00173036107271643,0.000306773450058667,0.00128026049632041,0.00189934122552085,0.0535444598940609
0.00275268038974628,0.00773099032221653,0.00283415642641213,0.00189800306368028,0.00064204140566216,0.00442722824956334,0.0120700501459316,0.00739865635818947,0.00589830061644163,0.0544177619455644,0.00498175501936815,0.0794259716357143,2.04158062163443,0.00451854972809416,0.0498210011002886,1.88479368672297,0.0380638863207517,0.0693233406929726,0.0446292265356518,0.268874511047723,0.853714207872299,3.23377425974675,0,1.72110334771588,0.000318202224291641,0.00356907106034265,0.00413263043774807,0.00307910199045053,0.00195567517050866,0.243191422058654,0.787869777317094,0.352582890808372,0.0057819317599803,0.0873838772038842,0.118927572550447,1.83334076681449,0.00370494428147437,0.158363623654802,2.60502185298856,5.68265236525605,0.000241927948846209,0.0129784257804084,0.0270610295869018,0.00866300035062117,0.0133007557089806,0.0330165800285142,0.539025535229644,2.14811662455396,0.00135152523672758,0.00134103730445917,0.00085955655280302,0.00128081980230076,0,0,0.00164137853293785,0,0,0,0,0,0,0,0,0.000345183931232645,0.00317416917138397,0.00598302351053907,0,0,0.00100325434083795,0.0132465145111163,0.00564738768872114,0.0115795853692514,0,0.00143124642495201,0.00104666199179274,0.000693760747805389,0.00507885663348351,0.0257083929908578,0.0134867194760842,0.0118613734973494,0,0.00391688421735078,0.0251520420719191,0.0525963024786118,0,0.00177414461627718,0.00874667331566795,0.0156277945155117,0,0,0,0,0,0,0.000805181933601375,0.0291948507655077
0.00341302312543662,0.004917819008651,0.00780443912285948,0.0043390967175578,0,0.00307768473798217,0.0248715673824698,0.00327498703241475,0,0.0153195333681103,0.00225862273458919,0.0131353744309133,0.247777718573821,0,0.00873214713065362,0.142432700609258,0.0531161522525465,0.0886071061273703,0.00802549233739169,0.0336411741778574,0.126071970640033,1.3935264620016,1.72110334771588,0,0,0.015506404202613,0.0037202472058585,0.00437365908920543,0.00786946683338727,0.24022139724871,0.619266068992758,1.58040369131748,0.0030594628044113,0.0588377063550033,0.0673461938398702,2.63799354116873,0.0052172472929481,0.0451503147204854,0.508904891945706,3.0111444276579,0.000547619705423233,0.00383309693825817,0.0108195560556753,0.00280560920782616,0.00700742833039168,0.0193539002253023,1.61971773544345,3.60629642288686,0.0040702951686831,0.0158816481568251,0.00563835426817174,0.0074152353120193,0.00153402835165695,0,0.0312256339937548,0.00442265333854946,0,0.00165000339786284,0.0010844062470618,0.00467289557153323,0.0161306493134628,0,0.00870217457108038,0.0071270218900561,0.0619893197515399,0.0845598478648123,0.00393500395222062,0.0073026351279821,0.0411084325607562,0.366486977475979,0.0610682685376589,0.769275319511074,0.00171835633818862,0.0132940125656763,0.00763949078375679,0.00302433900320048,0.00742407225020717,0.254912770324041,0.533547206468731,0.757288696026001,0.0019209621320357,0.0150529249511413,0.137616454653203,1.26999105481854,0.00555627482798776,0.0176502858074784,0.0320319230452519,0.300634962808898,0.00186813037513021,0.00807254050627766,0.00395560985586624,0,0.00373711773574356,0.00841203306843519,0.144729698305604,0.737710377862262
