0,1.12284443126677,10.0039395248027,9.77972252206814,1.04765764057246,0.90701362336189,1.57119258125863,0.421897905828337,0.251727845186304,0.0576021054462025,0.0851956892363022,0.0633970800269391,0.00563517583171152,0.0243891979193909,0.0400976951798008,0.0107915065183181,0.591780622786221,0.0413726928334487,0.104234588202443,0.072065057231842,0.0177012347089032,0.00979132537135098,0.0109298294199713,0.00253537838448429,0.887481973736684,0.26317742856429,1.23732325344327,3.71867715797315,1.93839345018391,0.131835291962101,0.0381927524571651,0.00157038801442443,2.05656699343421,0.261816611776678,0.0458967817589572,0.0132555505818206,0.0460486701673837,0.0738700600598232,0.0154256401834276,0.00692588912301852,0.840956251338465,0.638878686511728,0.0788361778904691,0.100862377794737,0.229767904696915,0.0893824249963873,0.000488132011239817,0.00124083489430869,5.02464501530407,0.060311382330046,2.35092896861888,0.0944448257432824,0.0240014216063651,0.0109603726371455,0.0843744460901449,0.0939755087199031,0.00472719430576297,0.0116554497414907,0.0102057633460178,0.0123265863856198,0.00244079606185454,0.0128289272103796,0.00681388339350858,0.00242506218041565,0.056278883083068,0.014347866848588,0.0200624464599628,0.00446765479998365,0.00473392962230674,0.00466975023512354,0.00274291312106777,0.00338754110909884,0.320399927561328,0.103462729388839,0.551161656859266,0.850208508549718,0.954218932051547,0.052098420961409,0.0253536444884266,0.0010410927751219,0.496285287755336,0.0728863480882735,0.0116004857211032,0.0059883221268367,0.00474617981925411,0.00285155014485512,0.00379183593830499,0.00337873712935687,0.0203615669122018,0.0187763388687473,0.0116446780510133,0.00682856493616634,0.00136834927051664,0.00947163651155553,0.00134452711777872,0.00118931128377654
1.12284443126677,0,0.426365756727753,1.13860123820306,0.254378347549365,0.671042295414189,1.19303415252384,1.8414862451183,2.25003156758,1.61480974705868,0.581009335844331,0.432015655581044,0.0985380846128379,0.209080925633634,0.254811974269412,0.121257373427838,1.58003864088452,0.253693310617847,1.1818112738295,0.785788434259423,0.215989675303109,0.0704339666667118,0.0295234470585783,0.0238307091084975,0.187389283770286,0.0792116911534518,0.456860347335409,0.480311434133498,0.446818224786662,0.441283533935367,0.149097470133911,0.00690505924203777,2.99160461495282,1.53076577126941,0.36485900664777,0.0742035990394456,0.333024233846064,0.6844361653819,0.0972876370646119,0.01906417557889,0.818423178626004,3.78238600502976,0.836108964483442,2.4713515527418,3.88375436642009,1.16855522214677,0.0134468621599309,0.0143552184552818,0.271315963350924,0.0699861139553147,0.0848140455642908,0.0312387655441302,0.0314277008674534,0.0193818466928547,0.0471709739527997,0.102646023542671,0.0211142410544668,0.0286802383198459,0.0147213266246381,0.0506527607886868,0.0104361583056926,0.0251920417431099,0.031113522793513,0.0122554519606319,0.0570174450913336,0.0385393354478394,0.055629955204564,0.00929964482267488,0.00586773900203754,0.0150380504055416,0.0109571697327218,0.00452642489353383,0.0773875144012387,0.0398638497170058,0.196131861936531,0.128081777346217,0.215173423273251,0.134471056072972,0.0608160985188815,0.00170051685640812,0.218384954032796,0.180726755785998,0.0457631524676695,0.0292631937901912,0.00680344430020826,0.0191772660178522,0.0274615977510439,0.00995579448642664,0.02750708869745,0.023730453694416,0.0320416789341591,0.0179402703280677,0.0119858707681519,0.0269368962534065,0.00128289699367713,0.00604847099669532
10.0039395248027,0.426365756727753,0,7.02494800063271,0.0978971666186843,0.306038053713926,2.24518512398928,0.0341997559829161,0.0560719683180824,0.0186712285704952,0.0120422471753056,0.0248163555479209,0.0115804016786624,0.00427025179364005,0.0272534287326679,0.0152956829526495,0.697395108897336,0.171928370403768,0.165810725322519,0.127341180977247,0.0362671855220603,0.0244723800956972,0.00425919867259002,0.00441301450050807,0.169410359047887,2.19902141636333,0.489634294795791,4.63529715076582,2.0452322526467,0.345491243080461,0.115533008291964,0.00399713994436183,0.411247046451293,0.103897235884901,0.0465604856146996,0.0121689996825803,0.00669749407162583,0.0358107859852966,0.00844085171865349,0.00192578774183947,0.345218722317186,0.348723315637038,0.0757537067358753,0.0380598575659289,0.118564002698749,0.0562892552452201,0.00143854626131187,0.00274230103179464,3.2681646147149,0.0763995584064007,5.7000681487174,0.44214258897326,0.0698957733838796,0.0542747507371986,0.290339593138946,0.0450278388122555,0.00622237156278978,0.0146385737909708,0.00892405048848702,0.0148731387356092,0.00314974216766142,0.0103789916384797,0.0101560073263775,0.00274255149036803,0.175411559575138,0.0639786576559256,0.0712341165800386,0.0122269736577164,0.0052354404978146,0.0109964543937223,0.00152504275008582,0.0065031711866817,0.0742656464184912,1.35031573483894,0.304409968140403,1.72286667932326,1.89029287844432,0.195014549526249,0.0719319489675793,0.00196081356820319,0.196883058378779,0.0334042234475219,0.0186890365218602,0.00840400128895135,0.000324246912597406,0.00774938761268235,0.00217613616273144,0.00124777964573017,0.0613859245717024,0.0411171098887819,0.0377365136532943,0.00904918764729349,0.00686167599041879,0.0328759698992263,0.002970643010691,0.00230575997260588
9.77972252206814,1.13860123820306,7.02494800063271,0,1.15433083549626,1.95511788864178,9.22267082903289,0.21640113803277,0.305247061706607,0.0664636104419278,0.0432817522749817,0.0411532861872215,0.0295202372729148,0.00986110270091572,0.0163421812514734,0.0103536616615663,2.60409889494132,0.179920644768315,0.482904194720255,0.250767370979417,0.0741346225886625,0.0253230913602369,0.00309020764966316,0.00126287992356793,0.143929029742249,0.472577263786243,0.355646884885108,1.89641236954513,1.05868914580794,0.2017876264769,0.0730899662658522,0,0.765335001305802,0.14385602292868,0.0388341581265472,0.0147553979433043,0.0256405207626853,0.0517347201262451,0.00955103592876054,0.00252580870878103,1.01594846730799,1.65866600112701,0.206929042375291,0.153954915440698,0.498089847017476,0.191318273121065,0.0025127011725709,0,0.30485496332349,0.0297453242025964,0.466572311762186,0.0442717525209944,0.0117208045927925,0.00601444981111672,0.0700513982489066,0.0203929418526963,0.00158593948514044,0.00467194790134029,0.00480186079234401,0.00401431308236429,0.00314056472260681,0.00553338372053793,0.00297510984061977,0.00134260628687519,0.0475083774582274,0.0287452076540424,0.0156015475713067,0.00490117028813649,0.000447545131222631,0.00381873967971655,0.00171341666906514,0,0.0438927186356888,0.127967770527673,0.135431301060069,0.254494386938342,0.592261944706905,0.0780407587605435,0.0348249472951719,0,0.0869911756482556,0.0328668408468293,0.00730226784340324,0.00363389712484032,0.000661852708714335,0.00228999497505896,0.00241161941216279,0.000342940870438069,0.00918262951077031,0.0144553220019158,0.0111107502733807,0.00144111183972433,0.00203919734649671,0.00191051185307162,0.00276610356040888,0.000903282100863524
1.04765764057246,0.254378347549365,0.0978971666186843,1.15433083549626,0,0.519078047392891,0.296876059651777,0.294165347618972,0.491513333162233,0.0499824674868579,0.145831112412232,0.0111794250789826,0,0.0569277875799108,0.00659252115106343,0.00448332089964421,0.121385395097345,0.0112679529759651,0.0330649604204844,0.0158460721315243,0.000667809226705028,0.00266692451081886,0.00264722648296098,0,0.0505740203970842,0.0073546144141573,0.107677926526688,0.15753512755655,0.0962761980096444,0.0185385031101617,0.00471720025589346,0,0.43871496500455,0.104789367886059,0.00627911298142812,0.00485633627185009,0.0468389997723745,0.0536640250791766,0.00955667799626848,0.00166089274126213,0.261273879347743,0.382358016822388,0.0159120291296267,0.137296559061426,0.247070436234388,0.0748631223109974,0,0,0.0550655276714389,0.00297019249072196,0.0130146091226639,0.000845499506538828,0.0010631092094788,0.00182190006063376,0.00180789579500361,0.00632246929411222,0,0,0,0.00101377147398842,0,0.00620600928222748,0,0,0.0036278305538726,0.000964744998166074,0.00681787448230147,0.00174356508420442,0,0.000542344831500098,0,0,0.0410088804802095,0.0105230285394411,0.0566337027449986,0.0182105636178311,0.0435124011496527,0.0086327690477007,0.000916816605840629,0,0.0427568425784825,0.015500146879831,0.00303118139469899,0,0,0,0.00363349430716425,0,0.00198563881839858,0.00125755024571966,0,0,0,0.0030694672401409,0.00180423377279695,0
0.90701362336189,0.671042295414189,0.306038053713926,1.95511788864178,0.519078047392891,0,0.95496793793827,0.362502168474718,1.0711478946344,0.158902077043173,0.163205826883032,0.0378911540485596,0.0139595496363043,0.0481869592317097,0.00938244214084195,0.00705618176921274,0.563879361389476,0.0248865865800581,0.168613813501728,0.126094973291438,0.0277115598737199,0.00614702656419859,0.00200722381891949,0.0028335611819158,0.0966125755062995,0.0450918881157917,0.144808276371031,0.322319227716215,0.231641774641743,0.039835854147657,0.0197884235915296,0,0.587871968793624,0.175826185705376,0.0287284008365719,0.00930572871171348,0.0639710253477924,0.0647121210045554,0.000978696732457381,0.00215869303248907,0.528667703579452,1.30107458083476,0.102112014239363,0.251487350521093,0.567652838268092,0.19281872159898,0,0.00114951515815262,0.0667535346473792,0.00838573407336174,0.0312309247135017,0.00394497210660754,0.00247480978908146,0.00123904574476447,0.0077805396915059,0.0144435724284932,0.00178823725111493,0,0.00916385468842451,0.00192401735354176,0.00115542657058157,0,0.0012737799081272,0.00161322993017987,0.00525837915112674,0.00207788435267324,0.0105576281250647,0.000946829438792984,0,0.000628824138806341,0.000763726489804519,0,0.0102736004168432,0.0131145700029476,0.0821500334538329,0.0837238848981023,0.136756731899569,0.0170578652925283,0.00365143006140748,0,0.0274800070325154,0.0209358141517067,0.0111770606375042,0.0045565325710421,0,0.0036646368745656,0,0.000604757923856891,0.0116467014490545,0.00248762568038274,0.000830376372155793,0,0,0,0,0
1.57119258125863,1.19303415252384,2.24518512398928,9.22267082903289,0.296876059651777,0.95496793793827,0,0.335378173737177,0.624149351154142,0.167172672711003,0.0717939956202006,0.0767421606137562,0.0709623228939024,0.0231443169993899,0.0370669449476684,0.0204511905374832,8.88473686972173,1.45957153333665,1.90896749686984,1.23998112826128,0.387597257245571,0.202855447834215,0.02806481961564,0.0265989216867931,0.0823974416686111,0.489881790740305,0.190069138022866,0.465920297069654,0.421223954817905,1.30129564178186,0.783598647705288,0.0142195034270803,0.558193282020102,0.195027325170784,0.0912633892232609,0.05830074467159,0.0384109929129845,0.0805297864625752,0.021012620583479,0.0161475316967301,0.465332565071124,2.76189258657227,0.566071837891588,0.252774315586654,0.922234261891592,0.538315379082483,0.00559948221800523,0.0187437350311506,0.157095858994454,0.0440421883477474,0.15361148322227,0.030762756019023,0.00877883181693878,0.00529394940776451,0.571180144379413,0.0261042447789656,0.00815922885502826,0.0153139641054886,0.00503202191044027,0.0165609837552106,0.00859879803587596,0.00717831585476852,0.015803833336079,0.00416882884471775,0.472319190833575,0.283041435364063,0.0875303823751065,0.0277760700637998,0.0162194593134987,0.0358369708883202,0.00267423657676223,0.0112819808974729,0.0185178863821533,0.122399611744748,0.0725597490461389,0.0986893194691134,0.238962023475513,0.527902727553876,0.355925574103626,0.00350197264553626,0.0583270083922872,0.0560521743421567,0.0525445749011975,0.033731884507998,0.00416280671079945,0.0159187021425495,0.0147906830061564,0.00295908710951672,0.0103536453395536,0.0218013145443107,0.075155010668695,0.00352307221379663,0.00487840417420984,0.0414453165087405,0.000238995669437161,0.00354323518992729
0.421897905828337,1.8414862451183,0.0341997559829161,0.21640113803277,0.294165347618972,0.362502168474718,0.335378173737177,0,5.10837306300527,0.871502536050988,2.54330445017409,0.398244851768189,0.033103751088184,1.08695929245657,0.359838465894159,0.0921322769942962,0.380993331560802,0.0163105889621863,0.0861891966996114,0.0781221006486103,0.0248765319703022,0.0101825459669843,0.0274425683425424,0.00607436958808105,0.0722742948201466,0.00969784637884772,0.0728983306795704,0.0624107853821959,0.0535109581670847,0.0782075376793089,0.0191705020537597,0.00332413359353277,3.68330552996179,3.44308434965509,0.141454327928084,0.0321745978429638,2.02900936160873,1.4917221259007,0.078912760914135,0.0250778658669506,0.432361266152322,1.5540440954552,0.0745926889679233,1.67862044480959,1.46491346484009,0.354875427493412,0.000934215884969836,0.0024996545682906,0.0657102642845156,0.0212941198293235,0.00899120686464239,0.00549633422102141,0.00437590060039688,0.00345747414121522,0.008197618065383,0.0453751458008508,0.00398565776431969,0.00624991653021456,0.00530547641830259,0.0181376992564161,0.00150436901262788,0.0101567855349851,0.0128539616848264,0.00448231730217581,0.0105276041852375,0.0026341216217369,0.00924453802019683,0.00390189899448028,0.00173488176184664,0.0019732085267592,0.00335782853033002,0.00285262001043754,0.00793886700250965,0.00648125023442554,0.0461297206474113,0.0222616518430213,0.0289206601754984,0.0236363753569569,0.00911602155717262,0,0.0620273599613556,0.144226504993784,0.0457818518641362,0.0122951289231246,0.00766055696058773,0.0130024969756726,0.0148982790433923,0.00340465215091307,0.00195977300216887,0.0111014898517976,0.011414704720499,0.00906140469107868,0,0.0100902208219191,0,0.000428080558378174
0.251727845186304,2.25003156758,0.0560719683180824,0.305247061706607,0.491513333162233,1.0711478946344,0.624149351154142,5.10837306300527,0,3.90770685835075,4.22130329659399,0.63450807892111,0.0347365596987542,1.32506250373207,0.443513350060631,0.0618475366198257,1.19752225080234,0.0212752541912263,0.214741789356668,0.0800796749710142,0.0210941629357611,0.00254090351080893,0.00160390740116379,0.0010579584756234,0.0908920298811459,0.0147072979022482,0.0866687628063083,0.061842172170074,0.0407188315720258,0.0263507406807978,0.0178526421716322,0,3.08549638317292,2.20841935682316,0.0805530177463424,0.0130964253857194,1.55846004874074,1.42127402650229,0.0404547661037488,0.0027874775620209,1.22510067373118,5.84994493923187,0.177512332328275,5.36888884695931,8.63293976827213,2.83942597805385,0,0.000538562293983351,0.031193743108432,0.00916580749676277,0.00359413259867404,0.000503308434034302,0.0116142255046228,0.00349605921187529,0.00245654354548474,0.0292719192073783,0,0.00274339099246745,0,0.0130795978891313,0,0.0150745249737903,0.00305768003640083,0.00480791657522933,0.00239520076345005,0.00420714234456319,0.00480035089023996,0.00153987964024277,0,0.000374159580617435,0.00280024993675745,0.00802312375512065,0.0175466453272329,0.00327910694465683,0.0365558184622468,0.0108777792110188,0.0316112772019108,0.01437477514148,0.00303381858831077,0,0.0469099096485571,0.0498296725944258,0.0178136200747805,0.00361511824937014,0.00346383532791887,0.00609291557557223,0.0121535252109359,0.00203516796809348,0,0.0087711124155088,0.00785703089833764,0,0,0,0,0
0.0576021054462025,1.61480974705868,0.0186712285704952,0.0664636104419278,0.0499824674868579,0.158902077043173,0.167172672711003,0.871502536050988,3.90770685835075,0,1.01055196614895,1.07885110305775,0.506365898990214,0.192031948856009,0.38195514097163,0.242356906425412,0.64971330185502,0.0741132881891917,0.622607283946444,1.39015209741112,0.804163965824981,0.0595293728584318,0.0726753857107155,0.0366939601157174,0.0223590179269023,0.0112577087095981,0.112759751354481,0.0424687997187855,0.0335368463711088,0.158015404034317,0.0516648413503403,0.0268894441079331,0.914048859805328,1.00936235821489,0.580372033507887,0.13094098676238,0.385673663172021,0.834042442103166,0.238231241152039,0.0567774285435863,0.267684179588305,2.22501154948,1.41812267242053,3.49255144293837,5.64318276498398,3.73450107867169,0.00699446070314272,0.0159140204946847,0.055717658364932,0.0311688660806265,0.0121844969474398,0.00897735088003867,0.0157096014601532,0.0015966402220359,0.0129183949453559,0.0480475989840823,0.00215975557207093,0.00442319821945858,0.0278564860899696,0.0263416375463305,0.018219984711754,0.0198866235168316,0.0269453589263349,0.0160147694678555,0.0100801228995058,0.00375131834365045,0.00863761747986903,0.000897523015688524,0.00562197140004039,0.00622568589068623,0.0145292316992076,0.0194265507815167,0.0219737953429205,0.0143466524454312,0.0483821880913344,0.0171053541520164,0.0108647052909759,0.0542320789698474,0.0264745262600566,0.00121916880737702,0.0632503098848531,0.082949876308189,0.0355006031641073,0.0566145787485463,0.003837104719291,0.0117009605800345,0.0328432577713828,0.00140808794216532,0.00704018497990913,0.00818100604854965,0.0153627582372132,0.0165440853539892,0.00852999667173102,0.0151889679042587,0.00446524138436627,0.00532101884146112
0.0851956892363022,0.581009335844331,0.0120422471753056,0.0432817522749817,0.145831112412232,0.163205826883032,0.0717939956202006,2.54330445017409,4.22130329659399,1.01055196614895,0,0.644171660611183,0.0544969844907609,1.64563836392585,1.05467197361472,0.296679192496374,0.134065444568906,0.00574155789027708,0.0321283180474786,0.0264835286375815,0.0175634300856609,0.0064764964311293,0.0213433422952549,0,0.0284828612760509,0.00260425617774541,0.0653168796063137,0.0209071355278468,0.0227332958903807,0.0166903445449657,0.0108496202903385,0,0.992447436780924,1.36011898697849,0.141840617836939,0.038810540882553,2.08218810540319,2.27418955376015,0.149480943226415,0.0138671007917429,0.221068648639519,0.72057319336826,0.0381332173550595,1.29790850461789,1.15290461884602,0.352307056183273,0,0.00221719482952015,0.0270260869451734,0.0104375123144051,0.00739095767353199,0.00214259404311684,0.00855405583829516,0.00690216978511959,0.0058281958966486,0.0327138562619283,0.0021605005658934,0.0176675820362049,0.00999429919322715,0.015301556665012,0.0142388627728756,0.0157732965384782,0.010243806789902,0.00719173584764685,0.0021054248090697,0.00232884225739898,0.00623983469663233,0.00126693518103767,0,0.00237264971253348,0.00484437161264318,0.00467008146549602,0.0316559875596802,0,0.0394772893752207,0.00754307190477949,0.0046934615951702,0.0174744284505914,0.00921241704919418,0,0.0474179358650802,0.068848132799935,0.0113557028408153,0.02570768574371,0.00333089568157333,0.00273729395105317,0.0210097291507215,0.00988941832669446,0,0.00571603744564698,0.00716252118777849,0.012659390622112,0,0.00747060390554638,0,0.00348449007375695
0.0633970800269391,0.432015655581044,0.0248163555479209,0.0411532861872215,0.0111794250789826,0.0378911540485596,0.0767421606137562,0.398244851768189,0.63450807892111,1.07885110305775,0.644171660611183,0,2.36130022214771,0.116093897193766,1.1034180926478,1.95541930652376,0.227876803813676,0.0570058257383193,0.173026485412828,0.72528662739176,0.566600239709087,0.125009821759582,0.283091672320685,0.0580302209485636,0.0541163164184808,0.0124250405755605,0.187397084982718,0.0599890015635609,0.0483413528389314,0.220254752755212,0.138765877209773,0.0494667480412338,0.387994988800939,0.658200828299501,0.725970145674344,0.404706350511149,0.177470533814758,0.657719284824406,1.22505860985114,0.200574016475661,0.0469534123835609,0.819335141278273,0.209182363903947,0.707215310923873,0.983156122988271,0.811359320901768,0.0222871378526577,0.0508242064816101,0.145032129102263,0.0862073983986446,0.0182483179245831,0.019939632254546,0.0675342588446001,0.0188043755279969,0.0184096289416581,0.134704930931383,0.0263860210524329,0.0251517738267855,0.0352263120050293,0.0649181217306906,0.0271600303942769,0.0322661620136415,0.0395472651139257,0.0442457272689654,0.0268318261001806,0.019507593317279,0.0246988514191592,0.00952097366284294,0.0222158297078997,0.0195178727698483,0.0344263745331862,0.0497947224308897,0.0347932087656636,0.0146979394949603,0.108819296357595,0.0427601878507235,0.0558948833862499,0.0704973904530194,0.0830081814047141,0.0109971250590682,0.212349944902206,0.120192361297086,0.0939730661239551,0.112015047058715,0.0115233262444285,0.0198963359678114,0.0727019466648001,0.0554746438019259,0.016223792176237,0.0294881640492952,0.0365488515637231,0.0139625265423397,0.0116250557889662,0.016684118980746,0.00943367212365977,0.037638614596927
0.00563517583171152,0.0985380846128379,0.0115804016786624,0.0295202372729148,0,0.0139595496363043,0.0709623228939024,0.033103751088184,0.0347365596987542,0.506365898990214,0.0544969844907609,2.36130022214771,0,0.0178569451538833,0.410044193252783,11.3944081597867,0.218356887995136,0.341594889692935,0.855204575231047,4.11540696627561,10.7473372329916,3.16975734093735,4.95948182317568,0.461042280293347,0,0.00930295736777727,0.0173792963506297,0.00744743167699412,0.016144600539282,0.379931604712907,0.427704942445899,0.258370928152616,0.0617562193409641,0.105762785378517,0.651495300627307,1.45366714939733,0.0190972176570264,0.414644501688681,7.12530460566494,1.6662981876694,0.00401740111256027,0.145025942969091,0.805207895052915,0.104167429867555,0.324191282297001,1.44686772086113,0.168290822453532,0.532213854097445,0.00889412893945616,0.0147787572170817,0.00198234997840768,0.00127206122784497,0.0051961580539793,0.0032477025207025,0.0102157561010546,0.0118983935456489,0.00872904897549101,0.0117018159865051,0.00893421032792029,0.0156360919318775,0.0156247770818591,0.0101461994611688,0.0137336174186441,0.0305304904476697,0.0100468615337132,0.0193139976110032,0.00976234207927277,0.00299682727991672,0.00744563428493866,0.017183667394006,0.0312869771086826,0.0705750795631626,0.000807807160655614,0.00394901326746085,0.0110251099972519,0.00858264804908926,0.00529108253719026,0.0901140090605893,0.102661431342484,0.0298605273313751,0.0128040032626858,0.0266970186263197,0.102487983585108,0.18286338166248,0.00165526080519379,0.0133354038135436,0.0535585287089423,0.0761014180883979,0.00225478869213661,0.00316526654279636,0.0151906282795898,0,0,0.00280672203798607,0.0140907933982174,0.0284865954413102
0.0243891979193909,0.209080925633634,0.00427025179364005,0.00986110270091572,0.0569277875799108,0.0481869592317097,0.0231443169993899,1.08695929245657,1.32506250373207,0.192031948856009,1.64563836392585,0.116093897193766,0.0178569451538833,0,0.315397105916329,0.0883796345218179,0.0241304178809583,0.00129251180807119,0.00552688783815253,0.00182516274296315,0.00364208629530638,0.00367952212123532,0.00444969994557481,0.00705975659020808,0.00274680943286104,0,0.0264085328131588,0.0109312737882802,0.00722101955804387,0.00949638975160128,0.00262566655206112,0.0049668699322819,0.409708418096599,0.745650295088162,0.0710523839928236,0.00326326293433913,1.78089084939934,0.893928929890052,0.0389221180178905,0.00387112951605902,0.0558505970731804,0.210561073010618,0.0144126099046198,0.454805869406317,0.278803901010347,0.0822797858018617,0,0.00181529465641504,0.00997625633502345,0.00141272437395026,0,0.00208793832763061,0,0,0.00148020751701292,0.00585059169461699,0.0121862378470599,0,0.00301354768139531,0.00409949146103455,0,0.00292781501421452,0.00129726950889336,0.0037643119005232,0.00116571023948698,0.00137464621517379,0.00107545378518015,0,0.00380157740458553,0.000420940328569343,0.00266797356360031,0.00209692840920561,0,0.00470016181882865,0.00851772297229524,0,0.011837582046066,0.00291298941323592,0.00185272387133133,0,0.0046287489367515,0.0390353858155392,0.0037086652870231,0.00821569765080465,0.0170753926062501,0.00149136283101148,0.00317991829795572,0.00451950009072211,0,0,0.00187448691395707,0.00587750775044907,0,0.00338198137149637,0,0.000876789630654719
0.0400976951798008,0.254811974269412,0.0272534287326679,0.0163421812514734,0.00659252115106343,0.00938244214084195,0.0370669449476684,0.359838465894159,0.443513350060631,0.38195514097163,1.05467197361472,1.1034180926478,0.410044193252783,0.315397105916329,0,0.728103654474185,0.0668567978655969,0.0217313720687514,0.0764884833363118,0.134964862280953,0.125213410970954,0.0738698697093699,0.124634401157359,0.0495018764096023,0.0352866779856488,0.0103328977682291,0.14566208391972,0.0634593349834052,0.0585322003996576,0.142771280912233,0.0804936950269292,0.0235354623245936,0.241492764698951,0.621909840708742,0.293014503391542,0.264799771869997,0.384486038333403,0.737030371906144,0.570400460361791,0.0955187292909883,0.0196285278797272,0.227222541966096,0.0677408911423791,0.417585496067632,0.3005433370094,0.146461078038875,0.0366350518923635,0.0502088753885252,0.126547854412546,0.0769153575796671,0.0279154772523103,0.0300092319424935,0.0437566225014953,0.0362907693006639,0.0302504127455685,0.0859100006980187,0.0299511022937649,0.0418192123727432,0.0421288119904966,0.0693692143911566,0.0283726205877874,0.0296308234538716,0.0608031113793307,0.0427882168921933,0.0372372879604179,0.0180787476945482,0.043691549696907,0.0276874480646413,0.0106545913274103,0.022940650138099,0.0527527578907153,0.0362690050983635,0.0260413521053489,0.00912050652767157,0.102579832442046,0.0607075690694305,0.0806892543943534,0.0953706765578843,0.0803209063068308,0.00601311503470869,0.173300079780123,0.113995350817343,0.0545505608814075,0.122275968698176,0.0274997089306371,0.0339278136963456,0.084721125405382,0.0371991332621824,0.0191352565439354,0.0240112068055341,0.0234903879109218,0.0224715560937741,0.00927881729362093,0.0471916345310458,0.010556134165626,0.0252241274438569
0.0107915065183181,0.121257373427838,0.0152956829526495,0.0103536616615663,0.00448332089964421,0.00705618176921274,0.0204511905374832,0.0921322769942962,0.0618475366198257,0.242356906425412,0.296679192496374,1.95541930652376,11.3944081597867,0.0883796345218179,0.728103654474185,0,0.0491196699200807,0.0481740724424799,0.119422855404325,0.81851876592124,1.78337312785897,0.430288728700176,2.47117160275853,0.142457996905529,0.00557575601684768,0.00724987659463149,0.0624953979029625,0.0194073947383842,0.0203068038055632,0.139084137951881,0.0848970166510404,0.0660689541636798,0.0729987854089577,0.228087468618013,0.323118770041528,0.506410537593157,0.0876028059468015,0.459708068910772,5.98351244427548,1.07017901671306,0.00682734429376661,0.0825107601387085,0.12843940065678,0.156100572158519,0.141294345917855,0.384138556594111,0.0483218790898687,0.125098254683915,0.0360884913038117,0.0524980421295451,0.0091315836374718,0.00882193389524915,0.0127809191050193,0.0108203341708155,0.00993359337088447,0.0333576834419341,0.010577384920885,0.0141703683388071,0.00467765500437634,0.0323750403145317,0.0199453682588036,0.00553928626641859,0.0346181281565436,0.025437233430529,0.0148147022557963,0.0139040316081841,0.00663532764262678,0.00823006672390457,0.00718292763863822,0.0120092965088258,0.0330367355100315,0.038975468237332,0.00665275674962085,0.00848437795396295,0.0394901851974661,0.0176514357951605,0.0150520978892239,0.0824041936645724,0.0412016707601464,0.0229277201579581,0.0399417256779252,0.0576219833672662,0.0854310377273998,0.115532862309965,0.0119859044364393,0.0189489079003306,0.0925342649872737,0.0577839787396858,0.0028047284164221,0.0145279339498162,0.00715829113373755,0.00847660326332975,0.00231561000266681,0.0238979352272217,0.0155077076684187,0.0286567079422343
0.591780622786221,1.58003864088452,0.697395108897336,2.60409889494132,0.121385395097345,0.563879361389476,8.88473686972173,0.380993331560802,1.19752225080234,0.64971330185502,0.134065444568906,0.227876803813676,0.218356887995136,0.0241304178809583,0.0668567978655969,0.0491196699200807,0,3.04366573650794,5.18850157919658,3.79399134020564,1.33761000191642,0.450795393862997,0.0618910469291285,0.0495983080219877,0.0417556737980346,0.206036857349828,0.138262577598732,0.199552432968622,0.256703496359503,1.5900970357084,1.13813165716822,0.0307060061524427,0.579636461657935,0.270802661518237,0.163423927318111,0.148988937908915,0.038530739212109,0.137778030838658,0.08516064550706,0.0413143647282339,0.309587103391679,4.62773314682245,2.02728290313824,0.527267831623696,2.51386130122684,2.19148975941633,0.0210369924955652,0.0329821479492899,0.0756299960968577,0.0475828100691766,0.0622954574642712,0.0188133730992282,0.00965200274769715,0.00910405578136559,0.426734956582998,0.0302309364960285,0.0084775556732699,0.0201296988231263,0.00447419667590462,0.0162689276593,0.00869518265202589,0.00929947197723172,0.0132009254838086,0.00532089646171893,0.447518418716602,0.330030484487811,0.0890185802800432,0.0244999084925755,0.0172299305903595,0.0385193821433028,0.00686865413223764,0.0154618963903809,0.0160226808189125,0.0657373945453931,0.0692272430971811,0.057324402209764,0.14866907292611,0.529281597109434,0.373035535956074,0.00531739159429681,0.0610377087160359,0.0665583678283419,0.0647542533930552,0.0466980864336412,0.00456567559749743,0.017570110850014,0.0148119731790146,0.00697478119883601,0.00165537660635108,0.0245756643426378,0.0710912697048202,0.00656486403627254,0.00574867937078091,0.0422077188933025,0.00363957242302987,0.00668800708428948
0.0413726928334487,0.253693310617847,0.171928370403768,0.179920644768315,0.0112679529759651,0.0248865865800581,1.45957153333665,0.0163105889621863,0.0212752541912263,0.0741132881891917,0.00574155789027708,0.0570058257383193,0.341594889692935,0.00129251180807119,0.0217313720687514,0.0481740724424799,3.04366573650794,0,1.82448799641846,3.34497960234811,2.64161516233204,2.3269190678062,0.190814246773464,0.161018650336918,0.00795621940337518,0.126960868582728,0.0586947169262282,0.0369038891559254,0.112995207206351,2.22111760383626,1.84664632969163,0.142911166930451,0.0583730849708825,0.0663780936396516,0.135069706725009,0.224374911462835,0.00588009878311341,0.0549155096594721,0.106907404481468,0.0840704197852532,0.0222548155432353,0.235314287941621,0.578567335888032,0.0333491373199806,0.378525572334085,0.63144503911784,0.0836392543541093,0.174619315796596,0.0210756796310058,0.0327705853471185,0.0260565645299849,0.02174676371322,0.00411684171300257,0.00476936186706849,0.358328763049984,0.0136823609683947,0.00457050935485379,0.0180753455305684,0.0063247416663236,0.023471995466646,0.00846253818662029,0.00620708463059427,0.00959664002966457,0.00910037618794146,0.4582002704763,0.371453992655438,0.117676102508554,0.0352525400932411,0.018855484542694,0.0422907494727045,0.0128919364667651,0.023201226253845,0.00327595132898298,0.061937962333493,0.0243085128411651,0.0090069441278959,0.0878717879823298,0.700404249645403,0.475354749120988,0.024892630779914,0.0156940212105193,0.05980614592732,0.0977518125408885,0.0694831381578178,0.00475299779282349,0.0257120525717119,0.0395768408933716,0.0176722954556825,0.00372487676516359,0.0220158761326419,0.116442484201845,0.0057830238866817,0.0135839166831209,0.0391263606063939,0.00706073138232288,0.00997072137390495
0.104234588202443,1.1818112738295,0.165810725322519,0.482904194720255,0.0330649604204844,0.168613813501728,1.90896749686984,0.0861891966996114,0.214741789356668,0.622607283946444,0.0321283180474786,0.173026485412828,0.855204575231047,0.00552688783815253,0.0764884833363118,0.119422855404325,5.18850157919658,1.82448799641846,0,10.7015381345715,2.50337233951325,0.408596506342829,0.106620581593956,0.0557074959428219,0.0347782182479785,0.0730113834646847,0.120992618536882,0.0945071439782623,0.133254752522627,0.999325433515301,0.48505601517722,0.0507434973663591,0.244074492970039,0.274102801984411,0.395299493430419,0.211190363608812,0.0275717661990406,0.0938194351728815,0.207460052168782,0.0824912368061419,0.146071630039034,2.94039300506301,7.85143051335426,0.213487176132822,3.71201179345369,6.22397182264976,0.0766348460078664,0.045137860512146,0.0424401824914647,0.0254435617403469,0.0155726740690343,0.00452427928253163,0.00689939836568216,0.00706067772400722,0.0814676965227252,0.0209242559093176,0.00267665016858115,0.00954336194691834,0.0104444181663162,0.0190646781508422,0.00224931071265901,0.00928141219358736,0.00871152889584154,0.0106593879690309,0.0910293880276455,0.111621903459336,0.0232546729384404,0.00179850302590714,0.0119179143357855,0.0110620870710454,0.00594057343772253,0.026955995018381,0.0186437681290079,0.0377467813042132,0.0897257545087902,0.0121224224315729,0.0767453603803301,0.214953075134418,0.141086082834486,0.0016959049045624,0.0435607332839843,0.0607081065329688,0.0797833216206107,0.0721296203496745,0.00712333355547434,0.0132001139666561,0.0187638390919324,0.0152787542318464,0.00138422528992284,0.0133430707974734,0.029789279471296,0.011730112354041,0,0.0167354497450488,0.00488636968059382,0.00400077138785488
0.072065057231842,0.785788434259423,0.127341180977247,0.250767370979417,0.0158460721315243,0.126094973291438,1.23998112826128,0.0781221006486103,0.0800796749710142,1.39015209741112,0.0264835286375815,0.72528662739176,4.11540696627561,0.00182516274296315,0.134964862280953,0.81851876592124,3.79399134020564,3.34497960234811,10.7015381345715,0,11.5291226845709,2.30025007310984,0.872516068872463,0.384853467732169,0.0160904634302365,0.0645795261726406,0.0956755984463897,0.0380093781876662,0.079695215409503,1.20203450984182,0.926885065765597,0.216075968053556,0.150783819407546,0.209284401210324,0.655280197849753,0.873738549900468,0.0221273573756048,0.180423086286083,1.4223501405344,0.4438614138742,0.0585900455214743,1.64906149581753,9.53421160959417,0.211480137374886,2.26255443929501,7.79255504903477,0.24308078894385,0.304191291557525,0.038679865182523,0.018849922679204,0.011218812034022,0.00876761483883626,0.00610221198728461,0.0083193831822102,0.0900054288174209,0.0365117931650535,0.0113839048500823,0.024476035697031,0.0118042220117094,0.028892659201375,0.0163373209895363,0.00674098849611796,0.0158492439633426,0.0199898930758321,0.113097936374519,0.0918853564755534,0.0277224795624237,0.0150805825628914,0.0127262594525265,0.0269015424581395,0.027152360804877,0.0880071418528153,0.0102552772382247,0.0301740405519381,0.0391991933065389,0.0211611162505167,0.0678558629472665,0.256661073297797,0.239498800422538,0.0124983567783191,0.0553533140169144,0.0781724599061961,0.136534689111946,0.148119640270974,0.00250214496378964,0.0233338652631469,0.0411419400311294,0.0359690168444084,0.00868489526448003,0.0148514090945099,0.0302428148767435,0.011687464720717,0.00756239086870586,0.0138823933170982,0.00755644413232132,0.0166834413807905
0.0177012347089032,0.215989675303109,0.0362671855220603,0.0741346225886625,0.000667809226705028,0.0277115598737199,0.387597257245571,0.0248765319703022,0.0210941629357611,0.804163965824981,0.0175634300856609,0.566600239709087,10.7473372329916,0.00364208629530638,0.125213410970954,1.78337312785897,1.33761000191642,2.64161516233204,2.50337233951325,11.5291226845709,0,9.53640119249432,3.11880232217137,0.588612075306663,0.00142726800771056,0.0233646193307526,0.0380528507936939,0.0234733464239042,0.0369497262567386,0.786271899623327,0.908991175815701,0.431186201090524,0.0663139008957887,0.0758918882519086,0.422190876948286,1.08293188925665,0.00893173640330848,0.1358526206543,1.80728570561366,0.784610286658384,0.0278367082762805,0.428402253489584,1.88223056999955,0.0837754324833678,0.738884361867912,2.4078984089066,0.245929344191478,0.779610411688086,0.0157306714032539,0.0106487562238783,0.00339116668095216,0.00689671614343659,0.00102145205722923,0.00178757350786974,0.0319976056344825,0.0180192631386659,0.00253366994777632,0.0124593466906013,0.00342121517412669,0.0111103857328995,0.0126652738649608,0.00523742655366381,0.00507038163851842,0.00487743793384496,0.045016780782733,0.0417682102698368,0.0149390993865054,0.00881380703487664,0.00697694340146049,0.0275957375441099,0.0145909279065565,0.0813161971282736,0.00336141588138217,0.00523856012653812,0.0277296545949937,0.00658324652016547,0.0194134005799092,0.178374463254622,0.146263282466684,0.0427448618621337,0.0193457920263144,0.0334784399650697,0.100109697534233,0.202200943236596,0.00221847800778281,0.00678934776667059,0.0470126226113107,0.0407175895108934,0.00292914466970698,0.00202855505886663,0.0144350751201835,0,0,0.0160970356030409,0.0281342852008222,0.0476034423563331
0.00979132537135098,0.0704339666667118,0.0244723800956972,0.0253230913602369,0.00266692451081886,0.00614702656419859,0.202855447834215,0.0101825459669843,0.00254090351080893,0.0595293728584318,0.0064764964311293,0.125009821759582,3.16975734093735,0.00367952212123532,0.0738698697093699,0.430288728700176,0.450795393862997,2.3269190678062,0.408596506342829,2.30025007310984,9.53640119249432,0,4.09711940715756,1.14715888201309,0.00105147363842129,0.0259258425170634,0.00883335590306077,0.00714520080360346,0.0263075065826357,0.675582451960432,2.51394239680324,1.53757311707101,0.0212515414717053,0.03539385527908,0.174979315507205,1.15668503548527,0.000810476557398573,0.0796523675571036,0.681536062022708,0.985932949923784,0.00245996978155498,0.0760845047118241,0.224897148873703,0.00817720251574251,0.0960901057872722,0.340085276953911,0.663963381295631,4.93013270124081,0.00737603130668887,0.0143818924877163,0.00790688403634612,0.00400761348781472,0.00279028194715975,0.00298117709031036,0.0857884118831153,0.00736964872811064,0.00370228927543389,0.0132473970505742,0.00123578222124465,0.0178338774451808,0.0269696505905535,0.00173822523162375,0.0101262408931208,0.0177767904701378,0.0930523190749361,0.107369487800868,0.0256297392210497,0.017276920402888,0.0194761333243633,0.117095808759527,0.0545472118240744,0.361557635208025,0.00198883820007596,0.010945092265293,0.00409695924687287,0.00421527427507445,0.0154428029310513,0.224332292216314,0.530280265664838,0.210880879463123,0.00907543041825133,0.0213851549356678,0.0560691153324116,0.381548097234795,0.00262220562478477,0.011253143204586,0.037934704946003,0.0950796905858317,0.00214763255606135,0.0050477154122133,0.0282704516227724,0.00182009092851746,0.00141501111831223,0.0115059398948,0.0671488105666794,0.184032732297156
0.0109298294199713,0.0295234470585783,0.00425919867259002,0.00309020764966316,0.00264722648296098,0.00200722381891949,0.02806481961564,0.0274425683425424,0.00160390740116379,0.0726753857107155,0.0213433422952549,0.283091672320685,4.95948182317568,0.00444969994557481,0.124634401157359,2.47117160275853,0.0618910469291285,0.190814246773464,0.106620581593956,0.872516068872463,3.11880232217137,4.09711940715756,0,0.667201897163946,0.00216023783960995,0.00293709445865771,0.0116034501430442,0.00238063216187084,0.00405279959030451,0.185114178527334,0.421033405012135,0.408226179429638,0.0339132610312144,0.0599226007004876,0.179170429217625,1.01280190331804,0.0180681907755221,0.139968927164533,3.31628041168292,3.05567676093167,0.00235893269257375,0.0169220532952582,0.0900762052775951,0.0107136224447593,0.0597953379747088,0.212403734769304,0.208512032693045,2.91652952238741,0.00363011815444651,0.00804734969860915,0.001624448840232,0.000504343455271002,0.00141204877226871,0,0.00708448931787956,0.0177351935016236,0.000818944903993479,0.00420317341061738,0.00172271906253414,0.00936498645940127,0.0141395236864214,0.00255238022528592,0.00433454670419917,0.0142467973348829,0.00735258875247758,0.0210926063382456,0.00804609538593122,0.00638266587114589,0.0100130881961998,0.0298256571199427,0.0566207332194715,0.198203543649517,0.00169457905069835,0.00284033457351728,0.0106945536237864,0.00155581167597527,0.00367176461250809,0.0770665580100998,0.14433834040559,0.0768409356879005,0.0116671405810439,0.0206343455496552,0.0839697019149384,0.385446197288602,0.000722432607502498,0.00807813819101946,0.0171806191777386,0.129704880405558,0,0.00295750591990585,0.00781012324689803,0.00544556984201017,0,0.00721521186731737,0.0499534100488465,0.190130153894515
