0,0.266707588746824,0.91494522072313,0.635982261964877,0.407370819294225,0.169374845550461,0.24209168438583,0.5272167342781,0.0228541631732748,0.0143734774396312,0.0434996963492466,0.0420368860115377,0.0146898318014439,0.0280068383617813,0.0406498405983487,0.00866451129558625,0.0493221323391765,0.014040653996058,0.0212441767226976,0.0153463323135031,0.0147456825307882,0.0133627120476956,0.00987677961814433,0.00233215070486524,0.229789780714339,0.0793846930922539,0.0476766563863044,0.919846018905686,0.375624570916882,0.0453388227602857,0.0170275335254064,0.00120392403458266,0.51414859335044,0.0328756965506476,0.00842019700824559,0.00810136286985617,0.0211559277303277,0.0272788341772935,0.0112899949295599,0.00386349655154664,0.107223986654861,0.074379739981864,0.0170372563072354,0.0155786018208015,0.00607104477407618,0.00732545732753495,0.00127113301373929,0.00110063190276477,0.328197340908152,0.0101239584134726,0.214467740550188,0.0450599202052989,0.00968007740520293,0.00616404889863183,0.0254204125926467,0.00944435162146795,0.000744526231025978,0.000949775716892901,0.00131458080985207,0.00121964779531889,0.00102770097579809,0.000455256165945853,0.000647225638063451,0.000744512506836946,0.00756386102842205,0.000777106620724462,0.00211367689783085,0.000542391668449163,0.000411092704933388,0.000848726399011895,0.000207686280187348,0.000536561639195533,0.0727702791968214,0.0109008874796079,0.042851042006815,0.208660691668507,0.11649318863572,0.0173398646805679,0.00432189305634584,0.000158338898832878,0.0205702472645019,0.00967571287569128,0.00303708424512406,0.00125616508982751,0.000854214678577651,0.0010683659876403,0.000464991697694287,0.000688885752329822,0.00314180930409699,0.00165522895348075,0.00116974503607201,0.00131478606912642,0.000827559571424345,0.00117681886642946,0,0.000588386704128147
0.266707588746824,0,0.145585205265339,0.142337122075653,0.175515795654028,0.250714068356261,0.200027003505958,0.861930383002673,0.178200040057713,0.231005664926617,0.139317283624721,0.28208868244397,0.108551602237976,0.0584139354799482,0.143319618628906,0.0735657639184259,0.106521268321891,0.0350278614638595,0.11195779447957,0.0840416213974337,0.0402779266919184,0.0416574160012095,0.0490294969281203,0.0145223230850984,0.0101609620309808,0.0837662380439876,0.0515306072929003,0.083290920889653,0.277335994264045,0.154886561135711,0.0578362958276905,0.00728814522397551,0.654946416518441,0.366167980688621,0.194778976533697,0.0665786727901867,0.0784049958314841,0.285511280416628,0.110167665455857,0.0260603393579267,0.202419335998352,0.756228321274051,0.209692431750088,0.151515667676924,0.142250913982502,0.1290745798173,0.0216413284031488,0.0046555421512141,0.00837709190129302,0.0176327533871221,0.0257272519718931,0.0130127819749701,0.00735554538302954,0.00465354678301797,0.0181177042632546,0.0271158878412782,0.00684167816001733,0.00291508244821875,0.0103935206454176,0.0106346266600373,0.007422868779493,0.00269059842321362,0.00763525608684294,0.00696855252561926,0.00986264592401966,0.0021283520778838,0.00322716495610935,0.00236291747468886,0.00226281906673954,0.00264968569439285,0.00751662122119039,0.00616239498224833,0.00622953891356821,0.0156919267976197,0.0483955381492425,0.014283657308723,0.0534630340769317,0.0383990791882819,0.0106804981856252,0.00413677294219903,0.026047449299396,0.0449475157251405,0.0210997773352085,0.0139177820976025,0.0103942987300309,0.00780412061990826,0.0104597283889417,0.00648301615015261,0.00387509745697341,0.00456416277412344,0.00169896627747407,0.00595635968383346,0.00275608511165659,0.00500742794275474,0.00162174946949373,0.00391640091797815
0.91494522072313,0.145585205265339,0,0.755437882673366,0.142436438493486,0.127358741430702,0.894136042910731,0.154323380664671,0.0210220345025954,0.0236579603568771,0.0268977848425545,0.0352036774713355,0.045783909082753,0.0124319219408079,0.0287724885665553,0.0174391668414762,0.22971381791938,0.119348793672021,0.054307101607257,0.0547058577089883,0.052939884805319,0.0758064249520101,0.040869907871985,0.0144470656626676,0.0196957181135391,0.883168447271725,0.0414801597461192,0.745976983518946,0.740634911774348,0.181294537502546,0.111431480482962,0.00648992036929685,0.157415900178346,0.0185860158283625,0.0202145853965729,0.0231350989059805,0.0126234816210966,0.022251435673137,0.0234927040070286,0.0104146054720895,0.0614109070174351,0.114725551722441,0.0505272923890553,0.0141686280445877,0.00948279194918354,0.0181636635483326,0.0136343388550263,0.00345302961524542,0.0981412503277134,0.0115331392642467,0.753450215617264,0.123923666096104,0.00446593137181036,0.009788127589895,0.170702506560701,0.00409856358163206,0.000896533142329695,0.00131378499836087,0.00061259126951744,0.00122092915283856,0.000181413904672648,0.000624447488087668,0.00159455483972545,0.000787114833115292,0.043627036331919,0.00519877344553448,0.0102125606904279,0.000980560700473386,0.00101131004390714,0.00210604386524221,0.000401200104939946,0.000473636614348644,0.00238825606377585,0.189374533809374,0.0316699839411038,0.142487104563034,0.187982644645817,0.0825776939642561,0.0223839914100547,0.000825814093326598,0.00635883191070531,0.00893866566600755,0.00791743695745476,0.00183788466416796,0.00129180193292853,0.00102963535654429,0.000674346429099509,0.000688898899450395,0.00525390660681057,0.00726811572592149,0.00509436926413091,0.0020884579197457,0.00198534809384629,0.00320031779913041,0,0.000979776367859664
0.635982261964877,0.142337122075653,0.755437882673366,0,0.24545517127916,0.228123060866324,0.542847471045085,0.181588739164231,0.0351524599540411,0.0248340878433317,0.0450840981618062,0.0527106551916174,0.0355584184545772,0.0226599062239406,0.0422452571260137,0.0193715128767554,0.128848979149636,0.0457710921596088,0.0562711565665605,0.0336855535069254,0.0276444095429526,0.0337621112675501,0.0205598979278679,0.00546136546645606,0.00578311371984587,0.132717669848243,0.0107835614746163,0.164104445215257,0.218328645049036,0.0695762258120222,0.0272815943546018,0.00174677484980091,0.125757805287254,0.0201290925348605,0.016157626934348,0.0135160706368548,0.0091236532950866,0.0375783402578108,0.0166671580246872,0.00449391385873558,0.0669764443298257,0.151809379630923,0.0504684766639277,0.0159261966936453,0.00792438777814962,0.0146789581958998,0.00388628300583892,0.00169986025850625,0.00380984383277608,0.00340409119434918,0.0364152982619962,0.0085886750497117,0.000131387129450291,0.00181682312143064,0.015964857042432,0.00255419044158752,0.000218593881129913,0.000153936029269469,0.000273285885550839,0.00045163042297437,0.00121821426701006,0.000300916370432393,0.000372732317727797,0.000255207379947192,0.00479391119937319,0.000561711988383328,0.00192451948086646,0.000122346740235195,0.000287849156332745,0.000482676713039342,0.00096086598163262,0.000245049272998974,0.000537727725317128,0.017214969287464,0.00899710947357982,0.0122282864158156,0.0343223644120743,0.0135381265096363,0.00335592254623282,0.000199962649050017,0.00188172239547772,0.00493050308312017,0.00248684246614976,0.00149066529683148,0.000560468337011594,0.000467764198747663,0.000579886093492951,0.000682474722236296,0.000869814083282038,0.000798201898723538,0.000827684774256973,0.00102135625599599,0.000258177731547205,0.00101327782369504,0,0.000726703030380185
0.407370819294225,0.175515795654028,0.142436438493486,0.24545517127916,0,0.37086805576929,0.174498795013437,0.369611227787821,0.102326921095164,0.0359347191735782,0.122186071238114,0.0729335322020619,0.0189330474997283,0.0610449979412477,0.0910931853439526,0.0239256059717371,0.0442991439098233,0.0100836900049011,0.0396433793178949,0.0183719095935078,0.012122640294249,0.010130314421645,0.00909229050162551,0.0020054502635967,0.00313982137296967,0.0499672028153739,0.0121908865759829,0.0798283383271146,0.130762441115004,0.0352607684517378,0.00797481109935538,0,0.186196267756645,0.0234046882250175,0.0195460537778951,0.0100878657539695,0.0196409773005631,0.0526197804454607,0.0233939594705653,0.00290092232468729,0.131447827824001,0.155581242751878,0.0413425431163172,0.0395307010296228,0.0153721537076315,0.0177175768133633,0.00154723263242855,0.000661168422363442,0.00183395830606355,0.00306016495564075,0.0128990289641149,0.00216746577990661,0.00121444058964911,0.000903641243704331,0.00335482323806007,0.001743370894798,0.00127566787905016,0.00119651078157623,0.000807073880115644,0.000255222429029756,0.00118247332727227,0.00108882154425025,0,0.00166781093123464,0.00115583137288471,0.000671980962971883,0.00150204702127742,0.00104705381344107,0,7.38593102805329e-05,0.000122210713700294,0.00124299342160055,0.000253063347756266,0.00462342085394171,0.00900202068996364,0.00788705685740837,0.0205484009097218,0.00667445199522822,0.00280860408903206,0.00176141823640002,0.00136250967863177,0.00226648336026932,0.0027586650388151,0.00183677424473039,0,0.00134714643827747,0.000703961640396697,0.00111326756101579,0.000951575331686584,0.000806029369872029,0.00170276334541644,0.00219293014590633,0.000461802144562901,0,0,0.000299065574056387
0.169374845550461,0.250714068356261,0.127358741430702,0.228123060866324,0.37086805576929,0,0.299403437850824,0.253283359390562,0.134229459179077,0.0600749948237657,0.121297295614755,0.101857975515229,0.0459962783078141,0.049724201512372,0.0866089583141706,0.0245332930610169,0.0993623508093605,0.0175758862332331,0.0613871447599843,0.0286093747950036,0.0229599469685805,0.0166738256041087,0.01532372070152,0.00655815488930261,0.00270137396985756,0.063288780344466,0.0122581587168101,0.050574754697491,0.125553289723234,0.0625069312242931,0.0188009640619508,0.000455136945995312,0.129191023867272,0.0551174095248251,0.031305866109118,0.0137957021743819,0.028052774912385,0.0737679718467958,0.0284150080388909,0.00628785959837011,0.119292565645013,0.42725875555635,0.107998126025727,0.0639051181073095,0.0296159084568375,0.0421775726346487,0.00242608572297835,0.00136435707508211,0.00158720950222471,0.00417623879307356,0.00674851014811943,0.00495065880260828,0.00130253478667569,0.00149184470957199,0.00614617236177058,0.0029016959631127,0.000556705641929521,0,0.00219720749332631,0.00027501991671508,0.00181047160096006,0.000690885494360194,0,0.000342223737550818,0.00350592792462823,0.000572050846820656,0.00130351975202183,0.000237902153914929,0.000426966086992421,0.000745562343690141,0.00036170518286565,0.00163491644370587,0.00212717834330535,0.00791562258809841,0.0100893657196232,0.00682242842337602,0.0230907136622251,0.00779129142627458,0.00317001642460991,0.00139810631068247,0.00586226536166089,0.00675270352454448,0.00369615983889253,0.00139686845176674,0.000562227737169785,0.00234415453833374,0.00157358189788578,0.00205921134257719,0.000525150118256559,0.00111908893596464,0,0,0.000625750439706696,0.000814933961288428,0,0.000828337560951839
0.24209168438583,0.200027003505958,0.894136042910731,0.542847471045085,0.174498795013437,0.299403437850824,0,0.200289868099794,0.0604539192241335,0.0801671880636461,0.0604985033933903,0.117720741571874,0.148693812576951,0.026993061687023,0.0760934312942998,0.069464895705157,1.27519915680151,0.511994917388195,0.33971456886446,0.253790614428912,0.196968981054822,0.345454769533982,0.145042989490049,0.041594234776658,0.00201971909145993,0.357652988394745,0.0141181824686383,0.0901051301681243,0.365486084170114,0.475801156274577,0.415060775224193,0.023827517722218,0.0868359089086008,0.0394046359117251,0.0460920836851766,0.0727514599439072,0.012210038288079,0.0523671837170981,0.0817201524151015,0.0384831345537888,0.042334545461214,0.619534238054629,0.262533651217535,0.0339657750322637,0.0276347481811397,0.076395150579932,0.0323336547595085,0.0216986483904594,0.00419100406377841,0.0126959620148594,0.206145391540937,0.0475239727277709,0.000960123622191444,0.00533081454619598,0.288098092729538,0.00504912692162032,0.00108549781439162,0.00203427266844871,0.00173111507572614,0.00258566620019949,0.000888617118345533,0.00107104109905648,0.00190844088373803,0.00151668597329477,0.122035131585251,0.0159717996347288,0.0137971930466152,0.00233330381980337,0.00191056743943771,0.00880337868942513,0.00155485544514769,0.00310763314054788,0.000605294648336834,0.0931931744474273,0.0134351987875042,0.0310988670072209,0.141117498808611,0.202256094942653,0.0735835077012511,0.00107048816795314,0.005520842350222,0.010219903695789,0.0106037256697553,0.00391670836803111,0.00144446425304676,0.00326848097071068,0.00225004519038388,0.00151517182839319,0.00158140316577578,0.00641982900980247,0.0056929588992246,0.00164572392189004,0.00570829758275728,0.00506855750531337,0.000127600799739228,0.00360646546557418
0.5272167342781,0.861930383002673,0.154323380664671,0.181588739164231,0.369611227787821,0.253283359390562,0.200289868099794,0,0.177823136263453,0.0908457087587205,0.308807325173689,0.250336407600481,0.0598976522403093,0.957637445168847,0.247355213384944,0.0433334442162661,0.06184317922227,0.0222597352559199,0.040959906413803,0.0461940837483771,0.0278611057983004,0.0223404537700338,0.0215594833199691,0.00868959310366973,0.029206852787785,0.0620580561768904,0.168496440662539,0.0846466224185123,0.258159262877883,0.0872270284762687,0.0258896562571483,0.00327890699767266,1.30577755257321,0.41994245091353,0.052166670278845,0.0349886911109032,1.27807495537093,0.513301055374301,0.0608978232816001,0.0152308442922277,0.192319524885826,0.31931974229729,0.0684673555026754,0.120698067374098,0.0496896057553429,0.0332786734769175,0.00418717055743572,0.00500457421539288,0.0253283473046532,0.0225133659799809,0.0363788298248902,0.0270748801291559,0.0116541983583131,0.0181394503456551,0.0262442078259659,0.053435140618438,0.00283573429893107,0.00521227689196703,0.00689624947433708,0.00670074977585954,0.00498934756594583,0.00421422954770996,0.00511195578402812,0.0044921224052456,0.0101714191849251,0.00260725332484975,0.00257156763334624,0.00129706618483294,0.00261171154000191,0.00188546768224145,0.00378282750426606,0.00281741199632461,0.017104441279276,0.0119425470248481,0.104757130255364,0.0264272718695413,0.0633229522403765,0.033989163658104,0.0102342230116437,0.00153557530708759,0.0472776486942403,0.0562450779864173,0.0148349340217686,0.0104754362037003,0.0104998760900131,0.00399152793228047,0.0070342702883629,0.00429762883976617,0.00575180056403678,0.00472751836866629,0.00407405494634694,0.0101739071480787,0.00452312262121517,0.00286729744196133,0,0.00254731254582573
0.0228541631732748,0.178200040057713,0.0210220345025954,0.0351524599540411,0.102326921095164,0.134229459179077,0.0604539192241335,0.177823136263453,0,0.207768052081324,0.51112014604324,0.484496284830216,0.0742483459338168,0.127180320828521,0.326585636214784,0.0574075002807399,0.0425237187652334,0.0113263028269828,0.041884873073703,0.0490705635519033,0.0277998668595487,0.0137184246044108,0.017680445765326,0.00465358873677536,0.00524443634248254,0.0130953242802366,0.0264547786940177,0.00698800090650636,0.0241790607602781,0.0212450392927589,0.00959480906813593,0.000937162065112185,0.0504277726108731,0.118637350547882,0.0614823821873351,0.0196719899534981,0.0825456879808387,0.173270260627163,0.0540386175458912,0.00686793384908991,0.0306146373454106,0.400773052883238,0.0832529118873593,0.232359265702143,0.141609371467163,0.0796138488709838,0.00063524484606714,0.00230636996025997,0.00310523991196346,0.00495141584460689,0.00355821922878516,0.00294487263029652,0.0027275332051975,0.00393401780984188,0.00158983485774142,0.0139839897396953,0.00535214069578238,0,0.00381269352226862,0.00291501368315826,0.00187670082827781,0,0.00197382338441681,0.00386647960895994,0.00236342713969126,0.000913756941289499,0.00517354529921549,0.00133092165076754,0.00123846850609022,0.00185595417250773,0.00231673600791275,0.0025224281286682,0.00364215036557366,0.00188731938396575,0.021219696184268,0.00295701922043171,0.00420008730474647,0.0119588434178951,0.00220447199885241,0,0.0128271232131152,0.018856661259982,0.0121799283667011,0.00686212267574953,0.00508423893774525,0.00269895555616216,0.0101000246355876,0.00542978505025048,0.00555609466075177,0.000642269659653416,0.00168934695593444,0.00690140846014285,0.00245805259788506,0.0015029819392432,0,0.00223157522554587
0.0143734774396312,0.231005664926617,0.0236579603568771,0.0248340878433317,0.0359347191735782,0.0600749948237657,0.0801671880636461,0.0908457087587205,0.207768052081324,0,0.224874949134761,0.537161263897477,0.583167657093299,0.0757184407414308,0.248797721203113,0.131725759441495,0.0847390559115931,0.0172307690362035,0.22578710423128,0.270693835357157,0.20206182391841,0.0578748751603462,0.0873912120037953,0.0136672778202638,0.00198196259356251,0.0188433746633876,0.0152657360105091,0.0062367064761472,0.0341389680719128,0.0450243795377361,0.0214812131973034,0.00517174977365163,0.0407643881528707,0.158428273021396,0.126327993846546,0.0492627189065778,0.0616387827482833,0.267413929370841,0.113710397146822,0.017920766666893,0.0213932319721869,0.452750774666295,0.278555705053498,0.240086380844056,0.263998374726089,0.285181833612137,0.00640848220923442,0.00348130222368564,0.00273308428723643,0.00870315390482081,0.00252294155513898,0.0038352481431498,0.00234085333364994,0.00211130566376654,0.00391381830109371,0.0138912724330294,0.00146150894417454,0.00250753733496587,0.00313388949148668,0.00784384443266164,0.0064844252348984,0.000810075014505425,0.00189347437757032,0.00722354761224063,0.0043512380748199,0.00122210660721756,0.00389106450505473,0.0018839628136543,0.0019543493260854,0.00152735548531372,0.00655558197272558,0.00459788691717109,0.0047237655193807,0.00175411265881831,0.0198656245871263,0.00375394285053612,0.0076809603542362,0.0163661864405267,0.00281171386931278,0.00481597716923699,0.0103943283984995,0.0185431650690127,0.0205303726332312,0.0148219761923553,0.00182944307184421,0.003517067821271,0.00762026659210808,0.00494929776970233,0.00233309387836518,0.00113520209215664,0.00177954719221045,0.000719361861680201,0.0021972094188553,0.000978957236840347,0,0.00352838997561566
0.0434996963492466,0.139317283624721,0.0268977848425545,0.0450840981618062,0.122186071238114,0.121297295614755,0.0604985033933903,0.308807325173689,0.51112014604324,0.224874949134761,0,0.827388853434315,0.0667223450390736,0.189829173548688,0.586305427099805,0.0585167957947964,0.0286790167184823,0.0126494578368697,0.0367401527569107,0.0443954496632117,0.0289330694195307,0.0157868246073656,0.0176626746985308,0.00491052544804371,0.00435549578044458,0.0178905821734276,0.010395616266186,0.00872538230499017,0.0216056381439091,0.0234441556855292,0.0084641652133835,0.00332905009109079,0.0490669516556228,0.086665111809475,0.0567816613217172,0.0235379049985758,0.0749361070357074,0.175863464798927,0.0683544017464303,0.00955262869170322,0.046445773935869,0.245413383378626,0.0800490985397744,0.200348157780172,0.0781827962702454,0.0896695714972761,0.00371494713777476,0.00369336740797153,0.00223904418679977,0.00457093061139104,0.00161439288829992,0.00284882815034461,0.00415787883653275,0.00609771088349723,0.00297719602546964,0.00874887417682026,0.00128717655306904,0.00308450497757933,0.00352469983179856,0.00383038756221831,0.00491886089837474,0,0.00158198912454887,0.00731436907185709,0.00224270471109814,0.000464933251993926,0.00190507974704329,0.000558180931520224,0.000819497534104079,0.000804205725544755,0.00461667878469279,0.0041442262844482,0.00402037238031459,0.00289665182111908,0.0173377169679382,0.00208206469320811,0.00743192325238674,0.00478859605501625,0.00202696565118077,0,0.0154763220836259,0.012483615018317,0.00851244875599936,0.0115804794359923,0.00186966796845538,0.00247049716397671,0.00714843109878287,0.00200435390518126,0.0023591918436891,0.00366282744530692,0.00109479627127501,0.00315706883122006,0.00095498654645243,0.000684560618443186,0.00242047069322626,0.00136243960412535
0.0420368860115377,0.28208868244397,0.0352036774713355,0.0527106551916174,0.0729335322020619,0.101857975515229,0.117720741571874,0.250336407600481,0.484496284830216,0.537161263897477,0.827388853434315,0,0.371077466132754,0.231141550446073,0.941113739510313,0.181347072901789,0.0783403530037544,0.0430273309867544,0.138714423711808,0.175075711698658,0.113500935396256,0.0708768283469398,0.0956556583188903,0.0238159415270306,0.00326046016575109,0.0139193962090233,0.0340421194107857,0.00998599306220681,0.044930923042561,0.0701329398182557,0.039260530900604,0.00998234831715002,0.0766746220701484,0.228493020290748,0.165229580205874,0.129456185428686,0.101399968414641,0.440337246096331,0.231069148094494,0.03378797494493,0.0247313799850444,0.402129201599374,0.177956379802607,0.369169427697125,0.276435833182345,0.19795671290908,0.0138544049933977,0.0109608590108401,0.00808586328826104,0.012807520429025,0.00698427827802074,0.00481721774160721,0.00561313363246809,0.00476161734139997,0.0101049739008349,0.0245189546502504,0.0061883519547461,0.00613448425237953,0.00568979481805044,0.0114919941674353,0.0129001372164819,0.00394495409551218,0.00618940071427893,0.0167476429114848,0.00841395199344283,0.00256110718290091,0.0037149055208769,0.00561048334241985,0.00476702419636829,0.0058498900817957,0.0154683993379504,0.00933629520801105,0.0086340157607976,0.00385931215505826,0.0358240478574452,0.00531708014346264,0.0194381837672362,0.0262418081442711,0.0152235038256066,0.0024677825261729,0.0244981659027547,0.0319826882660237,0.0323284391525331,0.038645011406308,0.0047835293124063,0.0106846904784805,0.0216880695908274,0.0132172032622054,0.00416706959647749,0.00255977929163831,0.00281771738165359,0.00486388147216585,0.00473219479129455,0.0064923784121859,0.000914951318598256,0.0155875081324593
0.0146898318014439,0.108551602237976,0.045783909082753,0.0355584184545772,0.0189330474997283,0.0459962783078141,0.148693812576951,0.0598976522403093,0.0742483459338168,0.583167657093299,0.0667223450390736,0.371077466132754,0,0.0479937243618738,0.292313181174929,0.685324830013907,0.157455859449886,0.117243387419271,0.410346255867715,0.756169752851948,0.833705322943009,0.513127678416657,1.34856028219483,0.0888702015337003,0.00239833966384491,0.0282304082329822,0.00405830369342785,0.00952446344719099,0.0580524095845613,0.145978536497205,0.13365803135095,0.0291721064563535,0.0194950528644438,0.0302682106560268,0.100514452232781,0.166338555923531,0.0187272397616197,0.106951046379628,0.466563775823356,0.137823251185478,0.0147733508361491,0.209342311602967,0.37082185403743,0.0887135776383393,0.0739081996617816,0.24093357130812,0.041980246813954,0.0178515598948099,0.000862299580589598,0.00382371671208596,0.00508220135705394,0.00135950776706357,0.00200185102443101,0.00166640445888944,0.00810621615755801,0.00284756340196695,0.000716750153719678,0.0011635855461769,0.000423175070605953,0.000973449055907586,0.00163986947508141,0.000454993217118862,0.00142868212041694,0.00169206476640554,0.00312688123752859,0.00267584224907528,0.00340275523180277,0.000803574142671432,0.000877468716190047,0.00193820815558639,0.00195167776271811,0.00062058817100347,0.000296807014908213,0.00409311988139507,0.00699866607098812,0.00220434553432501,0.0162704466695172,0.028330324873246,0.00665155090869687,0.000478828276746323,0.00475379101788777,0.00438684800276226,0.00652917994744669,0.00486226371618977,0.00242293630751965,0.000336830295098609,0.00388719906222135,0.00182306164959472,0,0.00061269476310466,0.00136241243810603,0.000584579789844331,0.000385799268289265,0.00112447341605479,0.00029840576796912,0.00269324603129303
0.0280068383617813,0.0584139354799482,0.0124319219408079,0.0226599062239406,0.0610449979412477,0.049724201512372,0.026993061687023,0.957637445168847,0.127180320828521,0.0757184407414308,0.189829173548688,0.231141550446073,0.0479937243618738,0,0.30509540371164,0.0446014989447123,0.0128014903602958,0.00891577699362077,0.0226446482960389,0.0204803176178038,0.0172624596164842,0.0113555447657473,0.0117637693251672,0.00484407302583833,0.00642480192350256,0.00982915251517114,0.0232591941113097,0.0127556454090326,0.0175696567746139,0.0114627462035726,0.00407307195141191,0.00295183087181183,0.0839554058982636,0.134108012221452,0.0423998494816728,0.0152750556144295,0.892905263618043,0.441545056118987,0.0536690724679743,0.00778173259853732,0.0246428109700495,0.063182113233659,0.0399005594466173,0.0842897105667054,0.0407277365587672,0.0161333109538191,0.00593700233541777,0.00133730608235009,0.00215762470283926,0.00465279175382264,0.0020249577014434,0.00271510507504536,0.00357385936844057,0.00515206919601437,0.00201176460973077,0.0185310430458348,0.000852601680125221,0,0.00113628656692148,0.00194240537210097,0.00187890525300216,0.00231826585290922,0.000982889100839473,0.00278930484825357,0.000872742158985326,0,0.000757284201098874,0.00124326167888702,0.000766338801095985,0.000392513632041764,0.00228195239169966,0.0025103214986851,0.00548926430786341,0.000398972383407359,0.0289848770380238,0.00261199333013527,0.00319097285048506,0.00530751921601031,0.00280705918022567,0.00080328273509242,0.0127142941029766,0.0144598012747651,0.00943174572755501,0.00547151496807949,0.00220915853830466,0.00379167887592701,0.00676673705662003,0.00403561999780416,0.00368173434832704,0.00257248471021713,0.00118315722784812,0.000997621277270155,0.0023661076239866,0.00242625218182248,0,0.00181083993138242
0.0406498405983487,0.143319618628906,0.0287724885665553,0.0422452571260137,0.0910931853439526,0.0866089583141706,0.0760934312942998,0.247355213384944,0.326585636214784,0.248797721203113,0.586305427099805,0.941113739510313,0.292313181174929,0.30509540371164,0,0.190221451879381,0.057641444287563,0.0337529563422988,0.0804951173471706,0.142164670427866,0.109588122894823,0.0636100527925126,0.0618496564406121,0.0221196447450783,0.00421284255254742,0.0144646453023176,0.0117693133679189,0.00609409657801353,0.0324407926892219,0.0423802388955672,0.0236971355729424,0.00433755339561036,0.0495859751058107,0.120021321304878,0.0956261072719113,0.0653150691136961,0.121594074367969,0.439341078518338,0.220630302023504,0.0310056561192296,0.0297319494849403,0.153860463585232,0.125720648354249,0.201351745961101,0.0837909723236973,0.0970188656675938,0.00768790886567339,0.00653168311195603,0.00383936916683829,0.00807515126815375,0.00467115127502535,0.00348226527733487,0.00279177217925732,0.00643678007846142,0.00609658796972877,0.0158886744017803,0.00401158362512075,0.00655465582612667,0.00288525634036908,0.00671918801251312,0.0162406675191057,0.0025727093150582,0.00536632380554804,0.0142114921576111,0.00470990424665692,0.000984151484127284,0.00456195971436671,0.00236910613392108,0.00360813470578515,0.00246302174503324,0.015182839297306,0.0093876025335453,0.00396717599535953,0.00409920891281461,0.0218292838482626,0.00387192264045892,0.00762819191774847,0.0177735244832638,0.0103315518159786,0.0084658565900338,0.016816208060289,0.022946053805287,0.027526474593963,0.0251441323993772,0.00501435308908232,0.00754000141743344,0.0186663148142379,0.0163380036160699,0.0038936139568914,0.00346258207068021,0.00290053835816296,0.0031898549351086,0.00226732716815914,0.00159195291315339,0.00247538890107535,0.0100788680462627
0.00866451129558625,0.0735657639184259,0.0174391668414762,0.0193715128767554,0.0239256059717371,0.0245332930610169,0.069464895705157,0.0433334442162661,0.0574075002807399,0.131725759441495,0.0585167957947964,0.181347072901789,0.685324830013907,0.0446014989447123,0.190221451879381,0,0.060931805236541,0.0753794554859068,0.0811063387958205,0.139989051597927,0.187698392184527,0.230372479537856,1.33335179577695,0.113233115158036,0.000599796178960856,0.0228180483060372,0.00817608965060224,0.00481675993314323,0.0277208465063615,0.118772736542971,0.106504483925263,0.0273343746411288,0.0144669467374937,0.039144873679159,0.108201248695494,0.207445337051656,0.0182941196279007,0.158252462578154,1.18549997248299,0.385324728733319,0.00940245737346712,0.100414967595812,0.147730948099026,0.0763259922567058,0.0592594302265678,0.0823458395680321,0.071456982174416,0.0252593856602184,0.000773433355438566,0.00293532389009168,0.00250668898286963,0.000904393823047411,0.000537402206594314,0.000216819604931615,0.00440043837142058,0.00283094717608611,0,0.00109716608928754,0.00249832695142192,0.00122604491884892,0.0028839097624339,0,0.000166806283413154,0.00125267315507998,0.00261456325065969,0.000848965450911135,0.00189966766950134,0.00099032822320033,0.00193026612346132,0.00195492236315904,0.00111749838176784,0.00413529570916939,0.00127202666699036,0.00470527409848426,0.00440385228214096,0.00089468719118435,0.00869227787603519,0.0204546851331595,0.00548469779733612,0,0.00189522582207827,0.00386848542786456,0.00559940562677297,0.00432206903948546,0.000470193988408276,0.00171312190293588,0.0014197759384651,0.000479129436146987,0.00101265859867736,0.000363296333179955,0.00277469294483415,0.00199376700661057,0,0,0,0.00286613262608074
0.0493221323391765,0.106521268321891,0.22971381791938,0.128848979149636,0.0442991439098233,0.0993623508093605,1.27519915680151,0.06184317922227,0.0425237187652334,0.0847390559115931,0.0286790167184823,0.0783403530037544,0.157455859449886,0.0128014903602958,0.057641444287563,0.060931805236541,0,0.594941935592996,0.403161517557292,0.240621562701941,0.179458521137136,0.300465744524503,0.121908581514908,0.0315976221638607,0.00108022415108571,0.0998731867109262,0.00563128780883237,0.0177331582148061,0.101713884537046,0.23133060573363,0.341627147134909,0.015790032697935,0.0243851999417333,0.0216543289347461,0.0330601346021686,0.0498478214549819,0.00709858114137011,0.036328948278232,0.0678934162520309,0.0288707455706493,0.0149646336689874,0.452520186645083,0.322421702370212,0.0241269384767703,0.0252284184308846,0.0920824446862843,0.0231697327517054,0.0204872529467091,0.00197239563472971,0.00544312865537591,0.0365605763587906,0.0119947294021198,0.00034131805719732,0.00143792879589342,0.0940820672479414,0.00250310124933903,0.000199782782020728,0.00110085777846806,0.0012087828707403,0.00127963697291774,0.000972198964475239,0.000378213779894248,0.000934752357335662,0.00171261952357563,0.0919609901459809,0.0324255838853673,0.0072101697691209,0.0048400519169985,0.00168774618604888,0.0242688759653218,0.00188063577709146,0.00223537601696244,0,0.0197652655157758,0.00788951803007239,0.00773619724046543,0.0400710695182982,0.0882522219269233,0.0816365583822626,0.00232615315887231,0.00105651302978467,0.00682419012668087,0.00596097541927902,0.00513819581542878,0.000677180877300509,0.0025982962201175,0.00116859926688439,0.00231333102362386,0.00045936119651957,0.00280975505995355,0.00226714917737529,0.000976124058426442,0.000719308930105833,0.00188925774321067,0,0.002952709309122
0.014040653996058,0.0350278614638595,0.119348793672021,0.0457710921596088,0.0100836900049011,0.0175758862332331,0.511994917388195,0.0222597352559199,0.0113263028269828,0.0172307690362035,0.0126494578368697,0.0430273309867544,0.117243387419271,0.00891577699362077,0.0337529563422988,0.0753794554859068,0.594941935592996,0,0.127014914268737,0.189505766932281,0.20436512562106,0.575349817147994,0.175477553027284,0.0585168596718268,0.000299821120134949,0.06876867926398,0.00198922766083393,0.00930071642775612,0.0640329099304869,0.239506275600096,0.385624319921381,0.0395682987067503,0.0117500189534578,0.0067951644430221,0.0286567225081761,0.0591670519582624,0.00359058656604321,0.0222975333733162,0.0707861437591841,0.0437567269350431,0.00531571369223948,0.0625618944321437,0.0902287895995122,0.00891453819199352,0.012206779408242,0.0314819370936825,0.047686836351841,0.027207201321693,6.91051472193494e-05,0.00178126574423721,0.0128402620133635,0.00600048124054775,0,0.000277150234318756,0.0289425973643383,0.000413494833020073,0.0003295552766144,0.00115343876942859,0.000234752820875705,0.000764603384880973,0.00112737147238241,0,0.000597663163867272,0.000508237393870285,0.0311859621538426,0.0137941894096895,0.00493494882638487,0.00296005245840814,0.00176102839244358,0.0122412427789457,0.000707593632676977,0.00122974272906603,0,0.011038452186081,0.00151511649444576,0.00350150851600432,0.0211504931796709,0.0444770578423283,0.0536026096826104,0.00124467381070351,0.000770684811543937,0.00200735780683168,0.00323976347175255,0.00152366963243012,0,0,0.000906014277585396,0.00189249850315917,0.00115767688989575,0.00110066976806646,0.000769748772845874,0.000715581862286263,0.00123153550389415,0.00268189191347621,0,0.00307819389622775
0.0212441767226976,0.11195779447957,0.054307101607257,0.0562711565665605,0.0396433793178949,0.0613871447599843,0.33971456886446,0.040959906413803,0.041884873073703,0.22578710423128,0.0367401527569107,0.138714423711808,0.410346255867715,0.0226446482960389,0.0804951173471706,0.0811063387958205,0.403161517557292,0.127014914268737,0,0.419653718758304,0.290993607078006,0.149107728243316,0.156644325009526,0.0176051312709923,0,0.0313742773662218,0.00240310245432084,0.00828955059955689,0.0442948893993938,0.0755872800767877,0.0517411714729055,0.00860597391848975,0.0214857165456658,0.0320982300223955,0.0593126688643481,0.0278688463942703,0.0158403579197712,0.0555572148422268,0.0660202632248361,0.0132996497993694,0.0141788692062536,0.479643232986655,0.631953271829546,0.0318406997775327,0.0539077135942095,0.222450802598738,0.025016030453993,0.00526834156452554,0.000736268857817358,0.00138034946406516,0.00484883199332929,0.00170528905148976,0,0.00154093556891056,0.00499082204664133,0.00169040927866037,0.00159282390984322,0.00201517846860774,0.000292531470709938,0.000470135344054171,0.0016893051117082,0,0.00124572243369519,0.000644814059070735,0.00300301053239705,0.000137381310376506,0.00195776011385493,0.000651004468037547,0,0.000897234097386242,0.000594461900499571,0.000512146054376834,0.00107355884384775,0.00457931407575271,0.00519540358568504,0.00249121385203488,0.00995076267820749,0.0173654738375353,0.00477895756487581,0,0.00158532808434246,0.00149292853924762,0.00398636969887461,0.00533472341660382,0.000707014987771572,0.0011132058414372,0.00338297090534049,0.00153893273454955,0.000462721325188979,0.00127999779518215,0.000410610073124035,0.000574088568921702,0.000374497789865954,0,0,0.00153918055696242
0.0153463323135031,0.0840416213974337,0.0547058577089883,0.0336855535069254,0.0183719095935078,0.0286093747950036,0.253790614428912,0.0461940837483771,0.0490705635519033,0.270693835357157,0.0443954496632117,0.175075711698658,0.756169752851948,0.0204803176178038,0.142164670427866,0.139989051597927,0.240621562701941,0.189505766932281,0.419653718758304,0,0.487039447204346,0.298597895682348,0.272310646062205,0.0304157324565455,0.00219781973415011,0.0285536271262503,0.00206249072973567,0.00905296578661291,0.0412350815037969,0.0963613631661973,0.0936999730031494,0.0150978265729656,0.0102981926711121,0.0231635243072048,0.0579777861531632,0.0533032384858587,0.00719321306660255,0.0558984176474156,0.122164854971944,0.0279699150073274,0.0100663737821223,0.147777244936498,0.315120062003028,0.0448053050726869,0.0348906299995963,0.131218677346603,0.0311403749262478,0.00782280615996621,0.000705925755599642,0.00205524502986141,0.00731350834901655,0.00136003666315602,0.00118827959603619,0.00223253880085074,0.0069653489208504,0.00255365391722516,0.000355525456790969,0.000786164012108114,0.000647862003554239,0.000822082336536844,0.00217746225909161,0,0.00128692762600626,0.00220093116944123,0.00372367066894751,0.00157712311542622,0.000616237726809309,0.000939583205949484,0.0011646268382676,0.0013362836346547,0.00111096138243636,0.000903368700830125,0.000337534469647682,0.00354357942919301,0.000677791880265625,0.00159973119644839,0.0163267759379547,0.0147593983852842,0.00850015377079127,0.000821171962911635,0.00309887235797772,0.00315394243408408,0.00369783622657348,0.00275390231443217,0.000925342136204557,0,0.00251314786703691,0.00164020340852864,0,0.000732143172580953,0.001670805759869,0.000805578470088827,0,0.00104676960650011,0,0.000435211136423993
0.0147456825307882,0.0402779266919184,0.052939884805319,0.0276444095429526,0.012122640294249,0.0229599469685805,0.196968981054822,0.0278611057983004,0.0277998668595487,0.20206182391841,0.0289330694195307,0.113500935396256,0.833705322943009,0.0172624596164842,0.109588122894823,0.187698392184527,0.179458521137136,0.20436512562106,0.290993607078006,0.487039447204346,0,0.493156774468997,0.47405328951683,0.0418459845331143,0.000244030766808755,0.0261313135649471,0.00157319125194142,0.00372223176064019,0.033926418535042,0.112866222502573,0.11974949876623,0.0309313967355922,0.00985338780020728,0.0136228978517199,0.0320520100132155,0.0593583515873215,0.00961684739706276,0.0478510107408664,0.128209716394313,0.0395175364494256,0.00674151966937972,0.0886861729856748,0.192878102064418,0.0346369956544577,0.0222804335559783,0.0890945244959574,0.0294623788420819,0.0177992264450771,0.00078191726924929,0.0018759205761467,0.00248838944736835,0.00114785758982448,0.000351898637130539,0.00140500791715444,0.00677720821390238,0.0025635945803153,0,0.000332176299399968,0.00047695336766437,0.00081723311974675,0.000907493475805732,0.00016399375745331,0.000693301974225068,0.00101756780834164,0.00635064959934688,0.00141954977459271,0.000396505905476182,0.000110813824849446,0.00108442026561534,0.00175488701721629,0.000653779463122969,0.000817419360784196,0.000300341923830993,0.00287680304645735,0.00408830960188687,0.00263104984578712,0.00777333092362193,0.015864832205884,0.00783461500405377,0.000879412340607844,0.00173202018281718,0.00269366074718271,0.00259447376823499,0.00322986290488813,0.00117354001556633,0.00169981194688112,0.0030429023804317,0.000883760755783879,0.00016245452817675,0,0.00015286123503655,0,0.000420852721572378,0.00192792376416837,0,0.00161414088977974
0.0133627120476956,0.0416574160012095,0.0758064249520101,0.0337621112675501,0.010130314421645,0.0166738256041087,0.345454769533982,0.0223404537700338,0.0137184246044108,0.0578748751603462,0.0157868246073656,0.0708768283469398,0.513127678416657,0.0113555447657473,0.0636100527925126,0.230372479537856,0.300465744524503,0.575349817147994,0.149107728243316,0.298597895682348,0.493156774468997,0,1.80904390460287,0.183410275299348,0.000685423235140775,0.0323544642194139,0.00362147823114778,0.00474116351060686,0.056036760189952,0.188547006651108,1.01869536327609,0.269028709296386,0.0119227256716946,0.00868486694090926,0.0469999166565281,0.157916549001229,0.00406716669840266,0.0357230817905853,0.221700277301793,0.157517447893089,0.00596802167819997,0.058867465259707,0.1134845522353,0.0129063370262479,0.0136456539946727,0.0437049253316028,0.0771837014837375,0.538497415495608,0.000538606237905939,0.00315580932689897,0.00776639095037517,0.00293977638874586,0,0.00180493980494356,0.0289641673285304,0.000854979573322273,9.01119076066764e-05,0.00263078962309815,0.000157464253514562,0.00145674019337579,0.00323886027413933,0,0.000405684629493299,0.00212185802666594,0.0440422000116142,0.0304048555200936,0.00689823098296614,0.00927014081192741,0.0092121086652149,0.0969143327337526,0.00659940711057344,0.00638824908670562,0.000347022543086107,0.00561305045847166,0.00270492394612002,0.00116480566269216,0.0158900847751719,0.0458240863954598,0.231432101069747,0.0328593376718832,0.0012778571899227,0.00299576724535502,0.00574124935113973,0.00804278309253406,0.000536406815771152,0.00109585183648883,0.00306664007561084,0.00558220756567236,0.000588180331150061,0.00175939406216166,0.00239331598724977,0.000495223337904759,0.00046964589334479,0.00248608460093759,0.00139769954960122,0.0327674670224142
