0,0.493138277045114,2.04225231938495,2.03070552290765,0.786610468232054,0.19543914448453,0.710066307349276,1.39194851977013,0.0458061736732506,0.0455258513503291,0.064414385267523,0.062523601961794,0.02688834315242,0.166543827888724,0.0679746919432621,0.0228480157307542,0.394703019102443,0.0443962084660231,0.0253200103744518,0.043369969525612,0.0307087862162005,0.0325596021343349,0.0235115296906834,0.0171318926207831,1.11101008506034,0.165646043196678,0.398368057083733,3.48732623034006,2.26070945421504,0.133173958232169,0.0428239234372533,0.00419580832938838,1.29480230863966,0.119213643580864,0.0367935523025297,0.0127678971911683,0.0643790747187591,0.0499704169534798,0.0155983687704957,0.00944778979223376,0.225264792206784,0.174875040566171,0.0249986256250721,0.116719526300726,0.0246052214788787,0.0285006235842411,0.00487795551346356,0.0060309166879789,1.60797630532087,0.10163869464787,1.08252369280774,0.199420743579906,0.0505046396215116,0.0466787809001894,0.143696444829141,0.0520266520027615,0.00693830017720831,0.00486640349859376,0.00637683341743948,0.00415782270889705,0.00146753897658707,0.00346128982609094,0.00764735525682436,0.000887635791695651,0.0576494589525933,0.0232019316973658,0.0107070947653499,0.00555402598949884,0.0021458132347062,0.00868926914376195,0.000179897286618188,0.00484407839249488,0.681673137736409,0.0619588777886058,0.208165803576625,1.80673590373417,0.858601942733243,0.0635360884748412,0.0496518540567268,0,0.168697878955954,0.040082933253859,0.00945580624892853,0.0124378068973934,0.0152566528534223,0.0135688192246752,0.0068200336708721,0.00174378557294973,0.0379252628925337,0.0196569839160433,0.00448634588793679,0.00584653874296976,0.00447603603302345,0.00763441251356713,0.000632903784044975,0.000675994726072406
0.493138277045114,0,0.604732100078069,1.04950000133596,0.695036565784071,0.345348763665717,1.27699883219553,4.8527413772513,0.818688471681645,1.01671968273697,0.397814508891259,0.624124199395515,0.393066258140473,0.721400679565913,0.391853105537999,0.369208536830236,0.824181073328774,0.185016623909619,0.14133100360626,0.464713909671377,0.263466777069867,0.118243930813768,0.173828375942673,0.107308526326244,0.0256346365437046,0.621169791942279,0.131481900447911,0.265340928238103,0.752586927025077,1.3456041742928,0.218801091440918,0.0233714677446484,3.1280952126178,0.398143072261146,0.788872840359848,0.13913331419018,0.26749443746185,0.458894210407053,0.395595949076803,0.0910284003677816,1.15510921025605,1.85272114297281,0.488322086687778,1.92306968876089,0.702297035513723,0.878932453093329,0.0328780371471924,0.0374742459351425,0.0100831954571077,0.0428393403487321,0.20903017967055,0.0639067253877566,0.00561807083633487,0.0165116383967523,0.192796566941568,0.0319883017687828,0.0149581312799153,0.00987013779387083,0.00466318722793863,0.00648475548883647,0.00100946367648483,0.0163204683902461,0.0106559802575853,0.00742852744856792,0.102672415091433,0.0622205763578744,0.028965385799597,0.00739180043903954,0.0143682048834577,0.0109597629999649,0.00210874808852381,0.00549236736141909,0.0210809033570653,0.225033641290715,0.0833556206387632,0.0455712053732802,0.234536929141876,0.185699987422354,0.11238006076343,0.00225425020803055,0.0777141609829834,0.0625499832360622,0.0301897347575982,0.0193163851792727,0.00273165425001823,0.0259477455243233,0.0102534895946765,0,0.0101706323499465,0.0278187202757561,0.0238596249106926,0.0070652111924166,0.00707934689886947,0.0121308203187615,0.00577281868287174,0
2.04225231938495,0.604732100078069,0,3.94087908246596,0.493974640434924,0.302885291593478,2.67227385645313,0.923857913840798,0.0872108942485168,0.0999394025632402,0.0672420360722687,0.0821469101827218,0.0795224010828718,0.101977524978773,0.0695815536639647,0.0407766109772309,1.26099581697777,0.214021164725512,0.0539099394347857,0.107187580482994,0.101312433936096,0.0867710551888949,0.0523767642522218,0.0447917477956975,0.0771512314723667,1.75643993071969,0.0789010429984703,2.00390549572808,0.853056655106127,0.624529016891316,0.214855821093141,0.0375472650877571,0.585086327348368,0.118941998925068,0.109052682972948,0.0538259983711823,0.059285202373102,0.0743606629271834,0.0560928190280951,0.0319131392872484,0.297864861638512,0.440271582097401,0.0809126708774079,0.211590903313912,0.0381946854886044,0.0626606645612217,0.01913340153778,0.021615842950229,0.248403055128166,0.0647089431116411,2.39182362955574,0.271802816090228,0.0193018125917097,0.0180011407128414,0.33521883688704,0.0265502564001373,0.0056158605847469,0.0137175624704948,0.00750157530317448,0.00779705701396818,0.0044719386643285,0.00363160407007224,0.00929768161222844,0.00163462977202225,0.214855061677283,0.127484159217364,0.0352388402887695,0.0168110405422921,0.00557646968904157,0.0356805730949362,0.00332741080475429,0.0121472240581815,0.0404754778181117,0.671349072151333,0.0463697508051703,0.983785494063649,0.411394526288895,0.229546051075429,0.220107510249779,0.000627432251349092,0.0563137707944023,0.0440224263126929,0.023883153560082,0.016870522263709,0.00613983699583509,0.0151398975215023,0.00604211751566199,0.00194639488152815,0.0184118730774464,0.0349953856555155,0.019818515475669,0.0176022699563892,0.017460165385158,0.0223583992654464,0.00428566638834671,0.00514736726455671
2.03070552290765,1.04950000133596,3.94087908246596,0,1.25748155813681,0.598363786714735,2.82213663611188,1.72046552247136,0.17626135268097,0.145575912653487,0.155232591225728,0.15475418837852,0.102189143803052,0.155019693351093,0.140492853944201,0.103721099219575,1.56344806099145,0.210768384099395,0.128618451428264,0.200818493228404,0.158377092235471,0.119896062375639,0.0986260977155838,0.0333926748491329,0.0226971735833552,0.951006364127393,0.0549371087908621,0.733574458529621,0.568122895233602,0.592735085259673,0.170126898793652,0.0184385596163405,1.15141873552972,0.096368328234982,0.077878654530558,0.0403698726147483,0.0456652639245552,0.0995484427137406,0.0820863987723942,0.0332953126546069,0.716490596350545,0.886420975912641,0.125088530759807,0.332625129227616,0.0536365610351699,0.0968051033322516,0.0145562723331631,0.0227957639404909,0.051590954207255,0.0319120236392399,0.493530808560958,0.0810343812604081,0.0105879699321288,0.0143737051739463,0.185084831148461,0.0128597260625309,0.00418890427158472,0.00674817783705062,0.000755023429269468,0.0062978704206418,0.000754090858680657,0.00338537827668382,0.00282260199427425,0.000933716618967337,0.120124691590325,0.0667562360274782,0.0106796065161439,0.00426378667744974,0.0050028668795685,0.0115338486838764,0,0.00231514888145939,0.0114807131643458,0.178160537163403,0.031144861293749,0.250592834249746,0.196930359690481,0.116840518374927,0.0936243700714679,0.00404099694912841,0.0325548844473719,0.0251277711130534,0.00611708156930999,0.0156304096448253,0.00305405763744389,0.0132300604067454,0.00481754223046845,0.000952695175567841,0.0104986488237842,0.017007102385255,0.00715029792764185,0.00369597163172788,0.00854163189787153,0.00813057348319424,0,0.000948238783989412
0.786610468232054,0.695036565784071,0.493974640434924,1.25748155813681,0,0.544170222978692,0.79080913986539,1.30201125067491,0.157230620304888,0.112200291645574,0.14353096287105,0.0762609697966388,0.0628732309874058,0.138998706328962,0.102609225010297,0.0794768152655285,0.511524553376627,0.0654109363477066,0.0319990713204465,0.119986694201135,0.0624018979495608,0.0451494153207664,0.0366815039717666,0.0436675304728254,0.0119898629493855,0.205522209543436,0.0166294248978834,0.213038648137989,0.189933234268052,0.201595235109687,0.0542376720479903,0.019356569087182,1.20771944082627,0.0618372234373389,0.0661719423230313,0.0225703830609367,0.0368497901841786,0.0381421510756283,0.0440891411426128,0.00908713349301837,0.650112475945279,0.625834828572716,0.0800453033870548,0.364795718441686,0.0821322964791101,0.0775833453315106,0.00527069863618013,0.010813607033783,0.0125337910985236,0.007831499986617,0.0898340165192811,0.0333746507499883,0.00859859361638686,0.00672478198105453,0.041380153234838,0.00418932858569267,0.00229730353355087,0.00984206161804013,0.00298662212335843,0.00197405438744161,0,0.00295743070204524,0.00973769974795369,0.00992086403937997,0.026898409372133,0.0231346639127766,0.0067004547795273,0.00153016859214372,0,0.00288580002405898,0,0.00192737441611047,0.00130727898788516,0.0751520876654617,0.0175175181592088,0.0506357951114968,0.111648035436897,0.0288364448506989,0.0335390907898839,0,0.0141309714722049,0.022153359321713,0.00172451419605187,0.00558798596539256,0.0105909480844169,0.00439216707394258,0.00177565224512166,0,0,0.0179947806386811,0.010219147786902,0.00442184818367219,0.0106485054046596,0.0123959333503428,0.00509652447871201,0
0.19543914448453,0.345348763665717,0.302885291593478,0.598363786714735,0.544170222978692,0,0.800922884972788,0.765690548074507,0.0850343178900469,0.0944071182531753,0.0827291185634846,0.0833609782055872,0.0337739086971523,0.125162984013284,0.0673030463332835,0.0748678888258679,0.44976151289817,0.104420272920716,0.0901025538083225,0.0835433414930277,0.0895539020043155,0.0445501034654123,0.0661075152745682,0.00676949244274916,0.00473508948548679,0.18748481911321,0.00805885301873421,0.0868743608126654,0.0937584642554766,0.194535013917113,0.0318722068333253,0.00880842624421138,0.370001201855877,0.0362754065056706,0.0301267546032875,0.01467259684994,0.00867240650076501,0.0739558137917868,0.0552476493848745,0.0141829623073284,0.310586237057964,0.529170665841273,0.0776542037412085,0.169334893151405,0.0289395255039543,0.0640062179868771,0.00269389618215157,0.00301490790586234,0.00512940989627624,0,0.0381294219457226,0.00549135402918363,0.00214979810617827,0.00345931684377671,0.0264868219286108,0.00364029107021113,0,0,0,0.000998613607535233,0,0.00382983611536913,0,0.00204891137090912,0.0174852971073206,0.0164994651514119,0.010845357120252,0.00344719460827494,0,0.00549212956899684,0,0.00326316701417628,0,0.0295309426086211,0.0032324097432852,0.023723301528044,0.0431319196049738,0.0351375696640651,0.0171354534938082,0,0.00680228552408445,0.0103854362227967,0,0.00131423419284173,0,0.00676805300811623,0.00773809020095018,0,0,0.00368455264054067,0.00369650722947973,0.0018117113215214,0.0101195636710533,0.00518619244174609,0,0.0035820735971705
0.710066307349276,1.27699883219553,2.67227385645313,2.82213663611188,0.79080913986539,0.800922884972788,0,2.39411684931343,0.341529052615867,0.694153523769445,0.28156543058305,0.494724013497065,0.602651274539406,0.189620574570063,0.350734180024179,0.411701006752568,5.91506389970516,1.66765237117303,0.367230144659094,0.81935074086406,0.796508425083686,0.892124007803602,0.7655133947445,0.31450613324975,0.0160700915496116,2.14057097219259,0.0568153119866601,0.435955645912364,0.853220196647181,3.53351563078612,1.81692612819715,0.225331771205602,0.924137833701149,0.171871735907423,0.508051178135818,0.352652069616304,0.0739905858008179,0.381352406030166,0.587933604317918,0.25739502782626,0.485929556525529,1.90154975631717,0.467432449532472,0.51437579354725,0.179424949282469,0.414606787252079,0.107258677661873,0.143966815337497,0.0189067858993244,0.102196863998145,0.742967236785533,0.21618638304497,0.00655337684610413,0.0104284349366479,1.25162103447596,0.0405152472091205,0.0123336351347614,0.0305392889423467,0.00854249727160437,0.0244212853863268,0.00422856270455595,0.00771762134894053,0.0146859529969106,0.0117393931037738,1.15638572952366,0.576918791178556,0.161709863040334,0.0388404332578798,0.0174056581167535,0.089913286239802,0.0003667297756157,0.0244214885019093,0.00854399686178292,0.81812602484208,0.039658885738134,0.143844856901425,0.39894093350808,0.800407482382264,0.822951654727746,0.0180204416997047,0.0531643633456857,0.0508734921633948,0.056272612472839,0.0470550075351174,0.012153865098741,0.046413721279625,0.0246296812633374,0.00393980378227311,0.00970984874422366,0.0553771045044948,0.0553342303886936,0.0311721350725913,0.0275739799084486,0.0574709125576316,0.00931294104227563,0.0087973713234204
1.39194851977013,4.8527413772513,0.923857913840798,1.72046552247136,1.30201125067491,0.765690548074507,2.39411684931343,0,1.11269835447765,0.790575311357633,1.33254997363281,0.719291459823041,0.342108072185632,6.10449525587573,1.2358819817247,0.329891873016296,1.49141795944507,0.280994591361897,0.17864394514615,0.470562843793468,0.304207929258038,0.170706660308071,0.233170834281661,0.090072245523774,0.110252673604818,0.76162454344244,0.544380536917075,0.477918691573119,0.981917061007662,1.45653891468187,0.269220310106533,0.0707006425120566,7.99636166221482,1.11529345799578,0.561474464737413,0.127863493620022,1.78819773860462,0.71578782991416,0.414249348737354,0.0671701412157431,1.39151664202726,2.65532668131576,0.556352924413402,2.53935348236279,0.491968715143437,0.532863069423379,0.0440188799303401,0.0181789426697641,0.139649394389768,0.198977263011236,0.380134780591487,0.17422330512437,0.0963896162559165,0.0936642015741124,0.33175482425301,0.278734477153189,0.0326509818184465,0.0308916174080488,0.0667140372155248,0.027743509354083,0.0155608406779733,0.0370100851610333,0.0550706366053005,0.00821645685502412,0.169486733311062,0.121485841392247,0.0404279438162581,0.0218285877195602,0.010039080897585,0.0257072273189889,0.00465084771435717,0.00675984867803249,0.127552248720662,0.308327693788915,0.402668776041594,0.269977226169795,0.459112253578202,0.232848555728772,0.143898486433538,0.00328914270959779,0.499954523517834,0.24235012830045,0.0748090627313983,0.0507870218866789,0.0431741690366629,0.110981441264128,0.0377921299484265,0.00722587207324166,0.0708436882724177,0.0859352169509284,0.0266820724826597,0.0348068920267743,0.0299083859693466,0.0366540043617127,0.0106358291045209,0.0035392525314053
0.0458061736732506,0.818688471681645,0.0872108942485168,0.17626135268097,0.157230620304888,0.0850343178900469,0.341529052615867,1.11269835447765,0,1.16905669469649,0.516762579454973,0.589521868511243,0.404502036991827,0.642029497710388,0.631537774067213,0.212347420091315,0.400525345205455,0.0828894696174415,0.107813099568787,0.294560420426817,0.146351677883966,0.0570336047735456,0.100691906580416,0.0313981259885347,0.0210163090346738,0.139137800210488,0.196120355391097,0.0572822079990964,0.16887184005856,0.388395936938566,0.0772844265499273,0.0301908562194892,0.44457576345118,0.337615340777617,0.400422381649939,0.027004130851296,0.339334635100393,0.482253800553249,0.133400289008802,0.0649282709124775,0.221851384777575,0.918750649019481,0.327559616243731,1.07512259213844,0.401642761288623,0.674065069505309,0.0205485990678757,0.013384000060786,0.0101536268571882,0.0519709828728768,0.0509379814890012,0.0138761792179841,0.0459799925545868,0.0398457775426135,0.0513596970549665,0.0522526292114675,0.0117275989687914,0.0525026101838288,0.0214061172166087,0.0145908015581316,0.00172248650828877,0.0178222305876234,0.0176655161902566,0.00960711152579341,0.0282742291973753,0.0429549246943804,0.0229950029270966,0.00171056859367724,0,0.0020662037747934,0.00338050229553649,0.00862191161416032,0.00938885127223066,0.0615142736731966,0.156172796215489,0.0271651427098864,0.0616385648999425,0.0241718512564021,0.0368588205885761,0.00329121910450128,0.0962169312887268,0.0895184488570264,0.0355886063361062,0.0192242546947134,0.0317938119293979,0.0466184190123269,0.0153030325956496,0.00716493032631597,0.0113428692213691,0.0260595263527417,0.0124063235595852,0.0208937704646783,0.020365177344692,0.0291435793795848,0,0.00210470698846943
0.0455258513503291,1.01671968273697,0.0999394025632402,0.145575912653487,0.112200291645574,0.0944071182531753,0.694153523769445,0.790575311357633,1.16905669469649,0,0.5884462585761,3.75651635117895,3.43451319457874,0.301213852054148,0.808013490868216,0.869500429376755,1.94342522026403,0.32205980924157,0.923979039027799,2.80600057892499,0.717268064885901,0.174768929914407,0.302357571719745,0.0896381054302442,0.00767198347821735,0.100901561574552,0.142695626164996,0.0382069856997674,0.120972537466627,0.783699338359447,0.14926605553643,0.0589442939056464,0.219018122254023,0.503637894258672,1.57597042909131,0.117734124740691,0.257092437726019,1.15808564835799,0.631712533718229,0.100396016523946,0.10238287504766,6.31340397882423,1.55676607623166,1.74993262290258,1.58753845644534,7.75119364759596,0.0387278372440908,0.0370472325863545,0.0104466706269093,0.0283421786549439,0.0269328189200886,0.0175136324888273,0.00866875289482176,0.0203252951096072,0.0463133650926493,0.031815767514924,0.0025003330773441,0.00675174467410906,0.0156635169205305,0.0199201847099376,0,0.00902518273240438,0.0134267235624006,0.0271907625487331,0.0503364598831161,0.0377168188813242,0.0125128142969486,0.0045145443595309,0.00101764256991082,0.00519303517409809,0.00112196818019417,0.00739676104620685,0.00174134034788009,0.0767007487364577,0.0737681497445686,0.023552398540014,0.0214414035440223,0.0825834431472115,0.0452976255358965,0.00286297201437669,0.0778233685569936,0.0706102522469254,0.0365757287120453,0.0420459340422886,0,0.0307189354502091,0.040255131681923,0.00578699586728684,0.00750497951040485,0.00511705957799827,0.0178675021114202,0.0164909759956144,0.00973660438460848,0.0287228088820861,0,0.00121325296713458
0.064414385267523,0.397814508891259,0.0672420360722687,0.155232591225728,0.14353096287105,0.0827291185634846,0.28156543058305,1.33254997363281,0.516762579454973,0.5884462585761,0,1.00643891512691,0.465109995023738,1.22833286133603,1.76339397177172,0.581214592204436,0.42378448157332,0.190770870614183,0.121751209566039,0.296287464980261,0.279204915276889,0.122906120811756,0.268109992425127,0.0805275173904487,0.036642723157488,0.0818637576029856,0.306144633967257,0.0629468416272477,0.0912424014025953,0.277408730833362,0.097893464867179,0.0925001727122727,0.811647630297153,0.612937254434238,0.446816091306125,0.0790476945018135,0.745773966084708,1.01195050242109,0.334487012454145,0.103396870961081,0.109546108514256,0.451133090776827,0.20719496998206,0.79179268469389,0.220226739788948,0.371913581420724,0.0851477049116495,0.0369158449072161,0.0462106291538957,0.159138552960788,0.0546910524051883,0.0450748620815009,0.0643261099872136,0.0289253271705994,0.053278857558868,0.14053360425727,0.0684251579129773,0.0703674326891814,0.0363997823826845,0.0805720948834313,0.0436785275268746,0.00380871495548718,0.0995374586138319,0.0763936349525238,0.049898143653998,0.046646747387577,0.0173091065446622,0.0220445682628343,0.00857716223547564,0.0154024384096036,0.0189196800292042,0.0219622811819015,0.0138369794758851,0.0369628367516794,0.313507450906039,0.0532665806889385,0.0578443866191954,0.055474348215204,0.0517291287467132,0.00779674851867329,0.278623247948293,0.177561490759099,0.0596420159724037,0.0550394816049257,0.0349278109581169,0.213171984854967,0.144460352030818,0.0282899087843415,0.0328491014883798,0.0305522018430228,0.0378546354480039,0.0562888279127122,0.0302795456958949,0.0102527049036091,0.0226570033990246,0.00267823347832532
0.062523601961794,0.624124199395515,0.0821469101827218,0.15475418837852,0.0762609697966388,0.0833609782055872,0.494724013497065,0.719291459823041,0.589521868511243,3.75651635117895,1.00643891512691,0,3.15698845272997,0.397923926709836,2.35966409127933,1.42655960332333,0.883957617243585,0.333495217927255,0.256572030126915,0.929721400866874,0.664416497691357,0.204682419620328,0.373709277125283,0.110839499445074,0.0210469294534288,0.0815182927250038,0.210312882679393,0.030849779999319,0.105429863311054,0.589096784129867,0.158555158525869,0.070175748191859,0.337768831544498,1.16116165776492,1.39503867968421,0.147104011502475,0.495580252545765,2.04725129748377,0.605796854534461,0.0763375344532229,0.0708223608357512,1.11525486626659,0.474153808066374,1.28406476371942,0.644198559284232,1.56718475104448,0.0408557704093549,0.0440805922619571,0.0339162718233332,0.0988182906009321,0.0405503746477046,0.0327532245463121,0.0449578592199179,0.0275641833820392,0.0659643548256493,0.131864521598713,0.0204570324744488,0.0318739037398694,0.0194522619721287,0.0749099925137627,0.0142590861156622,0.0215877454511235,0.0597825582006204,0.0364453836746039,0.0508174124921059,0.0525385475522384,0.0258663780303019,0.0268732523399095,0.00988679495901965,0.0136883817219265,0.00909543423571413,0.0232084855968219,0.0381261060611573,0.0365617223133551,0.1880660596963,0.0425734541911744,0.0894599007515817,0.115581346266431,0.0564411527578025,0.00671216599181931,0.225244921722272,0.137945373825709,0.0493369650961189,0.0387392029048655,0.0264470962618536,0.10200092725002,0.0954512769980485,0.0266935256877774,0.0279504271282112,0.0317569495916383,0.0164637996980488,0.0214575144574968,0.013525068605976,0.0406967540095836,0.00772212549051399,0.00998188346786676
0.02688834315242,0.393066258140473,0.0795224010828718,0.102189143803052,0.0628732309874058,0.0337739086971523,0.602651274539406,0.342108072185632,0.404502036991827,3.43451319457874,0.465109995023738,3.15698845272997,0,0.167079763607689,0.67370396396647,1.62471217402536,1.23841986800327,0.736157717781105,0.396744985139281,1.49423580467771,1.48668721173375,0.616770198081014,1.22101634450783,0.336521143448159,0.0106288480319052,0.0579081834459015,0.0319871813912939,0.0254123560619573,0.0670753304157227,1.02366135101391,0.611043357207721,0.192711571813305,0.0918694933537356,0.283636674548403,0.939996519146063,0.297233851456715,0.10795257005781,0.759684873820994,1.31902769674737,0.433648629430324,0.0497708501182496,1.11225607235488,0.548444001507734,0.387450813129705,0.255227234322477,1.80593968810026,0.164324498487074,0.166704979638775,0.00715453981064189,0.0240820209093185,0.0166242068752343,0.0111030950837726,0.0128212838557339,0.00440021986797851,0.050875416146984,0.0223174454979693,0.00854781754516809,0.0128296670072663,0.00871908224278195,0.0218717391674438,0.0257901593444428,0.00314255829651044,0.0253326288368342,0.0286900646828762,0.0593815964089551,0.0507763872074243,0.0087573427117062,0.020516064537074,0.00430012641017471,0.0148337404508751,0.00428462769505597,0.014180466015241,0.00267920307696984,0.0392793931794526,0.0384951915121406,0.0110956521501517,0.0449084327146503,0.120504054720292,0.10542242048404,0.021731546833582,0.0293948480287731,0.0171603445961103,0.0341785914844997,0.0270039006475757,0.00419606639371788,0.037801779814055,0.057730394623484,0.0104371825323319,0.00457112401262004,0.0158638826593641,0.0182237412177309,0.0132476751818285,0.0166043632969626,0.0352517253164806,0.00493192367168664,0.00640675585689615
0.166543827888724,0.721400679565913,0.101977524978773,0.155019693351093,0.138998706328962,0.125162984013284,0.189620574570063,6.10449525587573,0.642029497710388,0.301213852054148,1.22833286133603,0.397923926709836,0.167079763607689,0,0.972846487116316,0.237515952072847,0.190464487008581,0.0756454188834531,0.0275744222539148,0.144389671917937,0.132285646937062,0.0461178168511775,0.108730312578719,0.0391015256240679,0.127655797480862,0.20106333527899,0.640577630372012,0.163468271092788,0.228915710636743,0.240865303054529,0.061783491193567,0.0566929087236177,2.56144511276557,0.991123815764875,0.467737707773859,0.0524860168548335,2.87038093884679,0.99344285203767,0.294184593141219,0.0693803809647131,0.25342774550573,0.354842389075642,0.120583386335723,1.4437225480689,0.225638406171658,0.171380040085334,0.0291535447493357,0.0193136357957466,0.079044493524449,0.202101520211674,0.0829792669008266,0.0850286069455957,0.16356105669354,0.132879335016288,0.0905441816883098,0.211410199852501,0.0755283412326545,0.0435743777023486,0.117142781381539,0.0312150049965365,0,0.0533291116281001,0.0622428997899809,0.0189511614146555,0.0481901231652904,0.0187433695292861,0.0251848206272659,0.0227498537574229,0.00578708781998931,0.00607429424872016,0.0041862312098101,0.0178413198415258,0.109544822024947,0.0289627161184437,0.603853700291486,0.128180237623938,0.185374139684135,0.0618318413218179,0.0406723169786163,0.00466041377730791,0.485143601628821,0.267523111542438,0.091949227873741,0.044222864154272,0.072503031910799,0.0869985124823271,0.0642622719699178,0.0128588882313281,0.132134362282129,0.0510370021684567,0.00325134873853446,0.0215040354849822,0.055221919908631,0.0154062352596823,0,0.00108580486666551
0.0679746919432621,0.391853105537999,0.0695815536639647,0.140492853944201,0.102609225010297,0.0673030463332835,0.350734180024179,1.2358819817247,0.631537774067213,0.808013490868216,1.76339397177172,2.35966409127933,0.67370396396647,0.972846487116316,0,0.962095327653905,0.55609362905166,0.197259456354096,0.117283498318485,0.352493898541238,0.317881319569424,0.203039681922988,0.371433300693797,0.10189537014252,0.0569493596303535,0.0708494775340708,0.209413649676735,0.0767833833643001,0.0824288817129822,0.45487656285961,0.18149398071762,0.0843135643019894,0.473902101809556,0.889912357101103,1.02791295246274,0.126845004779918,1.11164459274011,2.27855741024016,0.832261738328584,0.103026883580597,0.0547959277313544,0.359890321006103,0.234250371653482,0.791306512375963,0.166874466464031,0.395972109558186,0.0767967615745054,0.0933668614333186,0.058817720721491,0.143603143719387,0.0389768789054874,0.0368748051360339,0.0815414227914949,0.0507677329442313,0.0687112811201153,0.206684654044113,0.0452345379117282,0.0727747502940058,0.0876138305796393,0.094914197825535,0.0767459517629549,0.0676795271036964,0.108889177016952,0.115633734528759,0.0614881352422463,0.0567083727626391,0.069792473323728,0.0571135905299232,0.0117174804125457,0.038741353112627,0.0375162366119203,0.0407592488171413,0.0417295464393386,0.0140850057582829,0.237126308362286,0.0844172786830957,0.0839567164519257,0.0967456356056598,0.0994210757931777,0.0180079863957971,0.373375333515315,0.23676882135069,0.113324833597012,0.0949148609506796,0.0663258121154539,0.225561097096916,0.210846219450732,0.0635819130054832,0.0369247994490771,0.062316473499323,0.0457666560092036,0.0286863488527589,0.00307644744251467,0.0664145724030018,0.0122035951399631,0.0143562768338881
0.0228480157307542,0.369208536830236,0.0407766109772309,0.103721099219575,0.0794768152655285,0.0748678888258679,0.411701006752568,0.329891873016296,0.212347420091315,0.869500429376755,0.581214592204436,1.42655960332333,1.62471217402536,0.237515952072847,0.962095327653905,0,0.889917114566395,0.646089645708199,0.177287087764169,0.615140833961537,0.838402577395017,0.576222599382239,1.33029947779185,0.399876786010175,0.00742422890662085,0.0890219511219058,0.0485165477046962,0.0214050027305962,0.063442456738424,0.973873404102984,0.600137948676267,0.364370149536279,0.074535411705447,0.232784625917798,1.18552237337767,0.382151628243993,0.102322961025279,1.27811934621509,2.24702632642577,0.577454502889437,0.0432442589283433,0.52221223060378,0.34150098583593,0.352645641361151,0.29318541269858,0.669268146737515,0.193359885910069,0.274556144518146,0.00227857713388623,0.028357261404007,0.0332599922734028,0.00793883134829766,0.0097497571035996,0.0170244652138124,0.0372080537661421,0.0313542880402046,0.0105948255725606,0.00817569959609028,0.0123853984635309,0.0229746590848776,0.00886078980595895,0.00296026363865806,0.0260482326939259,0.0238488817632442,0.0656947140844424,0.0507153073199846,0.0246418969399405,0.020922769760797,0.0166522345238756,0.0251735674022889,0.00971238385163853,0.0364586335063757,0.00145454545214752,0.0241043139978409,0.064417041744293,0.0105954450899692,0.0368524848375004,0.136738908627967,0.155658995561384,0.0318506142897914,0.0314028934128815,0.0366168313986703,0.0732551064340571,0.0351437034572621,0.010140926775271,0.082131576680334,0.0228352600272683,0.0157527998440093,0.00466297997114756,0.014569573990139,0.0207698251132003,0.022714288380368,0,0.0105306471860696,0.00801322151791395,0.0104610405414593
0.394703019102443,0.824181073328774,1.26099581697777,1.56344806099145,0.511524553376627,0.44976151289817,5.91506389970516,1.49141795944507,0.400525345205455,1.94342522026403,0.42378448157332,0.883957617243585,1.23841986800327,0.190464487008581,0.55609362905166,0.889917114566395,0,4.02237850065249,0.731219759205458,1.93854148595091,1.76556840295235,2.27562172943863,1.70654395570155,0.557228762290624,0.00853312348051218,0.811527834490576,0.046183687100536,0.233024521006681,0.440267166766702,2.62756583855957,2.66463098836131,0.429594636789441,0.524577411544714,0.200977822381998,0.61605111278042,0.499214819400739,0.0686116981693591,0.459886965242135,0.824771828271448,0.484201486734229,0.233655122087545,1.76921488090327,0.617734215290916,0.538897845838653,0.237775649136284,0.881011842094915,0.212469775652772,0.361040276082397,0.0087541336062059,0.0729622691508219,0.309315756088244,0.0813847694964087,0.00722965435210731,0.0131911759483808,0.690540032335903,0.0285814688174831,0.0171318453743395,0.0278253801965582,0.00950173887551636,0.0175373184813989,0.0090126083675652,0.00785314717866224,0.0212637297035586,0.0179078130050577,0.902930971468705,0.514621066510096,0.131292597785434,0.0331416282083128,0.019539238957778,0.127064463400083,0.0045728867708085,0.0348483715485498,0.00917657607561531,0.305233185315213,0.0385777998515964,0.0833896777083174,0.19742211457449,0.641204696673844,0.809539224733958,0.0352125405203558,0.0586299218591043,0.0503568513677473,0.0505776301711346,0.0541526756719631,0.00841445893744554,0.0409632417925493,0.0248506069630832,0.00888032971474591,0.00840880281656806,0.0350982424640639,0.0301520807127126,0.0172123890193725,0.00960270617452963,0.0321012013927078,0.0139149341977569,0.0136482003822236
0.0443962084660231,0.185016623909619,0.214021164725512,0.210768384099395,0.0654109363477066,0.104420272920716,1.66765237117303,0.280994591361897,0.0828894696174415,0.32205980924157,0.190770870614183,0.333495217927255,0.736157717781105,0.0756454188834531,0.197259456354096,0.646089645708199,4.02237850065249,0,0.192170131841056,0.87132827589029,1.22751181099151,2.49878711256123,1.52311341682326,0.708132354065969,0.00718005836047311,0.287077207439356,0.00742611370225887,0.123172263063901,0.143609854597111,1.95019966767044,2.8968522079732,0.593152832593003,0.0711539017683591,0.0633102161989238,0.52309096017564,0.478822511836338,0.0307903381480027,0.253635447444914,0.724211641300376,0.481537230383455,0.0431636206333524,0.398891266768536,0.223878907024318,0.128306520680474,0.0887474546123602,0.222716307317073,0.294157941563072,0.367280888546299,0.0028399464674977,0.0457884397134976,0.110138632227295,0.0317268897544984,0.00107012602757355,0.00144687306555173,0.263379143148153,0.0203230895435227,0.00311414734507401,0.0100239380936207,0.00178719705600153,0.0118562064429038,0.00320884745779747,0.00404312927931796,0.010278389867234,0.0101400555484803,0.495036148151058,0.325083803843031,0.0529551022179499,0.0368292034015331,0.0107180077061766,0.101404523585631,0.00385148040954538,0.0497375225857474,0.0046425662704106,0.173781234500623,0.0242909473261378,0.0240233123758506,0.100940683895953,0.473458220059666,0.677663503176792,0.0504341362032199,0.0164973763156382,0.0427763946243296,0.0235671141372924,0.0497547068776337,0.0141758278026794,0.0209705595856056,0.0362444965110123,0.0077662322558075,0.00377284027418201,0.0391207268003901,0.0397479798138827,0.0068341649293889,0.00316932071154241,0.0279694353175687,0.021369177513415,0.0171817001828458
0.0253200103744518,0.14133100360626,0.0539099394347857,0.128618451428264,0.0319990713204465,0.0901025538083225,0.367230144659094,0.17864394514615,0.107813099568787,0.923979039027799,0.121751209566039,0.256572030126915,0.396744985139281,0.0275744222539148,0.117283498318485,0.177287087764169,0.731219759205458,0.192170131841056,0,0.657889584843158,0.29867074008184,0.146782711401165,0.196239303815475,0.0233602325409488,0,0.07483521515093,0.0122164541643043,0.010234834500873,0.0275327895723186,0.20144272330914,0.0907649740606595,0.0117413345025845,0.0518888982878489,0.0425359449849808,0.12461933453136,0.0269754531535701,0.0104967691142643,0.0901626118009052,0.1394972436496,0.0592621487370877,0.0251105576628833,0.451755747536636,0.310315274868723,0.215222447862699,0.137235544818034,0.445592435804147,0.0157937222032924,0.0170113434608812,0.000763816118706018,0.00300864526158427,0.0105928795348252,0.00892416234031267,0.00192349607115117,0,0.022972826196034,0.00392138103243618,0.00569757913518876,0.00218009149058856,0.00184190686444105,0.00772181523878158,0.00575859276850291,0,0.00110528330524136,0.00159233079986029,0.0214805281870136,0.00239497217486695,0.00666810078450396,0.00139607639212469,0.00296924770088722,0.00361087811952972,0.000856148352611899,0.0052004605585145,0.00564882707296613,0.0225135396817368,0.0105646440128032,0.00388733662747831,0.0209777935233666,0.0437011726440342,0.0358087526106029,0.0052300576354527,0.0107661016200359,0.00979466004553897,0,0.00603829093888275,0,0.00532846933590687,0.00818242870725938,0,0.00267558071642661,0.00914298631135274,0.00248208682665907,0.00389636675885967,0,0.00649638541206556,0,0
0.043369969525612,0.464713909671377,0.107187580482994,0.200818493228404,0.119986694201135,0.0835433414930277,0.81935074086406,0.470562843793468,0.294560420426817,2.80600057892499,0.296287464980261,0.929721400866874,1.49423580467771,0.144389671917937,0.352493898541238,0.615140833961537,1.93854148595091,0.87132827589029,0.657889584843158,0,1.11456943250866,0.513573170017269,0.747072730399572,0.174738772364346,0.00453660930554295,0.0846936150040306,0.0146772007841837,0.0261256732474986,0.0980624571895379,0.908603169528593,0.388883903488571,0.143898412004853,0.106462621644627,0.148034225315071,0.568564249517385,0.157767376942448,0.0505246752874908,0.437145367383498,0.511449225234743,0.180411400941198,0.0624418512127112,1.26043168727511,1.03752743854646,0.457532825804198,0.472233226952033,1.52859373584851,0.0732510108389112,0.0857112926775685,0.00421320283778566,0.0153804979081587,0.0415508437357872,0.00627570772074941,0.00500716041942417,0.00600743397805303,0.0529049511757446,0.0140941162725132,0.016446033262424,0.00301139659484349,0.00664011811707119,0.00408786186738536,0.0015123830544294,0,0.0141672737301921,0.0110279453299548,0.0710460405121142,0.0469171442987311,0.0190957401519221,0.00555129474122481,0.00249018571093945,0.0139065439446391,0.00292883198387327,0.0179611549980838,0.000909613765967252,0.0270192881804829,0.0229639645898962,0.0149926461895369,0.0226590932991829,0.0744131654434538,0.0880080972656012,0.00260354964959575,0.0227031969550066,0.0173334059821104,0.00387032005974683,0.0232853238008457,0.00353243914819487,0.0357349313862454,0.0254042645326894,0.0119029311240811,0.00587162268070122,0.00903417673535357,0.008696499493757,0.00161635310418295,0,0.0103196977688015,0.00578222461218453,0.00288366932234639
0.0307087862162005,0.263466777069867,0.101312433936096,0.158377092235471,0.0624018979495608,0.0895539020043155,0.796508425083686,0.304207929258038,0.146351677883966,0.717268064885901,0.279204915276889,0.664416497691357,1.48668721173375,0.132285646937062,0.317881319569424,0.838402577395017,1.76556840295235,1.22751181099151,0.29867074008184,1.11456943250866,0,1.04786896982038,1.35394919236024,0.297862842246612,0.000949954830983368,0.0835213981575622,0.0291440623891926,0.0277137948476839,0.0527914386607642,0.88843295780005,0.770915435336779,0.297957130478835,0.0670769991838723,0.0777901491900581,0.422180767448237,0.285051810654947,0.0464061940990435,0.389502373787514,0.725976999491799,0.375060618009962,0.0727715760746493,0.531935099162845,0.430826145413222,0.231399531119209,0.115762320637415,0.531539989233293,0.158908412959147,0.263097406348735,0.00233768953930314,0.01543304866399,0.0123961246736962,0.0132332747653557,0.00324861728530607,0,0.0505309780343954,0.0105171805134532,0,0.00674974416740652,0.00264613533994032,0.0194150543135998,0.0060658548483374,0.00191160536617489,0.00902770967846005,0.016775946499185,0.058494870973033,0.0498060489527988,0.00687778582468426,0.00656743733240414,0.0062948859587236,0.0307230895182022,0.00536315557555893,0.0104127192897754,0.00134851792052439,0.052263977968001,0.0104084849589223,0.0162047164727452,0.0176142753173979,0.119351488950638,0.14669196642975,0.0206473341616777,0.0197861940962759,0.0185103019188492,0.0236724070678802,0.0236802330745691,0.00152851516561314,0.010301699074705,0.0199100283548893,0.0129891621579684,0.00151743055081557,0.00330711575631765,0.00637567132045453,0.00107827480702159,0.00999217263000472,0.0133790171083024,0.0128558523866924,0.011733324701348
0.0325596021343349,0.118243930813768,0.0867710551888949,0.119896062375639,0.0451494153207664,0.0445501034654123,0.892124007803602,0.170706660308071,0.0570336047735456,0.174768929914407,0.122906120811756,0.204682419620328,0.616770198081014,0.0461178168511775,0.203039681922988,0.576222599382239,2.27562172943863,2.49878711256123,0.146782711401165,0.513573170017269,1.04786896982038,0,2.30404287473584,0.913743361901324,0.00422003323145051,0.0966430974480625,0.0115101215860138,0.0750256040499422,0.0712139935268631,0.900741786765094,2.74669039434465,1.48086457156741,0.0524432549933009,0.0562040168150361,0.31330451476736,0.51049894763316,0.0233181007004656,0.233910160235395,0.604059916896322,0.68880684861337,0.0328787302801703,0.163599287075218,0.133474501804032,0.0691078786578483,0.0475018724746781,0.150531031166367,0.243818486258963,1.16289637983207,0.00528073458937523,0.020614983510133,0.063935069439154,0.0283277828096784,0.00124196086057448,0.00247275407120309,0.129011650443907,0.00627933481863121,0.00069319787354671,0.0111770814340026,0.00536484352809056,0.0072282545740424,0.00296970924893533,0.000695363226012977,0.0117724790345541,0.0114818866738521,0.186839740649166,0.243134834079979,0.0232090197974443,0.033189803297001,0.011599023320341,0.335740292183012,0.00393237506643449,0.0633809867415811,0.00168513184278457,0.0561328305719307,0.00646493415403727,0.0228763055082526,0.054958768337291,0.229733655614849,0.729823302866259,0.170352391298991,0.00915771630860436,0.0193274185800592,0.0326896957801252,0.0555526738288208,0.00150476151316945,0.0256227555073026,0.0151546977602433,0.0186335053651797,0.000503123435814382,0.00955679034359873,0.00612723238516424,0.00789854756982522,0.00358098726053516,0.0121042633005122,0.0241282649279329,0.065881408061319
0.0235115296906834,0.173828375942673,0.0523767642522218,0.0986260977155838,0.0366815039717666,0.0661075152745682,0.7655133947445,0.233170834281661,0.100691906580416,0.302357571719745,0.268109992425127,0.373709277125283,1.22101634450783,0.108730312578719,0.371433300693797,1.33029947779185,1.70654395570155,1.52311341682326,0.196239303815475,0.747072730399572,1.35394919236024,2.30404287473584,0,1.76111278142756,0,0.0702983926706583,0.0279531595203628,0.0299471276566301,0.0535923684294288,1.16512733542162,1.74598996993672,1.37108046062081,0.0609038478353971,0.0675220671151125,0.599063938053131,1.16619778097974,0.0445495403131424,0.558888258722531,1.87648130623115,2.93737777404516,0.0278089908087945,0.305429648872905,0.196227360883439,0.132721151086619,0.0757032497607571,0.275160506302022,0.415400152252362,2.68129092031988,0.00438237874754584,0.0200080560261947,0.0278068817776415,0.0126524284905448,0.00274400066627283,0.00687790741263784,0.0647093565331097,0.0122210539892171,0.00093733281474058,0.00841036672686805,0.00233765812803258,0.0171261436144338,0.00794499143769573,0.00198107665573913,0.015034934303346,0.00959084318984342,0.113160079028536,0.113376242102264,0.0259767004354703,0.0233387474265773,0.0175083554954511,0.158663459707189,0.0380291403769018,0.165741165646785,0,0.0523925793184687,0.0140363533509475,0.00689414634977521,0.0381543136184695,0.19698210821421,0.360060324713042,0.129413144719726,0.0172238779048691,0.0222656216127505,0.0334112553207686,0.20636097261374,0.01171545627177,0.0103042085534861,0.0239790840039563,0.0909881458123528,0.00337531721649884,0.014132865720348,0.010120395549303,0.0157229337629515,0.00223839146366064,0.0144069492973302,0.0435844934809533,0.107885334478905
