0,2.19597167504721,4.9354594560174,7.85367019429974,5.13865773767747,0.769984632239552,0.464717536972268,1.47227856231156,0.0371630315827056,0.0334455226455371,0.0276636211433901,0.0432094196409068,0.0176348335767751,0.00523654341561802,0.0198010541562137,0.00851076161009191,0.182764676655663,0.134111339576955,0.022986518112823,0.0307151585636504,0.0413530041744511,0.11977241201748,0.0253305848308474,0.0314020035813451,0.771325823049674,0.662101448417763,0.557054154912555,4.43478503046204,2.16835373206246,0.381071646561896,0.188052532405236,0.0437071669587614,5.5581550092278,0.131596888267871,0.0492824456114371,0.113825033995772,0.0209350195384407,0.0326893470863694,0.0273762354503086,0.0581780031385009,2.70327555926802,0.253232475366494,0.0279628439406733,0.0306856442035555,0.0150997204350535,0.0175304175138861,0.00912055003455634,0.0103407345790295,1.49725251523426,0.088685325047479,0.920709277733479,0.224409288498319,0.0346571638161419,0.0273132146384482,0.26696433911626,0.0788709813625199,0.0149895805711216,0.0323383170312324,0.0197468228408404,0.0395016257526604,0.0256847637474011,0.0100757422159256,0.0182945977992051,0.00988379333212145,0.184785168701929,0.100004909993149,0.054192740945187,0.0566450340014123,0.0721624911606428,0.244490518513862,0.0302506711371715,0.0260518522590528,0.376218672219864,0.234976534677991,0.322083829665762,1.16215442027788,0.703872360213118,0.205199732157101,0.116836174413941,0.0233561372172281,0.256978855799382,0.0571300922319336,0.0382282501741636,0.0528681766772583,0.00817314939550726,0.017380988895411,0.0170602166023689,0.0174800766021481,0.0478972960645383,0.0798804206254737,0.0247011154199758,0.0104309993580497,0.00377735163288717,0.0191006354341971,0.00685995231519134,0.0238219191936581
2.19597167504721,0,0.370562305357675,1.7086294835896,1.29270982638834,1.64206971190709,1.08484552577827,1.81965145161506,0.637820639940251,0.616255295875531,0.444178115735001,1.17674996339249,0.484405787032652,0.0340604463701555,0.245669593298387,0.207794513500149,0.966581839505171,0.347575802860878,0.378637390630267,0.407391350500401,0.366905458738468,0.3366579127882,0.241679917906607,0.165355720603165,0.245012478602122,0.35377540544028,0.756457429377063,0.89817086637679,1.16800377384163,1.02906676588803,0.489102866962545,0.125437292073454,3.26202757612779,1.34113519743952,0.530288550323234,0.542936563647459,0.131671262749499,0.261452441221187,0.496241856111107,0.187577373778522,3.3986762186022,2.05447134512646,0.665448982494486,0.68659054601517,0.419016306771177,0.511610761884352,0.0918373647173673,0.0478094690248019,0.138620949985265,0.163786912407158,0.0398946713210246,0.06384874506043,0.0473378332024736,0.0818099951052814,0.0996338680423719,0.112409490659067,0.0768563708981759,0.0815212868326783,0.0564735252296342,0.0994330015897678,0.071122795097203,0.0605784077996282,0.124372364767709,0.077211315747749,0.0964364877402397,0.0637649519307749,0.0688538405131615,0.0640750675496324,0.0729033713219417,0.172611908695861,0.047808016351201,0.0644646111087679,0.262184964535432,0.0664180899282125,0.549260796215985,0.17528539475779,0.342103362514656,0.262346124952829,0.101969004435639,0.0564103701777703,0.325330705795275,0.123525518707061,0.057362328136015,0.109700669358331,0.0468510943223501,0.0724186103136609,0.0681855002366422,0.0483842909715733,0.048778326803537,0.121678247566526,0.0363272262902582,0.0338156974623727,0.0208586905055229,0.05431864629431,0.0257784412781411,0.0510705673435773
4.9354594560174,0.370562305357675,0,8.70702938165809,0.271636111398275,0.538126773022382,2.63342180522476,0.0549524550374479,0.0640191859201262,0.068330831050405,0.0276800566327326,0.123161484901052,0.0770927086525561,0.00204777823037225,0.00908894362427233,0.0120894962724971,0.963018290872625,0.867638579990642,0.127867426486498,0.128573080328292,0.221123983187174,0.312408628619883,0.049186690101644,0.0501311438208524,0.0285508922957551,4.89869307895316,0.0582737047867578,2.22701776847356,1.04006323994788,0.954183826289603,0.584622617869133,0.0657795268894576,0.209892527142955,0.0365600667073058,0.0360844213802283,0.093728515067414,0.00253335151743184,0.00611468325762387,0.0147251851744952,0.0491010856674408,0.333192293766675,0.189896568028862,0.159405448498326,0.0413428968996863,0.0269454905709097,0.0641478886371635,0.0387992448905113,0.00822689766754497,0.50601504647521,0.0489470179590293,2.21217090338566,0.20938743186337,0.028535184656592,0.01650850117873,0.524882494826381,0.0250910479264126,0.0172086530375201,0.0208529617395768,0.012798300816578,0.0166687703089087,0.0214300340367361,0.00608742225233338,0.00918126773253545,0.0102371277789121,0.414293415595486,0.254848199296922,0.074215132489699,0.071843837111499,0.134579877075431,0.411040618894351,0.0316781145557008,0.038693284541904,0.0613935919470724,0.783753280170123,0.0477540575511873,0.862110401286402,0.351235125045864,0.256222625129281,0.198793718711836,0.0312613389664698,0.0722361595974583,0.0248616126912933,0.0300511945735336,0.0650562245997523,0.00441753900741167,0.00845050285303087,0.0133650007073976,0.0166229127505171,0.0319961421798615,0.0618659486642954,0.0288464956543615,0.00636118579860158,0.00303178415028828,0.0133746531886821,0.0157369415127381,0.0334366975361188
7.85367019429974,1.7086294835896,8.70702938165809,0,1.99494940613577,2.38660786236414,4.37153874143103,0.175900763155477,0.275890733121673,0.275475374442489,0.0824934145975646,0.43450916187316,0.228869123013239,0.00286270407646261,0.0107876323671551,0.0262618964150654,2.14909795243461,1.66908272397156,0.522273226377883,0.415635097609955,0.615354971850919,0.571264172708954,0.0819321477383089,0.0531211630147772,0.0385368641010297,3.04450411375958,0.13085939048954,1.47585817814308,1.24054294235778,2.42910359980723,0.99531334489376,0.100238679338002,0.727604783850875,0.150572483381539,0.0507686912782551,0.144360662731088,0.0081041192657587,0.0179010212976933,0.0160917756893326,0.0364547504034206,2.051038701097,0.946696987212342,0.606272280227807,0.159861258223731,0.109889980468643,0.256278483615032,0.0962618479161248,0.0186345601368076,0.0241063485890314,0.06283414676256,0.0334356874415387,0.0089488629996229,0.00685164328555822,0.0132483794257311,0.192985899097425,0.0191938871593147,0.00937093738203148,0.0214378430486429,0.0105393397458833,0.0246795539876903,0.0261655575866856,0.00610043521321525,0.012814100983751,0.00948100197387269,0.241433452611763,0.191131931044779,0.0618803017800199,0.0528626656781869,0.100894825113769,0.414772358589915,0.0320512763936102,0.0511220157120746,0.0275026316725095,0.143785150847899,0.0712598969286271,0.0334535043925813,0.279697702990343,0.483171411320072,0.25351070596733,0.0323123496961608,0.0460493678476653,0.0260110097347788,0.0300285804312683,0.0734546282395632,0.00462775281691919,0.0174883643681703,0.0200778348656385,0.0164236549221123,0.00671510350768716,0.0313226357461514,0.0270420623259679,0.00978380875606856,0.00198859045589417,0.0108148208931078,0.0131503736747246,0.0275951501525342
5.13865773767747,1.29270982638834,0.271636111398275,1.99494940613577,0,0.999248805838844,0.218870590584237,0.0953635657440809,0.0804271836398609,0.0456483636892614,0.0241243318747762,0.053926096703536,0.0351591789440263,0,0.000928841579170885,0.00344750044566966,0.150668265556648,0.104021910951277,0.0474233238188496,0.0540566729572719,0.0577837773722581,0.0445408887560973,0.0141360946905504,0.0164464028498411,0.0357766794255521,0.259175208869601,0.0567407037886415,0.323585861017587,0.32426289141573,0.187593768756256,0.0535041353974205,0.0176549307553293,1.34991295204985,0.0140495607774666,0.0149452371690146,0.0239786414770392,0.00130032539303238,0.00351978633500213,0.00297880032599109,0.0129972387621656,3.92588452368976,0.315958362331068,0.0503859530283999,0.0393790445375292,0.0338296874347148,0.0470773148823057,0.00411524254990114,0.00134361577614603,0.00549159521002557,0.00281611143045147,0.00566641042930324,0.00126774034397537,0,0.00431867920821996,0.0132313046598458,0.00262990415927783,0,0.00616879965305031,0,0.00800058473183662,0.00680231415121886,0,0.00851010987874547,0,0.0189101894940079,0.0133013002323959,0.00741255570056345,0.00700134820498105,0.0253695308422923,0.0286920344963047,0.00254393961369864,0.00704085658137349,0.012863723507164,0.0117187143969544,0.0264343153366991,0.0180659497772101,0.0895967525507318,0.0816413040407686,0.0144550269798488,0.00298339286399546,0.0193167291465554,0.0077214395498152,0.00175974117445205,0.00771001975257272,0,0.0038330143005452,0.00369378868174469,0.00540926572840921,0.012084029908379,0.0120850000390109,0.00550579970148291,0.0088267804233671,0.00319351567828344,0,0,0.00215432561081749
0.769984632239552,1.64206971190709,0.538126773022382,2.38660786236414,0.999248805838844,0,1.47477856053408,0.622155701324447,1.34011901617161,1.09556162804396,0.347575005928349,0.572127756078596,0.339845283140273,0.00951190796513099,0.0410165553434929,0.0588611456088455,0.876746794515106,0.498005900494255,0.388503903283957,0.405031565883688,0.443811346503735,0.2959634704894,0.197673738619817,0.0375507685519511,0.0609355921852275,0.556017413698791,0.229721622357326,0.363134777932687,0.535809503041775,0.836936018415451,0.276365657505873,0.0416551963101925,0.680063090570505,0.440366659224736,0.103888351325653,0.081205667578501,0.00698409909231879,0.0484949616740191,0.0685605466584044,0.0435343249075139,1.96414333227736,1.53670389897088,0.561120063487335,0.521739456265355,0.300253897791581,0.742659650087213,0.0945793006538067,0.0111840424488238,0.0443445150776201,0.0973337492702453,0.0367549224670713,0.0339803365851132,0.0202879884813895,0.0585509341040598,0.0904458958793317,0.0738106346039441,0.055292293996276,0.10062768471997,0.0496760636917535,0.097965522273129,0.0463329026269213,0.0202848726551399,0.0655138659105261,0.0129530961172419,0.0941931728359075,0.0693115914538189,0.0717326860399381,0.044414755787015,0.0744178168274248,0.0981032944229743,0.0272556771807622,0.0243430313394867,0.0760508761577737,0.0555897188278378,0.189341201258969,0.0883025366663994,0.270572430512402,0.176373967160704,0.0766402119580697,0.0187673698248006,0.12989141272186,0.0709886476799726,0.0297463701856966,0.0366185154911747,0.0410288613011935,0.0288815095847021,0.0452413097948886,0.0158574133020571,0.0259018173067912,0.119835677355124,0.0524798526228848,0.0426294152669201,0.0127512067113549,0.0575131780079639,0.0129935034981954,0.0130425472698906
0.464717536972268,1.08484552577827,2.63342180522476,4.37153874143103,0.218870590584237,1.47477856053408,0,0.331670910923804,0.394604582362686,0.564048170937002,0.170685565999199,0.590750219579678,0.344384180768845,0.00366977153507467,0.04095972484156,0.0600142748809261,2.71523955090474,1.81196370714864,0.534449080468935,0.558154694856995,0.665750789661549,0.856446851942386,0.159397220584911,0.100456589795746,0.0493200696720976,2.04693783765688,0.152463330124539,0.230857765916845,0.41373702848173,2.54355118747552,1.4099098556982,0.151836745346424,0.292460311109042,0.275011822821434,0.0855296350343786,0.235046989644698,0.0118962632074986,0.0348765951801471,0.0406381422887339,0.0971360172716442,0.257993128873265,0.999956581275821,0.574028144505694,0.234452621325321,0.150704525942838,0.527241447261535,0.103773072852685,0.031327072304569,0.0763917120334492,0.0809104837634698,0.0740859348870677,0.0392854912198211,0.0188731962051425,0.0307984001396013,0.356622422054114,0.0623603840196773,0.027813380861693,0.0569795047869706,0.0372601485684665,0.0716130976774845,0.0473593548397866,0.0153341577060226,0.047449690099153,0.021986187905144,0.422093706439882,0.245828994014796,0.0826115699923701,0.0764314488802655,0.147228728921215,0.700079581404726,0.0785354447223892,0.0814969235918488,0.0519543882341727,0.105377944847729,0.137586162261605,0.0683595878088299,0.159579972033578,0.625799529275966,0.416801430753348,0.073240483411579,0.141180209223103,0.047043153700713,0.0458467946003982,0.127858992677606,0.0116062642636233,0.0316606916933942,0.0294301693204859,0.0265662065978058,0.0219787553949479,0.0731279760479556,0.0368306184662236,0.026968532780637,0.0117857312991774,0.0391735904379477,0.0325806207892148,0.0590080946711165
1.47227856231156,1.81965145161506,0.0549524550374479,0.175900763155477,0.0953635657440809,0.622155701324447,0.331670910923804,0,1.75798094335388,0.512108976477677,4.40443796823972,1.7981067515215,0.302539716059318,0.45137944939142,1.39163475719543,0.294688993645227,0.278253418246931,0.113975703644464,0.0895305085302753,0.141579404675722,0.173438367302018,0.258924115836212,0.227284367277375,0.0839985434801349,0.250790216012705,0.0715247411827823,0.487366305036646,0.175286963333467,0.264167061126397,0.262149556391062,0.177798370909701,0.0739099353493049,4.88551834941271,3.27099199511487,0.570571505945238,0.43465132019503,1.24391689314653,1.92173719972102,0.942543685814003,0.195317565680116,0.151801263621706,0.540269296252401,0.132059017590563,1.86646090713517,0.153953516309362,0.17904822144997,0.0300894616286508,0.0522237226480836,0.0467572090093296,0.0458159630403847,0.0114360633227997,0.0138494890586881,0.0104112998618018,0.0179674547862055,0.0327976151750539,0.0678975564525324,0.0149824624002521,0.020047659811146,0.0166684689449446,0.0227116214956342,0.0223426918775445,0.0222540895616033,0.0375267245361149,0.00996031919889273,0.0242950834018894,0.0210876430501887,0.0119727358823066,0.0126209767911547,0.0233669905445318,0.0580992715201988,0.0267002819713986,0.0269851580149416,0.111079154274315,0.0282636233822611,0.252764532784737,0.0354406556998304,0.102501139122051,0.0857035413735465,0.0353501574645953,0.0219377206288058,0.129567195459994,0.107554650092511,0.0353600690149549,0.0436394239173716,0.0290316458054574,0.0288076454719165,0.0261573956237423,0.0178877133376597,0.00911540465770958,0.0355705812105916,0.0192133017671952,0.0125699628136049,0.016643267792283,0.0142878441805423,0.010265979761796,0.036472015861719
0.0371630315827056,0.637820639940251,0.0640191859201262,0.275890733121673,0.0804271836398609,1.34011901617161,0.394604582362686,1.75798094335388,0,0.712045150682624,1.87619183988677,1.26245789095493,0.351959365251832,0.130898834169823,0.71612890288388,0.201326331385453,0.255745259089937,0.17722837424706,0.186885076062607,0.211408101396536,0.234008634234118,0.159683323464697,0.137091098871345,0.0626619246095742,0.0429758036557001,0.0717879419053929,0.108351558289385,0.0489475147286051,0.0856284562612195,0.187382989583772,0.113789624414551,0.0754048305354047,0.209809141281324,1.05939912325886,0.454763003301496,0.245492656359053,0.390790038698018,1.07620873893217,0.567300052475526,0.0715845203160933,0.298718417098552,0.633432210372908,0.265078444200218,1.24568844620387,0.243314920793773,0.455704621995274,0.0939439611667962,0.0315973368243299,0.012843823450603,0.0576084061782192,0.00826049973671975,0.0121726196845388,0.011306570472476,0.020186229976493,0.0268152391652193,0.0315683369243489,0.0455739517104831,0.0392352800205905,0.0375979168112511,0.0447899179501662,0.0349508292992179,0.00473456539566453,0.0326719351036592,0.0099592002082527,0.0239252241987578,0.0250294232473892,0.00667166248914475,0.00853694039550074,0.0270405803172596,0.0317569654834939,0.0206216190372048,0.0308824655939731,0.03681196826176,0.0219181994037084,0.0916396907866175,0.0246787926321387,0.0450421321591169,0.0486908407237396,0.0270839294237013,0.0169119657296046,0.0412416421604293,0.0426637994676678,0.044223017253968,0.0324725330029815,0.02257422500624,0.025129891321823,0.00985628141233844,0.0146324480280667,0.0129412279867462,0.0377524691415213,0.0237031422698425,0.00942765695303474,0.023770775387186,0.0143665421820291,0,0.0250945552855026
0.0334455226455371,0.616255295875531,0.068330831050405,0.275475374442489,0.0456483636892614,1.09556162804396,0.564048170937002,0.512108976477677,0.712045150682624,0,0.79640473854654,4.35100413711377,1.47741625566841,0.0317583382163809,0.461001735452863,0.562155174256877,0.517039954481243,0.42359139310205,0.706666737993532,0.776719248229075,0.752871092068116,0.405637336493293,0.452022048228669,0.143192866034156,0.0303726736762002,0.0522093587245859,0.0923933255079902,0.0193926988321877,0.102703034590349,0.685378414016057,0.456138887194922,0.069193466616108,0.146440401755486,0.399279443032229,0.511434438928313,0.483560636186356,0.0724482033162057,0.410102973104905,0.73201532966444,0.205760115034726,0.162442640837858,0.678460076908151,0.884621069947191,0.781629950108289,0.52615351060347,1.05440635089526,0.226395018870779,0.0188671448655532,0.0136635053132617,0.035700258293033,0.00511614962617023,0.0090672283203119,0.00886851654820428,0.0114026708953621,0.026178380602945,0.0188240570476779,0.0312902858284132,0.012933370748567,0.0167290151480523,0.017462715359195,0.0213489516358748,0.0153277995513297,0.0211541217970492,0.0185730756740531,0.0155428430490568,0.0190261013421691,0.00955670955874414,0.0139443772082812,0.0158098196227453,0.0430927565282361,0.0108477689902107,0.0193870980499211,0.0152371976630803,0.0130126181718517,0.0859703806246484,0.0100651621161393,0.0410326082159188,0.0756027548127151,0.0415144212859486,0.01477053911392,0.0643964300183526,0.0215446663683447,0.00944362965552969,0.0438558765285615,0.0111519070425878,0.00877512976630128,0.0108432655815512,0.0186337792155754,0.00861800453932693,0.028873338768367,0.00529942659546422,0.0117698651208996,0,0.0320348543997068,0.00676255888970179,0.0227511854932501
0.0276636211433901,0.444178115735001,0.0276800566327326,0.0824934145975646,0.0241243318747762,0.347575005928349,0.170685565999199,4.40443796823972,1.87619183988677,0.79640473854654,0,5.44554202741773,0.762314432367546,1.23678979625843,3.2394126118055,0.577792270201246,0.12363736606395,0.121991149566507,0.165135553188084,0.236600351004034,0.335926416609143,0.243153047029784,0.334483546675609,0.0918173134683807,0.012597254504689,0.0282947289972607,0.0703208904927016,0.0195396309924592,0.0287849555165196,0.226915417836842,0.156616904799157,0.0604235616501587,0.297826555717098,1.15619108536797,0.591909871824453,0.335307687891506,0.888377314697889,2.5102088233414,1.40013231080424,0.161687633801965,0.0617967554406368,0.201797414915293,0.215991711740127,1.55824737705849,0.245623787584232,0.373919649022485,0.143904183023037,0.0314491586895346,0.00416374577831659,0.00719405229826359,0.00163081692281843,0.000413818741925333,0,0.00734813445631727,0.00794790669022786,0.00282842123696703,0,0.0149761200808923,0.00987371896587347,0.00209750768178427,0.00264775664166172,0.00446560232822782,0.0027340523238818,0,0.0065425280603441,0.00549875922384972,0.00348027436700456,0.00559484441503283,0.0073251271284128,0.0255991812499784,0.000680552529125217,0.0189041369225188,0.00474058307880777,0.0133563038787191,0.0220475757599015,0.00553438649459989,0.00646147770080865,0.0332496160494563,0.0185945480177949,0.00983098876538147,0.0162306813647075,0.0185331756683573,0.00273602300115303,0.0139930194182745,0,0.00721899183691699,0.00312756598106456,0.00862146834627901,0,0.00474839028327523,0,0.00356373305220187,0,0,0,0.0130779610438574
0.0432094196409068,1.17674996339249,0.123161484901052,0.43450916187316,0.053926096703536,0.572127756078596,0.590750219579678,1.7981067515215,1.26245789095493,4.35100413711377,5.44554202741773,0,11.6854571611873,0.313496344267996,7.9470834212871,6.32427985927344,0.651783907320008,1.05085678586722,0.637658273162465,2.52041156499282,2.93167291683578,1.7398863553573,3.4793565521583,0.583992126273826,0.00520176254820673,0.108152661436512,0.076784314678953,0.024504547638065,0.079593234455819,1.95022686095219,1.78543237292795,0.326819616003366,0.228653476413436,1.19985156867503,1.47323992698828,1.74966678824231,0.294498446501138,3.70642797359488,5.86146059449933,1.15849155988722,0.0928275395104632,0.564829866539348,1.46054135666686,3.53908935390416,1.06830679936961,1.94680848914074,0.936644768138404,0.112871595994157,0.0046727111583535,0.0302811492527934,0.00206585379288329,0.0052959460484321,0.00321484285555174,0.0037413719623159,0.0213082420920593,0.00794904775260533,0.00275020265822823,0.00689178091903919,0.00300347367063139,0.0123998234937682,0.0218710053541618,0.00260207710432471,0.0108261576107416,0.0100812842770146,0.0330626495388654,0.0302516743123558,0.00669273149352627,0.01307325050854,0.0182198704196441,0.156139271442164,0.0212998973184558,0.0767770088796754,0.0136932804212789,0.0371545864391385,0.0444981007807303,0.013694659895973,0.0498416612306083,0.14457285238662,0.110383145617575,0.0670761216342002,0.0251425776477089,0.0209780705452934,0.0394538159279129,0.129255694685634,0.00488431411093723,0.0041129919619895,0.0121572358953324,0.0182942029219307,0.00122882431411085,0.0197994515159863,0.0138474233420743,0.005881285178659,0.00189708669803687,0.0147287702179913,0.042343809274554,0.0518627145239653
0.0176348335767751,0.484405787032652,0.0770927086525561,0.228869123013239,0.0351591789440263,0.339845283140273,0.344384180768845,0.302539716059318,0.351959365251832,1.47741625566841,0.762314432367546,11.6854571611873,0,0.0373701498710639,2.18399655421733,4.25039919407806,0.399357750218161,1.06126719915941,0.357210336318052,1.86760209679309,3.56743175688272,2.89148556671762,6.63884678755207,1.00127015300832,0.00536356574320685,0.0694785152405104,0.0519335925845373,0.0282089584314419,0.0362948249482677,0.99705429858519,1.30914546681878,0.391656955256332,0.0686531012514355,0.248559968964625,0.624206000333794,1.44889431417597,0.0462666644250106,0.875278218760692,3.0476938403863,1.6652925598723,0.0554119528557756,0.254425237423819,0.758305759811839,0.921250186307322,0.389293293463363,0.766936605065797,0.905982890468775,0.201752218761154,0.00388608150179854,0.01705587732395,0.00416949152920214,0.00248250665114483,0,0.00823029677844932,0.0351096104110472,0,0,0.00851383486412841,0.00442243865117048,0.00818522106014695,0.00621044442696661,0,0.00683230259440091,0.00425695189053513,0.0213802393336344,0.0217262540159324,0.00957469422192547,0.0105749482949353,0.027834135866279,0.130223348916714,0.0166336903961506,0.0439493610900184,0.00245384773640684,0.0163172761135016,0.01534683434053,0,0.0271805407553285,0.0916347189874488,0.089026472905127,0.0776695274175235,0.0139038198199245,0.00669560795749076,0.00327748349171569,0.0656160190737048,0.00262229470962393,0.00434709833533964,0.00541047686125954,0.0175003126391086,0,0.00734570649072548,0.0132809668407202,0.00660868947206988,0,0.00749576251640562,0.0216704241005621,0.0557354483899625
0.00523654341561802,0.0340604463701555,0.00204777823037225,0.00286270407646261,0,0.00951190796513099,0.00366977153507467,0.45137944939142,0.130898834169823,0.0317583382163809,1.23678979625843,0.313496344267996,0.0373701498710639,0,0.411889220562198,0.0564819226743274,0.00237344469160354,0.00462154903895048,0,0,0.00757706020403266,0.0132356683598868,0.01067602433635,0.0144186729244759,0.000829516867940749,0.00505033085017783,0.0101437694007056,0.00210203708278089,0.000738915819098233,0.0154586835137033,0.00782960328256132,0.00616508742099997,0.054068588237476,0.138160943552744,0.0444450455736815,0.0287697403662482,0.196563951510315,0.254518629670469,0.120728699529453,0.0367997348972869,0.00542578456876965,0.0201904361471427,0.00583507489334129,0.179735613346156,0.00648950749360666,0.00300668268804036,0.0114053291544831,0.00422129728453913,0.000375807096951626,0.0034278336605533,0,0.000636631070262225,0,0,0.00202636076816145,0,0,0,0,0.00163842799610645,0.000944536973952095,0,0,0,0.00122878731518405,0,0,0.00156994745799575,0.00152516702557415,0.00434766746007569,0,0.00179137430341411,0.0142731906293573,0.00394286151477796,0.0132987233250227,0,0.00402484650778352,0.00351635121287505,0.00203244247215291,0.00336098665673426,0.00207067816846755,0.00161682111506723,0.00906859219054357,0.00546632693320431,0,0,0,0.000629298769269662,0,0.00332519578057999,0,0.00156831712911865,0,0,0,0.000398124528005464
0.0198010541562137,0.245669593298387,0.00908894362427233,0.0107876323671551,0.000928841579170885,0.0410165553434929,0.04095972484156,1.39163475719543,0.71612890288388,0.461001735452863,3.2394126118055,7.9470834212871,2.18399655421733,0.411889220562198,0,5.81262446250829,0.0380526772876461,0.0590521962835364,0.0337756511235682,0.174651290715319,0.265839933270745,0.235245945863043,1.07924608528106,0.130723032486902,0.00844459317643427,0.0139692114229167,0.0371067827161823,0.00612147408366265,0.0273208558772447,0.127108449003299,0.14912574189081,0.0739469760291864,0.132761525406734,1.54012980938207,0.771427006521515,0.431130417469414,0.459196258491833,4.71692550301611,4.04258523505633,0.651789010837125,0.0102936959327824,0.0510722657812084,0.06778787969135,1.51159637205,0.0543612568692282,0.108819728406541,0.0745034253090961,0.0425127129988318,0.0016644950114387,0.00998906250433725,0.002746433638927,0.00187163335424803,0,0.00191797672620525,0.0112462380489716,0.00194380314471501,0,0.00130530243448589,0.00272179027501103,0.000947755609051054,0.00290623505476722,0,0.00667691888699173,0,0.00867123859736526,0.0036752161706422,0.00314397347194119,0.00636096063284482,0.00880072569213858,0.020082049473576,0.00715473856072262,0.00426035478024606,0.00594499561065638,0.010057314481478,0.00808261444218079,0.00496669722200188,0.0138903525748207,0.026345621436997,0.0173110109418204,0.00552343175705072,0.00597277547052933,0.0170502047482171,0.0176447106963482,0.0241832702146008,0.00152779971056792,0.00288826628024725,0.00207713655266173,0.00713718312511361,0,0.00348529155304206,0.00960942736182946,0,0,0.0030406688141508,0.00836630883554015,0.0162190102097934
0.00851076161009191,0.207794513500149,0.0120894962724971,0.0262618964150654,0.00344750044566966,0.0588611456088455,0.0600142748809261,0.294688993645227,0.201326331385453,0.562155174256877,0.577792270201246,6.32427985927344,4.25039919407806,0.0564819226743274,5.81262446250829,0,0.054481672574061,0.140956535933326,0.050212581419975,0.275959387703917,0.558210949711275,0.520117977194223,3.38483132055465,0.239759050980242,0.000880480352025426,0.0331612736279938,0.0132033210167766,0.00972720624595688,0.0161805759152953,0.171644576706238,0.210741098573161,0.0735941815191138,0.0415429548556783,0.318681491795668,0.720066124846929,0.74810619863972,0.0826240582008172,1.85742995041685,4.67933950483687,1.54887115392005,0.0204610988904922,0.0527961797138955,0.0921561616041093,0.975593662183852,0.0746484435802397,0.153174958913633,0.0988353338551221,0.112901203467488,0.00189838820628078,0.00345848922484146,0.00181647367076432,0,0,0.00100028402241013,0.00705555263666247,0,0.00453540092806719,0.0051940251015057,0,0,0.00324074010549315,0,0.00572248180964594,0.0018030755481572,0.00640776371130274,0.0117110380971695,0.00368605121100907,0.00358615782107208,0.0125700635624884,0.0254961321117035,0.00550602811920122,0.0080640318392935,0,0.00575963968434662,0.00436340373706953,0.000706854268922582,0.0205262878384471,0.0206560024144946,0.0197289050886527,0.00618404016996144,0.00282444693045147,0.00370282070119764,0.00188982532394411,0.0239552547448156,0,0,0,0.0105105123293346,0,0,0.00187333989404653,0.00339246303004342,0,0.00350577943041706,0.00711226915045765,0.023892025702458
0.182764676655663,0.966581839505171,0.963018290872625,2.14909795243461,0.150668265556648,0.876746794515106,2.71523955090474,0.278253418246931,0.255745259089937,0.517039954481243,0.12363736606395,0.651783907320008,0.399357750218161,0.00237344469160354,0.0380526772876461,0.054481672574061,0,2.24162859775515,1.93869411644215,1.09657098536112,1.07812073361845,1.24383681900617,0.21669662260383,0.0602981124740221,0.0230919283760341,0.523252173174921,0.108029226506741,0.121888211358957,0.196759307336213,1.46948702653299,1.37973705661197,0.1145955414468,0.25009399465453,0.245066556097227,0.0900301138835915,0.1240036451115,0.0101509676217826,0.0187255388324072,0.0312207996580033,0.0477215053361549,0.156625904925077,0.80581622032694,1.71077439469646,0.188152943236279,0.16318144051203,0.401843843107838,0.106100987852282,0.0319362071131731,0.0445594248295562,0.0574891077559801,0.0297825375262647,0.0239755457715553,0.0146826853543039,0.0174415417558045,0.117219870720377,0.0343355038702636,0.0195884665510608,0.0342803039663673,0.0228670766629279,0.0445367395343311,0.029029995174738,0.00528478054829867,0.0269340783604019,0.0143896898040802,0.208384421967225,0.182123408327587,0.0274798980598678,0.0498761642922429,0.0812694934114987,0.413479861227843,0.0345937731940792,0.0511014514361541,0.0390450077193227,0.0537120009113529,0.0882036260052265,0.0408812524039154,0.077727491161621,0.201153897963226,0.276900336251537,0.0663479603049796,0.0795433017328615,0.0329391023358356,0.0278302722533944,0.0739196761343513,0.0110435225439818,0.0153569369693074,0.0175710468100911,0.0325399061749721,0.00710056269375139,0.0341851161300964,0.014627435474423,0.00820885006407416,0.00709536433531644,0.0150567141434988,0.0142425089385643,0.0406902314751317
0.134111339576955,0.347575802860878,0.867638579990642,1.66908272397156,0.104021910951277,0.498005900494255,1.81196370714864,0.113975703644464,0.17722837424706,0.42359139310205,0.121991149566507,1.05085678586722,1.06126719915941,0.00462154903895048,0.0590521962835364,0.140956535933326,2.24162859775515,0,0.77421527385796,0.840843035247686,1.70255810899853,2.87307360827014,0.499458398919465,0.295850163866615,0.0181152204020337,0.575074092944597,0.0583523211490199,0.117198456511413,0.14743053644534,2.03719328750277,3.30794911445296,0.808636639666813,0.0992593369424271,0.10112744757115,0.116275291713528,0.337931323321111,0.0132768046714136,0.0385140712247838,0.0748221276902919,0.108043023118847,0.127682484972783,0.307513306131359,0.881483575845038,0.155950832855485,0.140319120737037,0.315385934686676,0.364766790580546,0.0895582342560316,0.0175631279259874,0.0215754090866046,0.0211140900498445,0.0135539152181546,0.00662776145788496,0.00843951103652544,0.12750117523605,0.0118137192892771,0.00394191943168705,0.0147309589421733,0.00339825353180401,0.0135115191658668,0.0341677052261458,0.00225506470595188,0.00800197932315387,0.0102680761213641,0.215796473908521,0.261663208553132,0.0721792073270908,0.088723384170715,0.250027644246394,1.20291942604519,0.0768127167703623,0.173130399131783,0.0134369706918271,0.0986395581917658,0.0349304816013872,0.031468231494067,0.0584309714614454,0.389990320683024,0.670572824024722,0.226005801279751,0.0279818564931817,0.028179013478449,0.034618777490717,0.166256530894979,0.00593670860004994,0.00799327286426258,0.0187208794782515,0.0361927841227487,0.00856952589373594,0.0238950570682012,0.0216964112105968,0.00439936590660481,0.00471059339100126,0.0172285828895918,0.0690027595449562,0.107669553050288
0.022986518112823,0.378637390630267,0.127867426486498,0.522273226377883,0.0474233238188496,0.388503903283957,0.534449080468935,0.0895305085302753,0.186885076062607,0.706666737993532,0.165135553188084,0.637658273162465,0.357210336318052,0,0.0337756511235682,0.050212581419975,1.93869411644215,0.77421527385796,0,1.24123176238981,0.958062147504904,0.421901575485131,0.165721409122092,0.035330872149492,0.00924215607175273,0.104834408344642,0.0528207500230453,0.021605019567891,0.0451579804348998,0.615657285039344,0.327518538884441,0.0494255335016256,0.105165815788501,0.0748110694116295,0.0563689838280038,0.0396266344499226,0.00625741946406078,0.0140927739647725,0.0138404655191417,0.0183407880371423,0.0884571135106938,0.450887510462535,2.7385706281046,0.14756474463137,0.18818272193777,0.459077594605516,0.0963396756471111,0.0159092028785395,0.00833320598140865,0.018905958761632,0.00390834163150141,0.00337382795978215,0.0134059124629759,0.00757191200177256,0.0153526452188104,0.0071914687198907,0.0140431815053679,0.00163578279664089,0.00357486787294526,0.0137170393869008,0.00298912711085564,0.00156976133041937,0.00340019096848682,0.00673344910498974,0.0244047906120108,0.028631666382027,0.0116430757312318,0.00728767254622653,0.0102221569756166,0.0449081251417919,0.00516215383377493,0.0133407347300507,0.0208046329056576,0.017009333875499,0.0249308607131367,0.00887361955818897,0.00782736605253652,0.0619897616298637,0.0283166085725878,0.0147943165858468,0.0133078530495456,0.0146014583809693,0.00600153638702423,0.0121384197250914,0.00755900036380606,0.00451544293874999,0.00386802720836869,0.00642028001534838,0.00753481242224976,0.0269694365714869,0.00429835968858999,0.0013918427827281,0.00125390714669346,0.00745090437453674,0.010235327090273,0.0180076513461605
0.0307151585636504,0.407391350500401,0.128573080328292,0.415635097609955,0.0540566729572719,0.405031565883688,0.558154694856995,0.141579404675722,0.211408101396536,0.776719248229075,0.236600351004034,2.52041156499282,1.86760209679309,0,0.174651290715319,0.275959387703917,1.09657098536112,0.840843035247686,1.24123176238981,0,1.6107772348035,0.93499948189057,0.593694025587113,0.119391450507122,0.00202654111352674,0.128245807859503,0.0467077636262525,0.0144860262865022,0.0427424335850426,0.739956779695883,0.664323626148663,0.0966235675046992,0.0855951677255478,0.134353251731285,0.110482841855065,0.173446325128302,0.0106543865587509,0.045528148561002,0.136053182569,0.0933425173441642,0.0509364579482038,0.313364904523371,1.34121520544686,0.265198923705152,0.224700773431992,0.74686740254535,0.295425321714606,0.0316699297793872,0.00689474413721303,0.0188647651326995,0.00671637675907818,0.00566411558140062,0.00194895078198128,0.0171168824516565,0.014064492233328,0.00876536548245143,0.00695128324595486,0.00836981051996105,0.0133313492390344,0.0101668682696638,0.00688138599037091,0.0086228945155884,0.0138467697982762,0.00495315077748025,0.0267494845207609,0.0238032036642425,0.00594486020657328,0.00908772989572903,0.0231548689028305,0.0757902913710274,0.0146178315291625,0.0103687508877217,0.00314455967715031,0.0166460396794236,0.0347979552179745,0.00660511135757918,0.0226259989802217,0.0567271778811875,0.0462013441711073,0.025868931582736,0.0175087489984447,0.0151745775543419,0.00870595152187581,0.0289996210093378,0.00101387576559609,0.000617306975498135,0.0139325461596099,0.00887360796825115,0,0.0163188199580471,0.0113508672258023,0.0068619527432532,0.00489022105422603,0,0.00491254588895901,0.0142863163440821
0.0413530041744511,0.366905458738468,0.221123983187174,0.615354971850919,0.0577837773722581,0.443811346503735,0.665750789661549,0.173438367302018,0.234008634234118,0.752871092068116,0.335926416609143,2.93167291683578,3.56743175688272,0.00757706020403266,0.265839933270745,0.558210949711275,1.07812073361845,1.70255810899853,0.958062147504904,1.6107772348035,0,3.17835599501964,2.01780393324028,0.382597463303615,0.0148507497006488,0.17059560411971,0.042890932250291,0.0261065065344085,0.0773890683998918,1.07753646267002,1.39502658163727,0.679793913295906,0.0781367526178026,0.142878999509944,0.192942278210822,0.434349211919616,0.00799346900234778,0.0790062789338421,0.369027915660082,0.250392479729903,0.0406479648940413,0.318640601661142,1.11760809634385,0.284485450476979,0.211619115516171,0.593547997631005,0.54537918946222,0.0966251350932016,0.00773449484595883,0.0162138717266095,0.00442948943366561,0.00511915374187153,0.00331003504625198,0.00840113321309813,0.0431593810475293,0.00524782541659446,0.00355547249378807,0.00719956288594309,0.00391914136359972,0.0125540891647715,0.0159280914250835,0,0.0140627722005227,0.0133139548755735,0.0369728048092692,0.0487730103054024,0.0260790201613279,0.0259963134282956,0.0515181111195788,0.250328640275863,0.0151569942525023,0.0762970497943155,0.013177248248819,0.0148586781713837,0.0349726037298992,0.0129807969779795,0.0268650278574703,0.132189420881514,0.144413201754399,0.0759744082728116,0.0125019391302268,0.0203842353024926,0.0190554018916529,0.0568912201063957,0.00189686574448511,0.00962104334902086,0.0103503220159272,0.0141370113415514,0.00746166208797958,0.0201255552469542,0.0137566075898585,0.0061361601490279,0.00312368582690115,0.00454108977086157,0.0259304491949995,0.0463928692506642
0.11977241201748,0.3366579127882,0.312408628619883,0.571264172708954,0.0445408887560973,0.2959634704894,0.856446851942386,0.258924115836212,0.159683323464697,0.405637336493293,0.243153047029784,1.7398863553573,2.89148556671762,0.0132356683598868,0.235245945863043,0.520117977194223,1.24383681900617,2.87307360827014,0.421901575485131,0.93499948189057,3.17835599501964,0,4.59292319318618,0.850057462661134,0.0168921551901213,0.188534248345133,0.0447745041236146,0.0875942332688423,0.129337662496698,1.21487049091069,3.60318493214179,2.34231127448129,0.11382151140884,0.201665207408283,0.350544775401529,0.972165887943368,0.0304264545278064,0.116307659190653,0.32603006057578,0.751771257471784,0.0494852463791289,0.21127661968725,0.508391726370062,0.245215501578052,0.129630981317206,0.30584471872278,0.639193348363531,0.911444482731799,0.0160597972718386,0.0201114930169805,0.025738793073739,0.00818434734266724,0.00433312874936223,0.00283314507778763,0.16542126046694,0.0092313715584042,0.00545574565841925,0.0135445941712754,0.00122840387294606,0.0120585488929312,0.0369382898265832,0.00363672416311712,0.00728267146904726,0.0123587573291658,0.177035946973285,0.158652685597058,0.0446474891868419,0.0556728180629995,0.147391361142172,1.69955593307774,0.0945545966298903,0.161373219514093,0.00749183815324228,0.0687986764180297,0.0226879593379424,0.0309313283390027,0.0544293380627279,0.319008217242121,0.6284601543738,0.305569876980464,0.0196457133469838,0.0131633341685013,0.0378839103902906,0.204582628413212,0.000578696842797086,0.0142308850380842,0.0200928411176257,0.0531948163005482,0.000756382760901593,0.0117866565422876,0.0208017897212646,0.00762260259088722,0.00139058028399037,0.00758315158236126,0.0378108451464759,0.316237639456794
0.0253305848308474,0.241679917906607,0.049186690101644,0.0819321477383089,0.0141360946905504,0.197673738619817,0.159397220584911,0.227284367277375,0.137091098871345,0.452022048228669,0.334483546675609,3.4793565521583,6.63884678755207,0.01067602433635,1.07924608528106,3.38483132055465,0.21669662260383,0.499458398919465,0.165721409122092,0.593694025587113,2.01780393324028,4.59292319318618,0,0.711269392161166,0.00264862086547558,0.0474138121692537,0.0444059441983469,0.0340535339412229,0.0570753218469985,0.431460024826005,0.766324963908895,0.302320285723118,0.089802285753889,0.181610678600766,0.373413487936418,1.50799262344568,0.0487867593045719,0.254276807387314,1.56605469197412,5.97050946195262,0.0268530801513877,0.120363964753943,0.260774305067548,0.331727386446359,0.1028634284645,0.218201781971556,0.30638605377279,1.74976769329954,0.00484163839743139,0.00983535468229584,0.00819347221444772,0.0037726667597612,0.00750163401814203,0,0.040056062287862,0.0102332948672124,0.00302681268459482,0.00477151880050675,0.00477907692396473,0.00916317422747149,0.0115776396646895,0.000480002909364771,0.00641898660330749,0.00229159019466142,0.0271667283157275,0.031352138754896,0.010145225223618,0.0129601146636615,0.0249900541025084,0.140811131138746,0.0372522639761563,0.0433525753072441,0.00452025912722009,0.0360069276809773,0.0163306178228931,0.0067140108317011,0.027225716830237,0.076557579724771,0.0634535162482625,0.0594491657643081,0.0112696148362415,0.0133583612605578,0.0155788208343362,0.105622854964106,0.00201349922224869,0.0042825540447794,0.0116996755189033,0.0692749283560159,0.00186514951779727,0.00761577213354431,0.0131384138289497,0.00217594273017044,0.00321849724268379,0.00518820353212063,0.012728727217435,0.222862428557703
