0,0.399122035523464,0.946100865088797,1.2873593227358,0.675013777465796,0.152240413652032,0.0786436042235931,0.0554881606064601,0.00363299900386179,0.00280573623817533,0.00135576049749494,0.00218265592387612,0.00139948769234124,0.000640672885558968,0.00126610910921525,0.000648809862636998,0.0217294272494861,0.00534906137045421,0.00536564080508253,0.00844780220552721,0.0072883313985601,0.00551451862522801,0.00130928313909786,0.00150304931316491,0.588956244968867,0.0329876042314864,0.186293204459544,2.11061934001145,0.674854598995699,0.0551790270263211,0.0136578259874481,0.00189687938110663,0.750007608310751,0.0166067690515088,0.00397797452564896,0.00556285874120756,0.000675516596011384,0.00128705003019355,0.00104816172135621,0.000662889732195457,0.249015377395172,0.0251088576113387,0.0058102991415132,0.00139330555553423,0.00160144777866837,0.00268629094026629,0.00157908276954255,0.00207378300589488,0.961207408809611,0.0221353288439333,0.159456991928194,0.00955769012022937,0.00729791920565149,0.00129095969401483,0.015102316879067,0.0338975080384765,0,6.4166983838872e-05,0.000114854966955151,0.000188998626662276,0.000117398924523773,0.00256939676028067,0.00107401836998007,0,0.0045049505262554,0.00222161643554671,0.00034024689038721,0.000204550892636768,0.00028169658170269,0.00326929000388533,6.80039613967056e-05,0.0012902987643179,0.150725095259556,0.0328635962878953,0.0701268484273902,0.166230994547264,0.0763428740776183,0.0152238748377804,0.0053312567787525,0.00238239505174874,0.0342587063539438,0.0206851020577129,0.0028126166756307,0.00249215252966413,0.00194322142559414,0.000961517280646143,0.000219332899552005,0.000276561233325534,0.00575205898369162,0.00253536726847265,0.000271411951057759,0.00156256951025601,0.000331017342442462,0.000199741108705792,0.000334711821985691,0.00223692767954866
0.399122035523464,0,0.0355179422074028,0.208686737847389,0.456891646196655,0.26079007382789,0.361396821165786,0.350785011792347,0.559930089055336,0.490366724913499,0.189712944266837,0.503279635530779,0.0711126207859838,0.112840729698956,0.349182138576823,0.0426856125590496,0.212244230996306,0.0168448481135212,0.067913685318317,0.190507256794918,0.0439973597336282,0.0154767997745622,0.0123029879966926,0.00939888286543356,0.059016527593245,0.0221016814088758,0.0663390983844226,0.0788935758268999,0.0884704551197238,0.157926869144254,0.0348201572159974,0.00971823369527653,0.414513273524934,0.430659566714556,0.272914913080653,0.140375975550036,0.107392953800809,0.32361751552922,0.130740550626052,0.00555360297349071,0.224645309890326,1.33392087176185,0.316965268726025,0.622105444812958,0.4089624329243,0.377196207024676,0.0108446087894304,0.0109987307993372,0.0289469457345679,0.0262592297873488,0.00789227938923097,0.00323156237737641,0.00345558594719851,0.00175644152245445,0.0146455104486825,0.0393119130430456,0,0.000307673016081841,0.000883904631293508,0.00029913263017517,0,0.00599528209702705,0.00360496004688186,0,0.00559908382605321,0.00329890060692498,0.000319805952866937,0.00108245556357609,0.002108140994757,0.00699455398646693,0.000986938141703307,0.00570822028551261,0.0115248613086516,0.0173059293975943,0.0481907352582626,0.0125807334841904,0.0279322818132327,0.0221631211779446,0.00747539090330642,0.0105492346935745,0.025694258411647,0.0481043857806407,0.0114660572555778,0.0100096601858205,0.00757041808462438,0.00477286130918594,0.00150262544774608,0.00240392423487083,0.00336911898561245,0.00228702436754367,0.0014531513603123,0.00624132246105577,0.000122107933695558,7.42526490719736e-05,0.00161623841905983,0.0100769284869223
0.946100865088797,0.0355179422074028,0,2.81393002195148,0.0261954656321083,0.0360178613337528,1.53950308650012,0.00312602119530867,0.00188917210998529,0.0026776719141257,0.000148067206296731,0.00214520077608986,0.000460127213096564,0.000961713790238308,0.00098263501136793,0.000514546883442964,0.26686679599139,0.0309903972423601,0.029166593571084,0.0244334523727865,0.012752163108803,0.00849334329533559,0.000200114810005583,0.00135988489264622,0.00642458773484994,2.30561990239504,0.0147158231011578,0.935197124445661,0.507935723429532,0.166134845640873,0.0335340104325372,0.00236887832411043,0.00725704317920524,0.00509821087311535,0.001619968619745,0.00206305703865164,0.000742661320204477,0.00147983045803201,0.000755073334492429,0.000645587125454903,0.0201563065630261,0.0510490347386541,0.0160459675768867,0.00206247235492741,0.00460638266206941,0.00300110352383129,0.00103316155698042,0.00221431752906652,0.117083808713461,0.00947072642945596,0.728137011363303,0.0413792852717457,0.00135949717972649,0.00337346022812463,0.28873886755104,0.003511873251923,0,0.000185925154502395,0.000342189961555388,0,0.000425474741552091,0.000716121899592625,0,0,0.0399632821458262,0.0120198241422015,0.00061949809471318,0.000839147787866491,0.00227878438249676,0.00975413261977478,0.000139022947213199,0.000848338702738713,0.00449881325380206,0.887321101037374,0.0151153099839565,0.122062528596833,0.136700197758895,0.0477870639114659,0.0180296602116018,0.00426997968405692,0.00592252598982525,0.00595607243685409,0.00237769043680696,0.00187175130075849,0.000649355014396649,0,0.000163213607132571,0.000182244936458619,0.00367016689886694,0.00343567078585964,0.000157393316744734,0.000431465564687173,0.000202678127459142,0.00020491632074765,0.000303516670492708,0.00197239674314112
1.2873593227358,0.208686737847389,2.81393002195148,0,0.529577524907438,0.737253990990532,1.57121424241732,0.00925387420196919,0.0137233699163135,0.00668688713576139,0.00217801992832952,0.00721977585418262,0.00113976621949995,0.00157693643399665,0.00404434320236412,0.000751374691287623,0.176176775880953,0.0183438913625247,0.0266867988197868,0.0262173872178291,0.0124601311654839,0.0102141676769669,0.00121500748347506,0.00291557457840009,0.0163207331352169,0.664430405084478,0.0290879781036429,0.519887397751433,0.501683837912477,0.207996770153508,0.0275815634370322,0.00391002134552291,0.0425138339406466,0.0128284945819906,0.00460969142132288,0.00629353923575505,0.00205993956594548,0.00408030681746567,0.00202910407641249,0.000393925030056895,0.417138498324542,0.195952684126752,0.0275513652495951,0.00938904423307502,0.00982659126647256,0.0131610676185408,0.00289794945101394,0.00377447507700847,0.0333740108508891,0.0129971342293599,0.0940153789291741,0.0097835061418478,0.00101374217580295,0.00159356764509463,0.066366671321949,0.0115825323551505,0,0,0,6.3090247840107e-05,9.19313665217946e-05,0.00105711133091471,0.000473892003267579,9.32039788649757e-05,0.0129782046846474,0.0062466841347932,0.000677507679143954,0.000789910528202615,0.000545396915747527,0.00699831288523848,3.71263398886695e-05,0.00199830255220617,0.00599269073760757,0.210580566493952,0.0248809761273246,0.0329135006632752,0.0745898982707878,0.0410922662024925,0.00849289358405063,0.0060331064923531,0.0109623605257982,0.0116247678178537,0.00308212445426285,0.00242229744160661,0.00121505721476532,0.000606585515818818,0,0.000253692509248916,0.00103404798302848,0.00191356560573521,0.000962616922388339,0.00152571350050548,8.67759516550159e-05,0.000797576021211981,0.000526272465785679,0.00293616498066666
0.675013777465796,0.456891646196655,0.0261954656321083,0.529577524907438,0,1.02787475139681,0.0577934557256765,0.119896063481368,0.00951529180828158,0.00236698815700677,0.00111682141668362,0.00249794828562517,0.00311122188767513,0.000652235112420704,0.0015657301061513,0.000131357308497435,0.00802947942226541,0.00271975118071103,0.00525749015090012,0.0109974670844758,0.00519824126340015,0.00195377385416864,0.00163054505094101,0.00236045622022811,0.0517058730524675,0.00387080123636516,0.0358501203262813,0.0920110530062052,0.062300494810427,0.0207224862946086,0.00673757279215346,0.00188112382864696,0.656041979299925,0.0103405722715519,0.00411283142268043,0.00362424876374965,0.000455155327530529,0.00157154309917516,0.00159488784727666,0.00127410820887755,1.20164080241661,0.0412593939749596,0.00883638829312722,0.00487590866162227,0.00397997891416178,0.00380606870757798,0.00245401600623082,0.00178637001971788,0.00825036533803635,0.00937308371650256,0.00384258734040706,0.000545014723769962,0.000674128892916692,0,0.00142558683811382,0.0140203475808412,0,0.000151746458791333,0,0,0,0.00227811932465984,0.000347416599789854,0,0.000426915411859793,0.000900728936718241,0.00018594265154327,0.000133944038004014,0.000975109667894471,0.000810598858165699,0.000349898618276128,0.00041359871651514,0.00863871169399826,0.0040534439558356,0.0217598997123745,0.0056668937603228,0.00666029431566011,0.00570189886060418,0.00117125592913655,0.00201900323631972,0.00764526875616872,0.0218595940756493,0.00312631674431855,0.00104788472188127,0.00282001439166863,0.000881016434890806,0,0.000222138355131679,0.000633621421819552,0.000152634035352928,0,0.00273713090988466,0.000479397317458993,0,0,0.00136213229959998
0.152240413652032,0.26079007382789,0.0360178613337528,0.737253990990532,1.02787475139681,0,0.443786507164068,0.0913358067883122,0.104682112133959,0.0184076218942638,0.00983813895645849,0.0153480923180024,0.00295710747320344,0.00204751950061467,0.00707412550164126,0.000953802412798424,0.0383457148514182,0.00526568758390172,0.0122774593458027,0.0134366642964088,0.00788297432617846,0.00433592936915476,0.00211478815498908,0.00406954075367302,0.0154972979380108,0.0213268966399859,0.0324294681824265,0.0426433111521811,0.0481669005182925,0.0279730413810328,0.009453405692273,0.00482147686016354,0.126082410629589,0.0126851249922139,0.00930426024827642,0.00623306354027514,0.00220285346972629,0.00857556717690325,0.00291164308865871,0.0015651118890314,0.772317434379172,0.348560528207148,0.0187777316880963,0.0575237600076852,0.0331724815209021,0.027984989951398,0.00371510011364042,0.00243737530782991,0.0100955395189502,0.00806195974071709,0.00272339706795655,0.000483470266713596,0.000615708267045878,0.000218698099375456,0.00450919033328072,0.0108142955707489,0,0,0,0.000225264818355886,0,0.00182598840417691,0.0017005939238998,0,0.00152620321562694,0.000771949664354343,0.000118008008074864,0.000144410340205911,0.000547704620457237,0.00160083129300778,0,0.00202464740415702,0.0055770640016791,0.00644753696869794,0.0151050441641792,0.00473868829654144,0.00981385352038159,0.00687960537224491,0.0024729550735648,0.00283415246972508,0.00574393925028737,0.0174850955849032,0.00310083429187375,0.00253243689141674,0.00193961907259758,0.000795869077966996,0,0,0.00216833887887098,0.000180728385407282,0.00042364992966482,0.00114791482174253,0.000634682605775469,0.0010562572516204,0.000745519690313959,0.00276083067157686
0.0786436042235931,0.361396821165786,1.53950308650012,1.57121424241732,0.0577934557256765,0.443786507164068,0,0.0377963799957686,0.176247410037659,0.094392036689443,0.0178678558840194,0.070614420475291,0.010733004274003,0.00604282911231618,0.0269319049034203,0.00455077060437203,2.77774982820058,0.228345215788287,0.324188927712607,0.210419732637931,0.0813238301790466,0.0606122512138123,0.0064375907346266,0.00687893399974082,0.00387499875701864,1.16122411795324,0.0156398340194628,0.0693185248786067,0.233430759126666,0.385661283421084,0.15251154273199,0.0144502131633011,0.0194241712482549,0.034337702977011,0.0193167818564653,0.0206187676257114,0.00448924656821801,0.0248602707405182,0.0103467345035593,0.00170213935449904,0.053138375104801,1.42721485829231,0.184617691510464,0.113434495363409,0.0985524388781543,0.104838710662733,0.00628591395974672,0.00788436375673368,0.0153564553947258,0.0136125399517204,0.100986716672523,0.0102713213536987,0.00134751843241472,0.000843977207038819,0.519792455484733,0.0102189261298558,0,0.000919090165117029,0.000272173062955136,0.000449964453177649,0.000335432268112902,0.00209918663575389,0.000595614624927748,5.34180567654877e-05,0.108990312164156,0.0430130374302642,0.00100222271350993,0.00268775256904989,0.00425824965215046,0.0559665499633022,0.000513243680220822,0.00480282150109581,0.00322739388022017,0.393237587781279,0.0105733609562068,0.0186192535991042,0.0764706540233156,0.0955928203877775,0.0726422878156324,0.0145772048220908,0.00658740826457447,0.0133979776424946,0.00813707357653041,0.00895090997892116,0.00226202975402469,0.0014884376122224,0.000228824319119891,0.0009348468897,0.00068733974890209,0.00367767555455312,0.00262136884249051,0.00445039246644174,0.00107914042485825,0.00161633657214418,0.0013456226749905,0.0148522598032042
0.0554881606064601,0.350785011792347,0.00312602119530867,0.00925387420196919,0.119896063481368,0.0913358067883122,0.0377963799957686,0,0.2189730263498,0.0722693054475063,0.410745262500524,0.189818640680735,0.0246081840468695,0.407536993952506,0.370166097075128,0.0194987954087784,0.0177971818633696,0.00439234426464493,0.0063393220885745,0.0217019466629206,0.0129625194415394,0.00715048337522826,0.0135803148963314,0.00696030272531982,0.0205214798698908,0.00242231458930005,0.0595335737384859,0.0097046336006365,0.0125091121651385,0.0291540893068883,0.00841489690524098,0.00160528064982319,0.268665740366793,0.493399658121623,0.112927820348035,0.0420057770539546,0.297922863002319,0.285061784394586,0.0414240605917862,0.00987616467209438,0.0689395597836355,0.0996690514410478,0.0227094345571012,0.232044239771472,0.0462711806442143,0.0381254215965116,0.00463740247019402,0.0125604834447565,0.0347525685825292,0.0481110856019591,0.00152415137684088,0.00197766018833824,0.0064287246805831,0.0016456343875343,0.00389494109315769,0.104745875034084,0.00027514742164942,0.000532950735168847,0.00342904332046732,0.000743299446454715,0.000323488542405002,0.011698084952781,0.00679617637912305,0.000136293171760626,0.00215837813409434,0.0012376293109625,0.000989631681020557,0.000259094024066176,0.000247255637007915,0.00215632082794069,0.00188221414600982,0.00433262636979853,0.0153892796810817,0.000473321697317698,0.055236858242191,0.0060225123532801,0.00599443071388124,0.00466104804185046,0.00222607473144433,0.001223510131026,0.0508407304920276,0.108304796802761,0.0147460378794662,0.0151810925708647,0.0122224307495741,0.00534049205420134,0.00305765503883553,0.00470866326809549,0.00935204109489071,0.00353073874185121,9.26597809530749e-05,0.0101068828222761,0.00312883633499362,0.000254082989457697,0.000624667295851073,0.0102489794626567
0.00363299900386179,0.559930089055336,0.00188917210998529,0.0137233699163135,0.00951529180828158,0.104682112133959,0.176247410037659,0.2189730263498,0,0.753343998871266,0.728984895018683,0.923416887631577,0.0248976956871176,0.184528718136204,0.497295574702059,0.0206656262303015,0.0512900834393872,0.00206328143611062,0.0142604652385552,0.037922877211242,0.00939970324513364,0.00461515004588764,0.00452815494914988,0.00523185192867021,0.00111742339022414,0.000729241474729525,0.0110853515854462,0.00140063933782483,0.00532830668770013,0.0254269824875844,0.00675500399171369,0.000809884157680543,0.0380744304400543,0.244791300651435,0.114405428155893,0.0286528374696471,0.14256319025324,0.285141667883181,0.0460016645141099,0.00252588829376576,0.0146813082910833,0.97817954655651,0.0841471543579059,1.79000146682184,0.564699807715016,0.294157704694162,0.0085007356230258,0.00356593886769041,0.000817523311627249,0.00330619623833819,0.000433347526105798,0.000357558998836591,0,0,0.00140369574180886,0.00496430332832189,0,0,0,0.000165897785907651,0.000125804730399441,0.00241810840751466,0.00212065628510509,0,0.00087580014135815,0,0,0.000181649014713587,0,0.00104245029077625,0.000116463176041808,0.00307662105306745,0.000482416620516523,0.00396198844081347,0.00664804796007766,0.000450320298751982,0.00294313276114658,0.00344155785216853,0.000865503709396117,0.00153366497677175,0.00431840110219842,0.0107881638379595,0.00597178422350897,0.00309740705607842,0.00570159614812706,0.00186511922321243,0,0.000161358540224938,0.000599654887682183,0,0,0.00258223422563415,0,0.000305236952457343,0.00048544843471672,0.00304501426954225
0.00280573623817533,0.490366724913499,0.0026776719141257,0.00668688713576139,0.00236698815700677,0.0184076218942638,0.094392036689443,0.0722693054475063,0.753343998871266,0,0.202870891361203,2.55762534755981,1.46679226916797,0.0513928464983764,0.813231759024014,0.240893249380064,0.416281720961904,0.0104460419333206,0.290513559687706,1.31990867383381,0.554074698589256,0.0481514629653883,0.196304311912017,0.0252847235683295,0.00120523372210779,0.00558578416410691,0.00747214572285226,0.000983564233276307,0.00392820881712188,0.0702609057140878,0.0340403934983992,0.016356094769902,0.0170383631053033,0.194915794503634,0.171075737311184,0.132659951158921,0.0454874888271258,0.400715653379385,0.199828129721795,0.030336563097805,0.00390904136614393,0.897592170634448,0.596121301431421,0.890423122319894,0.993147044873861,1.58599116722402,0.0323763646452107,0.0615459866461902,0.00112192840883606,0.0164245144715744,0.00013202451825368,0.000529665954876099,0.000228636192175086,0,0.00285908616327418,0.0103420660877152,0.000343493989028868,0.000910424749508091,0.00113111221956809,0.000882233842784353,0,0.0176627747670372,0.00398849388237715,0.000188807825936693,0.00191370228164982,0.0012467725200371,0.000361901233301744,0.00105672579284492,0.000768346174452156,0.00597508153115391,0.000952440760229904,0.0212784852886342,0.00101435094737201,0.00249998066789884,0.00593589882434304,0.000661879618053165,0.00253724957726278,0.0158261420813436,0.00808599346368416,0.0101871219622607,0.00409304415794122,0.0285793836608419,0.0327740550881125,0.0425846700809422,0.00734506001786861,0.00940332004475775,0.000497123372455673,0.00430794526277991,0.000951063769454549,0.000772401667186992,0,0.012187800958949,0.00139453458121441,0.000762052542661359,0.00254546730630153,0.0215600940416012
0.00135576049749494,0.189712944266837,0.000148067206296731,0.00217801992832952,0.00111682141668362,0.00983813895645849,0.0178678558840194,0.410745262500524,0.728984895018683,0.202870891361203,0,0.986211560871689,0.0164283081021926,0.485322854084233,0.826682233016442,0.0182245807278442,0.010526940430055,0.00128864630126596,0.00611279081602207,0.0113142431914568,0.00503928904966984,0.00176112046414348,0.00262543839908698,0.00136273305211154,0.000811927370126296,0.000678437835904502,0.00173041805612831,0.00141561839649612,0.00141300418758205,0.0120319609505486,0.00262909166405713,0.000740774681607241,0.023132643995168,0.334381683541448,0.106023645989697,0.0198109205661289,0.267341402970085,0.350475146446782,0.0342495892853967,0.00322608445332764,0.00402254740831907,0.113366106769227,0.0173086185474173,0.394184498860409,0.101437435848527,0.0659552989212148,0.00256009086643822,0.00169583115329171,0.00186959630979695,0.00362887876736656,0,9.04532861737174e-05,0,0,5.8065813186911e-05,0.0102919680364664,0,0,0,0.000179134742426191,0,0.00271638361789379,0.000667323338312504,0,5.6058849263403e-05,0,0,0.000134507601114688,0,0.000476210853461141,0,0.000970831931923942,0.000613095219247694,0,0.00908648834205592,0.000260598732773658,0.00018540396743289,0.00127445875369866,0.000830822656361401,0.000783630309385639,0.00571495810450913,0.0122481394469833,0.00493678329926593,0.00405861540951422,0.00163190337469388,0.000777098624051916,0.000491728524728986,0.000272595538898246,0.000630059870896559,0,0,0.00148619955026373,0.00036337762436376,0,0,0.0014856063874429
0.00218265592387612,0.503279635530779,0.00214520077608986,0.00721977585418262,0.00249794828562517,0.0153480923180024,0.070614420475291,0.189818640680735,0.923416887631577,2.55762534755981,0.986211560871689,0,1.30607978300972,0.184036371862604,3.6492304420827,0.727823744560529,0.149368360452308,0.0025867098468554,0.0345476622635812,0.379187496269487,0.142964428674553,0.0271507104756828,0.182643759485999,0.018447739744239,0.00102181445930768,0.00278290815135717,0.00849145385379584,0.0006423633737874,0.00459420343239869,0.0619488256039888,0.0176617310858101,0.00967909312883732,0.0269776686758236,0.464970660449211,0.312370623651626,0.208238215125926,0.0890579481427659,1.01658970004082,0.47562128434684,0.0466809139342132,0.00151974041701145,0.489782917372107,0.160797166023205,1.16979159903763,0.674990080966107,0.688173405659675,0.00772598438669071,0.0617727331159761,0.00137901129023582,0.0170474459977305,0.00039529972100931,0.000183354329775131,0.000118096772345685,0.000744451962767696,0.00171258721346466,0.0141930180868728,0,0.000240839408839376,0.000619689251522356,0.000229249548062156,0.000432947191225143,0.0116159689075685,0.00447059662216563,8.78161451970793e-05,0.00102980466922441,0.00119681719905117,0.000285465889997456,0.000237440712357547,0.000425434012098578,0.00493840880417005,0.000794583284893405,0.0191074129878621,0.00230893039133188,0.0024917758832743,0.00691636854716967,0.000918583301047552,0.00196843545246536,0.0115518921614344,0.00590847844455591,0.00541597618439478,0.00513611020370884,0.0344596973443221,0.0390399108697737,0.0405288177982556,0.0112460709282375,0.0140932386824289,0.00116502401826405,0.00447798404272683,0.000125478578154702,0.0016470344454794,0.000436462888630834,0.00942891516938258,0.000385713929749044,0.000122348480909107,0.00140622220449252,0.02541544915197
0.00139948769234124,0.0711126207859838,0.000460127213096564,0.00113976621949995,0.00311122188767513,0.00295710747320344,0.010733004274003,0.0246081840468695,0.0248976956871176,1.46679226916797,0.0164283081021926,1.30607978300972,0,0.0101749206039419,0.273776403833609,0.824439292208055,0.038056086914859,0.00322938613445662,0.0329095751200111,0.477538102941123,0.258678485774981,0.0630736353810997,0.472215283938625,0.0261904009785512,0.00066780745350717,0.00126752818151451,0.00457727323476436,0.000971798434208833,0.00205556530726256,0.0300234483731144,0.0172434372395699,0.0119172499054259,0.00558547228443802,0.0547052183981077,0.0741513816045253,0.111759415396559,0.0086404655101139,0.106153372603704,0.136896891224505,0.0732887397673409,0.000955061153574467,0.0899208789653597,0.0687057843356479,0.114308049053561,0.138350297342362,0.306567082346582,0.0136078869681528,0.105598399704959,0.000741430161648085,0.012695403508914,0.000133945205529794,0.000264402564071861,0,0,0.000481212753047379,0.010786766977094,0,0.000562694441492435,0.0013513323676953,0.000841310487669908,0.000852543614253395,0.0108214245409137,0.00520825682357137,0.000367691653779126,0.00136361538889434,0.00108442035196169,0.000304945344692048,0,0.000509822631729635,0.0070320845003343,0.00281746016436211,0.0217160972537802,0.000430725406391915,0.00037834845125146,0.00296128590988498,0,0.00106563080700922,0.01372176036632,0.00642767369610968,0.010585795405078,0.00234871471789281,0.028770477127454,0.0267396852420774,0.04577244793499,0.00995891538095875,0.0157218717154507,0.00305616928484747,0.00920058047973544,0.0015283506369056,0.0013104131944548,0.00174043419043368,0.0051734878315577,0.000281001311270717,0.000749565258290273,0.000686369459883396,0.0285306851548343
0.000640672885558968,0.112840729698956,0.000961713790238308,0.00157693643399665,0.000652235112420704,0.00204751950061467,0.00604282911231618,0.407536993952506,0.184528718136204,0.0513928464983764,0.485322854084233,0.184036371862604,0.0101749206039419,0,0.496178313411922,0.00832843253791839,0.00383123474553112,0.000641248421373195,0.00216855322474609,0.00761295692984426,0.00276369699364499,0.00139974072705743,0.00200460629711607,0.000929849808155478,0,0.0011055689001287,0.000476349073061677,0.000651784617354807,0.00194705149370318,0.0106850007335271,0.000850977443024879,0.00129215465707567,0.00735422385852736,0.316330441332411,0.0789764153348277,0.0152197076305505,0.582980853186133,0.408314365934376,0.0290168163754809,0.00180332581551922,0.00291974781695459,0.033168561388598,0.0113963145561171,0.199455619978615,0.0300126357065016,0.0218480101008751,0.00605535693997804,0.00276069462582369,0.000146402330737569,0.00043521705583534,9.31257257328032e-05,0,0.000522964217034676,0,0.000710864013548375,0.00201933859097949,0,0.000163620540713019,0,0.000145748529616709,0,0.00135863122250635,0.000592689177088303,0,0.000326814775230924,0.000142098393548257,0,0,0,0.000330906741156907,0,0.000924870963324224,0.00271204549491809,0.00115662212662931,0.00162055086917875,0,0.000601835575906214,0.000498601060218835,0.00102206406073074,0.000798567394021031,0.000147550411052315,0.00564388023733963,0.00207125439749754,0.0028523277393367,0.0010258977738439,0.00127921277053815,0.000195245539393141,0.000577776522197614,0,0,0,0.000265192434683592,0.000407340056126838,0,0,0.000726993063163968
0.00126610910921525,0.349182138576823,0.00098263501136793,0.00404434320236412,0.0015657301061513,0.00707412550164126,0.0269319049034203,0.370166097075128,0.497295574702059,0.813231759024014,0.826682233016442,3.6492304420827,0.273776403833609,0.496178313411922,0,0.815166139465562,0.0421513783301131,0.00229027642982942,0.0148436357046881,0.0829598702028068,0.0269639892986833,0.00770382116850583,0.0491449333612573,0.0121288438254664,0,0.00146709368997831,0.00260914344066054,0.000898422892132282,0.00437357524046955,0.0432223030788882,0.00740297173465789,0.00416525523242268,0.0182229469671011,1.01459766934075,0.406706409854703,0.146649435764109,0.395098530051656,2.3374090636936,1.12610600119539,0.0241118014672542,0.00186399224331109,0.215003833847933,0.0752340875501666,0.756907285213128,0.290858990247404,0.222282100225853,0.00698395198199924,0.024011899940267,0.000832005686176219,0.00468434039003014,0.000341588719753383,0,0.000140980608287283,0.000128282396433954,0.000943558828477575,0.00989689791215818,0,0.000712195075599817,0.000645150420181234,0.000164352415715933,0.000350296645401663,0.00644063629617627,0.00327142534403569,0,0.00116756329996357,0.000638529067624942,0.000144932757481116,0.000107698548257691,0,0.00139156197058879,0.000555747668048604,0.00909016719598804,0.00152742265693932,0.00105061803843847,0.00216078893851164,0.000814796974023227,0.00110819906027649,0.00544376348580402,0.00105630091800417,0.00363618627611789,0.00306715321376442,0.0178696949742487,0.0154776081827454,0.0204151921825902,0.00527613019685465,0.00829271934827958,0.00107736326882695,0.00212496655801225,0.000858866546140486,0.000547446079952524,0.000331462716084897,0.00301156820592283,0,0.000826006097167951,0.000498629925443347,0.0143930698934381
0.000648809862636998,0.0426856125590496,0.000514546883442964,0.000751374691287623,0.000131357308497435,0.000953802412798424,0.00455077060437203,0.0194987954087784,0.0206656262303015,0.240893249380064,0.0182245807278442,0.727823744560529,0.824439292208055,0.00832843253791839,0.815166139465562,0,0.0126054324354032,0.000949865028218071,0.00400630230215061,0.070549957475788,0.0317452020521415,0.010196565164056,0.199064318318982,0.00833688338536063,0.000443413528667477,0.00097573971261861,0.00169951506874319,0,0.000251976187515823,0.0166364727104399,0.00685887197790256,0.0117774871020996,0.00305142745546804,0.0908736261063219,0.108586013598193,0.0646111531337389,0.0191115684780322,0.3215405175776,0.496117331731945,0.0641423903288989,0.000166286766632709,0.0326511554130608,0.0202627900352803,0.13587522748471,0.0580953175029972,0.0638818648821116,0.00416540973896935,0.0516270078032851,0.000677877116931223,0.00760394196952091,5.71827279749054e-05,0,0,0.000163338526843125,0.000209135619475042,0.00675724614718491,0,0.00139083864560265,0.00055203911151205,0.000308204934802797,0.000166372309511609,0.00637463689797614,0.00288672396980304,0,0.000230599923147543,0.000887778683450226,0,0.000457713664482669,0.000755876879750445,0.00270596792656363,0.00173648019669925,0.0136812753989305,0.000997634453918079,0,0.00123686029973454,0.000313017328911599,0.000100062266698835,0.00472135177859691,0.00179265666913665,0.00564293496970699,0.00062196033305695,0.0156444039067099,0.0164621006563783,0.0267582629120199,0.00511259899828281,0.00782525644581699,0.00313967362759983,0.00711606048440744,0.000514542138616377,0.000939705234260456,0,0.00482599322891782,0.000621615354037347,0.000317004804502714,0.00215078420149425,0.0181414399084723
0.0217294272494861,0.212244230996306,0.26686679599139,0.176176775880953,0.00802947942226541,0.0383457148514182,2.77774982820058,0.0177971818633696,0.0512900834393872,0.416281720961904,0.010526940430055,0.149368360452308,0.038056086914859,0.00383123474553112,0.0421513783301131,0.0126054324354032,0,0.695603536807389,1.75861626223877,1.16438647691954,0.420541393942188,0.183798084075979,0.0226869136197796,0.0166813986327345,0.00144901259677518,0.277541044056061,0.00687907623090382,0.0205453272420379,0.0855401268996816,0.335231226663334,0.215257177492612,0.0323668596460551,0.00601944330651276,0.0304803871788458,0.0258224975487386,0.0363365938541316,0.00593406216603638,0.0326894733370621,0.02232727292555,0.00936967806210569,0.00636138792451021,1.34260722546903,1.12832100705118,0.0699962415531954,0.214565436359975,0.395568373238856,0.0186775069893348,0.0299116887626002,0.00631011648500672,0.0161751302242848,0.0282256973039215,0.00577644433949691,0.000215965903917804,0.000601512724113906,0.185092524173779,0.00646804411733718,0,0.00117202667783464,9.55906775096556e-05,0.00130662677724213,0.000879692383983406,0.0025907199203941,0.00154592743003508,0.000215387000379661,0.0760602019761677,0.0451598030825521,0.00302693348668809,0.00549984964914811,0.010529189797127,0.0969598537113735,0.00160317633650093,0.0102595274593696,0.00111406973978451,0.110939852493816,0.00661756865752132,0.00909896444049156,0.0365281648064482,0.0858687434042648,0.0996118317555884,0.0415937024560687,0.00390772093210484,0.0165505028347166,0.0186693904864017,0.0182985566077924,0.00311070756689077,0.00349666520073767,0.000964310303507549,0.00195241604807369,0.00164852643729639,0.00284822993572631,0.00354983173025205,0.00879556784098674,0.00147527023507985,0.00236697627388668,0.00240612997076881,0.0336876364597711
0.00534906137045421,0.0168448481135212,0.0309903972423601,0.0183438913625247,0.00271975118071103,0.00526568758390172,0.228345215788287,0.00439234426464493,0.00206328143611062,0.0104460419333206,0.00128864630126596,0.0025867098468554,0.00322938613445662,0.000641248421373195,0.00229027642982942,0.000949865028218071,0.695603536807389,0,0.338353754978403,0.407418527087471,0.283293992568865,0.247918767787016,0.00545543076843381,0.019226957447968,0.000935639342310989,0.0382073264870215,0.00320349578819082,0.00876456290825001,0.0210561413731891,0.104968793750144,0.137562010155934,0.045392321787839,0.00187294079529017,0.00572312790293294,0.00700835192574364,0.0103908756592432,0.00112280142795329,0.00288803169173952,0.00374281192097283,0.0044099437562051,0.0024541078355191,0.0441828096194433,0.0676477667347156,0.00296176290518471,0.00486746189267556,0.0163589364771138,0.0121592962397369,0.0236276443049128,0.00252958381657964,0.0109136600063983,0.00836065422369416,0.00162050615992859,0.000803960526703174,0.000266103242642615,0.0342867301457157,0.00248581001061578,0,0.00133382971310821,0,0.00106446552908759,0.00181238080305676,0.00109237274829041,0.000555602951438239,0,0.0283401689090336,0.0259025002684698,0.0018667164331815,0.00582058377096623,0.00838572522589435,0.0879238062642539,0.00100281043249524,0.00980855373511293,0.0005581414339052,0.0194166439705163,0.00262830370585955,0.00442668519157288,0.0169386267138678,0.0457274027775458,0.0750831442018357,0.0545338090342253,0.00207733812057875,0.00782962952386594,0.0103850913959173,0.00621565302618013,0.00088499875694534,0.00171277955402936,0.000896372035388322,0.00112866964907595,0.00159002405814437,0.00181595437569328,0.002915247810289,0.00359113624854099,0.00311709922308741,0.00415264996516763,0.00371331188366037,0.0384893548110506
0.00536564080508253,0.067913685318317,0.029166593571084,0.0266867988197868,0.00525749015090012,0.0122774593458027,0.324188927712607,0.0063393220885745,0.0142604652385552,0.290513559687706,0.00611279081602207,0.0345476622635812,0.0329095751200111,0.00216855322474609,0.0148436357046881,0.00400630230215061,1.75861626223877,0.338353754978403,0,1.75343385287547,0.672673823613337,0.134516584025304,0.015412005632248,0.0188207785936572,0.00114551681638947,0.0564465287481598,0.00413729817978854,0.0088473405460048,0.0201881477999968,0.12351356055574,0.0815403329939066,0.0354998030562173,0.00294607517836214,0.0136541945530718,0.0171182292995493,0.0199047979834593,0.00171751887956165,0.0111274976109103,0.0132098365013475,0.00785023471740187,0.00431671618210488,0.618825915245179,1.31029994792839,0.0201383348928626,0.101429681546684,0.227450929990332,0.0230011681096656,0.0326641377275907,0.00148139639593576,0.0103851694110853,0.0051860573575759,0.00138698630504173,0.000515627289063486,0.00120809628610233,0.0186920411285389,0.0023658284894489,0.000509566246567443,0.000404367662294019,0,0.000338481890785985,0.00084580330947076,0.00389084768105101,0.000839260435975533,0,0.00988090946430281,0.00881620290720126,0,0.00264424587442284,0.00452445070889085,0.0258896865571334,0.00108238664011116,0.00837584997847612,0.00132634428255021,0.0296589380412362,0.00373472989081591,0.00448176310643394,0.0083470445454485,0.0376451207083441,0.0300863811380359,0.0377575289796089,0.00127463170876618,0.00802895303103715,0.014840803682403,0.0123729240301462,0.00244975072720728,0.000858907891415744,0.000602127882051906,0.00108052900620558,0.000433852648610367,0.00119833887361047,0.00309912700786252,0.00481072389929773,0.00167123766768265,0.000557815569622692,0.0030223924642246,0.0239712125307584
0.00844780220552721,0.190507256794918,0.0244334523727865,0.0262173872178291,0.0109974670844758,0.0134366642964088,0.210419732637931,0.0217019466629206,0.037922877211242,1.31990867383381,0.0113142431914568,0.379187496269487,0.477538102941123,0.00761295692984426,0.0829598702028068,0.070549957475788,1.16438647691954,0.407418527087471,1.75343385287547,0,1.98928080300053,0.470728904850844,0.157826681381469,0.0529868529054749,0.00120743738190702,0.0341917862027059,0.00719113658770996,0.00601095971034143,0.0252298675833411,0.183591977240196,0.167272148174216,0.0938171541129634,0.0084565863227162,0.0449018746461525,0.0629864255935251,0.0952152513441126,0.00762619882102384,0.0538416173745397,0.0739158202941476,0.0359809514373873,0.00647034925428621,0.572598224603898,1.61861300627703,0.0969105286410071,0.368574481534501,0.892574648805864,0.0476702375954513,0.140967471327127,0.00387772639806526,0.0175995817238695,0.00385277843434461,0.00197695003403193,0.000701091056703722,0.00065786671511488,0.0214279196130231,0.0097823117041057,0.00127523947297447,0.00189524980160829,0.00132092013550881,0.000990539021899599,0.000184966817835197,0.00832490103888741,0.00197679395526495,0.000240260296105293,0.0133148393110516,0.0163222920177801,0.00165886115029866,0.00569967557893042,0.00737093123553119,0.0661483734688361,0.00312927792107919,0.0264483805059319,0.00138728018832468,0.016952977652359,0.00619263062378076,0.00261966486219623,0.0103059487824353,0.0596029968547577,0.0541301624454148,0.0566980482978392,0.00456331028611211,0.0265719726317509,0.0337105284551018,0.041137196555946,0.00393750314236674,0.00677159702077379,0.00161772988931327,0.00454745498542591,0.00106416909012329,0.00292056596666363,0.00399934773613577,0.0109608299513006,0.00411531562341319,0.00230738795396757,0.00882493817120965,0.0794226074333533
0.0072883313985601,0.0439973597336282,0.012752163108803,0.0124601311654839,0.00519824126340015,0.00788297432617846,0.0813238301790466,0.0129625194415394,0.00939970324513364,0.554074698589256,0.00503928904966984,0.142964428674553,0.258678485774981,0.00276369699364499,0.0269639892986833,0.0317452020521415,0.420541393942188,0.283293992568865,0.672673823613337,1.98928080300053,0,0.820737798467199,0.244104335144846,0.0664215760373598,0.00110615820215302,0.0120269890113654,0.00623183773409817,0.00450043088547431,0.0125317184666633,0.134736862609345,0.151772352700476,0.126759919898191,0.00617899005987894,0.0213782867364047,0.0240871407857812,0.0695345935434046,0.00351488726998218,0.0158818612974808,0.0370630848280691,0.0515712577227896,0.00465768843191654,0.143665861905291,0.564956916421171,0.0152315177228487,0.0450509178038754,0.234499712196959,0.0560218961786441,0.220513996689446,0.00359740080567036,0.0250424309909482,0.00290304297230561,0.00115556662788386,0,0.000134295291048803,0.0143759952743385,0.0103370344796777,0,0.00188967344525741,0.000180517686387719,0.00192131113310446,0.00180631763409739,0.00900444376137257,0.00346150337687383,0.000143325029804841,0.0103485820460345,0.0126869909606458,0.00386886176772148,0.00756101554460303,0.00683307532429821,0.0709490938608646,0.00148857748654895,0.0298541164647699,0.000967141468617354,0.00620236446700984,0.00568189840452097,0.00196298533591601,0.0072691391006717,0.0548123550930551,0.0455868038461173,0.0670079794140222,0.0038796791180759,0.0264351812398872,0.0386856733317393,0.0473687165647439,0.0143822078437184,0.00703389773489976,0.00332683486288329,0.00538751863158282,0.000297888219556553,0.00131014086508601,0.0049613942647391,0.00952208185517746,0.00262440263535504,0.00513304278451007,0.00398418761082878,0.0948775897719116
0.00551451862522801,0.0154767997745622,0.00849334329533559,0.0102141676769669,0.00195377385416864,0.00433592936915476,0.0606122512138123,0.00715048337522826,0.00461515004588764,0.0481514629653883,0.00176112046414348,0.0271507104756828,0.0630736353810997,0.00139974072705743,0.00770382116850583,0.010196565164056,0.183798084075979,0.247918767787016,0.134516584025304,0.470728904850844,0.820737798467199,0,0.187141578355131,0.0549162861489617,0.00145962143942911,0.00831974330607795,0.00277961000718103,0.00319579569576198,0.00871613537284825,0.0851032943670209,0.163039042712982,0.125559816088074,0.00456517713706472,0.0080066743502081,0.0131147980156003,0.0509553377258244,0.0011069493751101,0.00413152083598963,0.0123515332398596,0.04197790126611,0.00216327363293083,0.0294494421903046,0.0501651731033392,0.00487267495266684,0.006967684804991,0.0242280689611604,0.0287014204919603,0.386453505595475,0.0024910372440176,0.0203606169550989,0.00258392215641709,0.00107496799563914,0.000414129162078865,0.000328681772384083,0.01592067613803,0.00745322764327716,0.000218890235268278,0.00168114308269509,0.00126088453318381,0.00188207124528969,0.00132623903894475,0.004937201986604,0.00200163281450542,0.00100966261639364,0.0157965508136859,0.0222782039146994,0.0043791381355384,0.00584247864882594,0.0107118286758345,0.13926911513163,0.00455794086507029,0.0288600016665636,0.00015758495891239,0.00415009558413925,0.00342666874468751,0.00165123004632542,0.00500804013076634,0.0484491722684375,0.0758263263035688,0.07050000063239,0.00264763479879387,0.0169472078555846,0.0282160901479796,0.0474213614833356,0.00485997012204938,0.00655210088685439,0.00179876869694739,0.00526515342736207,0.00111790199677036,0.00337672611195119,0.00570549427154115,0.0094587649393114,0.00173457556251045,0.00470698309337709,0.00385665289149004,0.124947753602173
