0,0.322187330079774,1.0770601860665,0.890037901599522,0.674928912001653,0.107779602468297,0.108026280773427,0.284758015976106,0.00159646011220673,0.000568180515215576,0.00124715026778439,0.000548696042292059,0.000160562224969371,0.000562112851010748,0.000984259840473282,0.00050473954110168,0.00548993555658393,0.00153893802323529,0.00123877852521552,0.000811124874015991,0.000711098697945842,0.00109865464561703,0.00127179824820334,0.000871292843978755,0.846820962470465,0.0259358379582912,0.124452603951009,1.81145432836657,0.505952430656442,0.00374044378350795,0.00257493633359099,0.000448338396644551,1.49306975242543,0.04182938340683,0.00277804029808937,0.00256998076894449,0.00518940124765885,0.0029672240242365,0.0024208591972835,0.00130526052241533,0.0797583361586377,0.063661713321716,0.00318966186588317,0.00650447125993399,0.00197922657309363,0.000837125411167086,0.000100352778476247,0.000453819524274723,1.15000797849236,0.0201954701178317,0.290355930370385,0.0449330693734335,0.0147670288343264,0.00466690790492136,0.010257671035468,0.0118273529321401,0.000767771848104701,0.000744064141646766,0.00064644075279888,0.000621553820379435,9.12424265731987e-05,0.000849392436393626,0.000421758727292353,0,0.00682254039502625,0.000979760418136197,0.00569510731356608,0.000437543904233118,0.000225263669091895,6.17071145932559e-05,0.000158179667754415,0.000352713148032448,0.168135214737838,0.0147423021009676,0.0822919517884939,0.445852631534079,0.199052194646915,0.00192343723768197,0.00119709055393305,0.000172044836305131,0.0684244922516415,0.0150139503287636,0.000926520058048868,0.000785517032928499,0.000684953676390928,0.000558021295461141,0.000484678999010415,9.90187615968197e-05,0.013947844789476,0.00259894388702474,0.00136965057578662,0.000352333387261122,0.000242560153199651,0.000552819101157141,0,0.000285698517892924
0.322187330079774,0,0.0958604112972117,0.43716639711136,0.967396484480552,1.14678524581089,0.712444326799455,1.27980658988593,0.0848480653235669,0.199623985686251,0.224831050097524,0.134287714576128,0.0742249930617777,0.0945033009162238,0.143908693113879,0.0213642171836418,0.20627217954178,0.0551442822634794,0.0847368813156904,0.223787338687991,0.0570173207761884,0.0385783796612594,0.0445356068102817,0.0343901620827891,0.27973294760755,0.0400983303998106,0.329722566543333,0.128293967716265,0.176411476718894,0.176597376482706,0.0567026243743658,0.0108510621806121,1.9118520112796,0.473784414263878,0.468825362277824,0.173083823190166,0.0993355775418789,0.239588824153439,0.160502117596738,0.0246108665990313,0.675174712901993,2.77113463015349,0.814369840586298,0.583107157393997,1.13703509712019,0.317997633538459,0.0196012380190555,0.00349464999623916,0.0444264590548034,0.0713272923428814,0.017317189270875,0.0214817127897912,0.0232093016501822,0.0359097915901914,0.0356143659086558,0.0298415484447905,0.0185906907907097,0.0238421336068684,0.014078743110674,0.012049967989781,0.00501336678037587,0.00860069415866197,0.00801833724501295,0.00412738440352459,0.0289738466659739,0.0066481916369155,0.0299868360767978,0.00907835963876711,0.00473847068147858,0.00228952586843621,0.00187735751846723,0.00926348476035678,0.0586554331472573,0.0200482896709794,0.162010036671687,0.0410850179963817,0.0523130210989548,0.0555343552227659,0.0259472711804905,0.00401108871961197,0.0707163921589374,0.0384629595270995,0.0169366338393475,0.0332751263516577,0.00513858427609762,0.00788891626403374,0.0255446516327386,0.00632829270204542,0.0357884205439445,0.0536281750834601,0.0279442884302403,0.00457279565112,0.0127518874982584,0.0171737743536282,0.00315992815128388,0.000954244490540351
1.0770601860665,0.0958604112972117,0,3.64522856068093,0.023089144153184,0.141768511841154,1.47116037870913,0.012691289337039,0.000249167287181128,0.00116263360565972,0.000440407373244936,0.00117894841821531,0.00289154762656453,0.00218833887794754,0.00225886166124897,0.000483799239138279,0.165006330362444,0.0535130250922862,0.0220202765951528,0.0272898521685096,0.0290986360026003,0.035602612123848,0.00376910079239458,0.00688761595419416,0.01936717164629,0.68151208222048,0.0543326567008127,1.34980808549142,0.816808681893928,0.0763165826741768,0.0398600333967383,0.00632393661842831,0.0237684170610682,0.0235065155184337,0.00762717180333456,0.0206120218494095,0.00482825804293392,0.00255880547819082,0.00390281823025129,0.00365504784444465,0.0207184741964126,0.0840832816632513,0.0274838689639893,0.00144842901870529,0.00316795143654641,0.00253369471857014,0.00180574329434859,0.00245780206273446,0.675586312816487,0.0558080396086022,0.904416337102315,0.227023743140704,0.0295616946766214,0.0241858015900565,0.0924397364341232,0.00653061623508187,0.00127563886717079,0.00374791856549084,0.000707462405906832,0.00112304080295948,0.000919046714006194,0.0010700742743067,0.000873212092314025,0.00057415896470735,0.0648209217930155,0.0154247079115902,0.0459123488920732,0.00987235827055573,0.00196185042983088,0.00331800474252147,0.000182809724626685,0.00462458985841088,0.0390464743438713,0.33639062682053,0.0737745141377465,0.924901317906179,0.542995281884722,0.0334512851241093,0.0206740058618776,0.00164751884365172,0.0610005463599373,0.00599754959327045,0.00282778904975386,0.0043697609212427,0.000421898381969098,0.000678951539530865,0.00167939238723835,0.000305237487070007,0.0398313136091077,0.00910203749017847,0.0145331906364836,0.000422601298100374,0.000672338464216053,0.00577184122944452,0.00135819019904485,0.000145962648181778
0.890037901599522,0.43716639711136,3.64522856068093,0,0.354377922831588,2.21452622047845,3.46335085059824,0.0720068882269845,0.00475330705625845,0.00151858410900395,0.00042368082916054,0.000428880161343955,0.0021369414991035,0.000985246197954127,0.00158641064833735,0.000570025559825041,0.243540822223157,0.0365241985754168,0.059883273330928,0.0434606475578,0.0261057548388299,0.0216082232655157,0.0030489535332491,0.00459197413417028,0.0720411408600235,0.386799724730237,0.0728154528902484,1.37060022821528,0.918779505590531,0.0470134237620629,0.023197715196035,0.00341561780123595,0.133995312480475,0.0330977689901264,0.00748039538035941,0.0145691298642758,0.00586215680101715,0.00306873134433513,0.00378467151982924,0.00134294260788984,0.207276940801619,0.487274446972336,0.0693698320588049,0.0162317290939481,0.0116187221128949,0.00742132563805753,0.00124708780534426,0.0018756798721694,0.124734670129318,0.0251448363577481,0.172119037366184,0.045143487904834,0.0140359313645349,0.00886569597762497,0.0320885951234922,0.0066130159433336,0.0007371025506238,0.00177666827847549,0.000699425749545778,0.00132531259655743,0.00049682411427658,0.00117851390175375,0.000741122021649098,9.47631862430577e-05,0.0254382148924045,0.0045528692975979,0.0138013428451999,0.00261337595316796,0.00100160153226274,0.00133652448825347,0,0.00105252752992478,0.0430252356108236,0.150532280630086,0.0673958022557929,0.339564615753704,0.271290215057513,0.0158812827009833,0.0104651740885348,0.000589190932363337,0.0436806191170279,0.00791044895251982,0.00210759364059804,0.00462937779918913,0.000705338324381154,0.000441629432557103,0.00220175454174256,0.000490276235316013,0.015674456343364,0.00381203057940106,0.0056002291332926,0.000888192389167965,0.000573106347870837,0.00383478250615492,0.000976746127851705,6.82355016336077e-05
0.674928912001653,0.967396484480552,0.023089144153184,0.354377922831588,0,1.01176679342851,0.408544276264315,0.35548124732307,0.0417205675335601,0,0.00332542572474442,0.000455777296085209,0.000471423343687978,0.00465619789951735,0.00395371132865097,0,0.00457495409944235,0.00239233113249446,0.00475952525291036,0.00142377296247817,0.000701628249830103,0.000525102411391622,0.000232995242516396,0.000487525223698373,0.350926561440794,0.00198138806249833,0.14409646418842,0.159402071167575,0.0835096135109221,0.00199506064185596,0.00105613840545832,0,1.05680792751825,0.0415559686503679,0.00212568601555558,0.000691518420126806,0.013426141746262,0.00549266527013022,0.00354436270485971,0.000260698179220809,0.308985451839139,0.507761198848153,0.00819714608386518,0.073564034739159,0.0101139727234056,0.00388078806196793,0,0.000264428986999271,0.0152303806993188,0.00348167964935043,0.00338370913517787,0.00104238903460903,0.00109041640143523,0.00174453654413144,0.000999548144197622,0.00261007910618873,0,0.000583958011432517,0.000663098490343621,0.000191399752541392,0,0,0,0,0.0003867541562184,0.000439449912143243,0,0,0.000235734712569805,0,0,0.00035423425726543,0.0422177842692346,0.0037380727206262,0.0825826679142035,0.013841005566019,0.0128389477981562,0.00119676120200328,0.000818177472016676,0.000597792279904585,0.0258887145234823,0.00686262615396534,0.000936713762100735,0.000618866906826184,0,0.000161631370913089,0.000413999209001474,0,0.0025602609869424,0,0,0,0.000883019194436951,0.00232608230314108,0,0
0.107779602468297,1.14678524581089,0.141768511841154,2.21452622047845,1.01176679342851,0,1.69704001200907,0.235163036351445,0.0458507497667252,0.000936573805513027,0.00538674487888146,0.00123045141853082,0.00139586975468585,0.00200667372028692,0.00221228500857581,0,0.0763077265945514,0.00718055867794913,0.030698062765427,0.0181557263728221,0.00762257124914832,0.00298257998551125,0.00053991988490695,0.00134508658637422,0.0810505734114131,0.0365376288336411,0.0662403856194542,0.148116591601426,0.144402644813531,0.0101152190996169,0.0049978544715745,0,0.331628264489144,0.0307875627982789,0.00985538353422191,0.0088456613000982,0.00537425807778566,0.00558665446373519,0.00580048596799556,0.00124907466538982,0.385146918647094,1.06219136496632,0.174803193523883,0.132875531484762,0.0325165835545708,0.0197581729959167,0.000790219974392166,0.000895336474066919,0.0192999864047041,0.00577390749091058,0.0122614826490967,0.00458070994472601,0.00459799813144499,0.00359542849319962,0.0059531234888765,0.00140430647038953,0.00212180322233482,0.000635962345402901,0.000383544933601349,0.000819428190780423,0,0.000557889508633086,0.000372952818783287,0.000272020934455199,0.00391333954881998,0.000471773676150086,0.00200682908901007,0.000177688426741467,0,0.000169058941586567,0,0.000388843498293587,0.0269050570118291,0.0114997663661316,0.0475346861092791,0.0385517788510046,0.0410326674372721,0.00241285868621904,0.00205508681189338,0,0.0166884733036044,0.00670785015364935,0,0.000675207295152233,0,0.000217769153304431,0.0012141964843192,0,0.00367916766856557,0.00131253490646855,0.00285232437405267,0,0.000305061234044746,0.00200789312616262,0.000601405378482717,0
0.108026280773427,0.712444326799455,1.47116037870913,3.46335085059824,0.408544276264315,1.69704001200907,0,0.37497444457106,0.0214274907055399,0.00281750504109722,0.00160778190946166,0.00200471348101053,0.015263405194821,0.00234769828627717,0.00113375843377959,0.000847815091219938,3.12356263709318,0.842354008302914,0.693939207105636,0.64125688985393,0.231863801458989,0.164174076615599,0.0140907555499813,0.0129470676414965,0.0302571498024147,0.321675258081476,0.0385435300779191,0.099986878820424,0.435623000512619,0.518325220847042,0.23328661317153,0.0106760628930758,0.174453087409188,0.0415942369331981,0.0187040568628002,0.0443942878600887,0.00606523812734285,0.00408313951217797,0.00990257399237401,0.0068186226801071,0.126968909977626,0.992793667436216,0.429447811129423,0.0700890355140351,0.0221082313552346,0.0278978856648091,0.00864123332835045,0.00660258769633535,0.0202779276831062,0.0259309748978025,0.0543003721680953,0.0172402775275208,0.00182555939238852,0.00378474278172599,0.282789877737793,0.00693751835411398,0.000712847479960341,0.00420427406124154,0.00100560049454002,0.00137675125715186,0.000912419872352731,0.00197034803046494,0.00153933445523633,0.000216959050048411,0.217040052996407,0.0695132230409319,0.0418966234853279,0.0149222433099357,0.0104683205404071,0.00955890727150612,0.000541453148938727,0.00488107912329588,0.0105686498186374,0.216429514108853,0.0202958570027299,0.0381780322858908,0.175310922485086,0.200912180432007,0.0903203282420203,0.00355420096238485,0.0145916739904453,0.00864922606838598,0.00331851483634266,0.00624630456696881,0.00175333344092209,0.00268512313123536,0.00332433643747182,0.00124135594620624,0.00287051135656632,0.0122823180030626,0.0195642872063651,0.00208864343641344,0.00367064261469961,0.00563656671976187,0.000734054101823086,0.000493956260417456
0.284758015976106,1.27980658988593,0.012691289337039,0.0720068882269845,0.35548124732307,0.235163036351445,0.37497444457106,0,0.233965335388361,0.0257259665880671,0.3651799562676,0.137092680796756,0.0108189063099302,0.170468014720662,0.39737011403755,0.00702474909659185,0.00363631005292242,0.0015934736878243,0.00144724496499023,0.00129830250186875,0.000753194584568753,0.00193124841376649,0.00559939888945121,0.00338866858500753,0.286226645440606,0.0049022116849139,0.367120305781828,0.0511463183288902,0.046496994912641,0.0105810468162685,0.00536897557220133,0.00176311914539986,1.86582458036914,0.494149118723933,0.0582450645635889,0.0382149576913978,0.76991296682218,0.239346913119454,0.093779390762418,0.00741366840326278,0.0971451844051013,0.79221372341364,0.00370554867493924,0.474559247794382,0.0262625323124221,0.00881879371435909,0.00056743948816218,0.00185720024322565,0.0455635136911923,0.0604260011858026,0.00948408241826785,0.0166637948531961,0.0218937784125703,0.0222096059871649,0.020178866725469,0.0448165932268082,0.0164591956525417,0.0175929820688972,0.01835618029487,0.0182616892615297,0.00868233366962141,0.0153795246946301,0.0139782218496328,0.00801762127713376,0.0154194262459273,0.00186961901597413,0.0189770447619158,0.00834001712030903,0.00530421336485687,0.00235389792914648,0.003809916208859,0.00520170756990148,0.0491500629465486,0.00776825381937353,0.135381569027319,0.0193120929394033,0.0263614823748516,0.0125181483883619,0.0104531940467043,0.0018764541957797,0.0700854085896447,0.0557067209238031,0.0129793993354921,0.0198187777478598,0.0141234052582777,0.0101688140679202,0.025103681749062,0.00535467378457226,0.0212102202632238,0.0420358307808143,0.0153765710371116,0.00735027311435901,0.00790584561561258,0.0137611766787551,0.000331964373820798,0.000448612744563418
0.00159646011220673,0.0848480653235669,0.000249167287181128,0.00475330705625845,0.0417205675335601,0.0458507497667252,0.0214274907055399,0.233965335388361,0,0.00513544810578637,0.055414440749189,0.606206580958538,0.00317927843789752,0.0119739664330698,0.108448839217623,0.00317427084596061,0.000265590143861639,0,0,0.000213704294046052,0,0.000209060939303424,0.000652855988801132,0,0.00275718783067,0.00162315840340052,0.00818597482962939,0.00236210462790446,0.00109067320495466,0.000681100815022673,0,0,0.0160398125272493,0.00650242658138915,0.00277756105204086,0.00239435958639026,0.00286346129334106,0.0282934889210584,0.0123290028155137,0,0.012601440649128,0.0689417427708088,0.000543616810883288,0.051063264445046,0,0,0,0.000163203377907071,0.00211862831024574,0.00180548982505665,0,0.000466504350056047,0.000823107895463072,0.00710574333276765,0.000841959863209026,0.00204755894823533,0.00189006573855822,0.00478811248880405,0,0.00223457924912832,0.000947804343263928,0.00105100922509704,0.00210617577629893,0.000497572286389594,0.00129250419714537,0.000996601119453641,0.000728653913750554,0.000276132610593147,0.000252554511915491,0,0,0,0,0,0.00377534320568213,0,0.000410232362052527,0,0.000342581088748206,0,0.00285809394618753,0.00196373303541802,0.000424779113667459,0,0,0,0.00580734288303057,0.000361050632692393,0.00220199960892309,0.0031381689324878,0.0037282595685096,0.000771483000545456,0.00222610928578733,0.00209443988684903,0,0
0.000568180515215576,0.199623985686251,0.00116263360565972,0.00151858410900395,0,0.000936573805513027,0.00281750504109722,0.0257259665880671,0.00513544810578637,0,0.00841123004858788,0.15108864292065,0.0413613436498548,0.00883582895019092,0.0447555224534649,0.0241024513953638,0.00177901739186064,0.00266667918714784,0.0011711138535889,0.0437523673428938,0.01574591945021,0.00862051295240095,0.0254746672249944,0.00989707404993626,0.00158109579019256,0.00246934946356473,0.00524252027622329,0.000789964303949174,0.00254092644420637,0.0166329717497987,0.00607422698446846,0.00343311567786128,0.00474076047421039,0.13150811266955,0.338000959817531,0.0622452806085608,0.0246378747966303,0.10174109466014,0.174986950075032,0.00934756178454153,0.00133175451258445,0.234519605223995,0.0957299983549485,0.0909850344566987,0.253865109964511,0.0825162814930835,0.00142975646808327,0.00220403471397172,0.000466036527975687,0.00508219991842659,0.00234892060637486,0.00080351467854531,0,0.000830090585802128,0.00366562758416049,0.00156311464343741,0.000284470333133547,0.00166487815381687,0.00163059167256931,0.00367833077573824,0.00301939186249568,0,0.00355128659872312,0.0039040225898431,0.000885824265065683,0.00134846592173832,0.00286675416882497,0.00221931291478648,0.000971698703852848,0.000579965095387453,0.000863777121406214,0.00478229048479917,0.000658133905862501,0.00214436718355759,0.000671494085773966,0.000682320901930544,0.00334958838707678,0.00504867898079913,0.0064979122875079,0.00562144914647106,0.00219312154715459,0.0048058611882396,0.00370821587669298,0.00764090527796278,0.000924653904654363,0.0016201849255368,0.00806878718178728,0.00253632266758019,0.00245982461779575,0.00444714233542242,0.00323954574154142,0.00160064735184494,0.00138746365207694,0.00560760908432057,0.000458501295588082,0.000720218599138418
0.00124715026778439,0.224831050097524,0.000440407373244936,0.00042368082916054,0.00332542572474442,0.00538674487888146,0.00160778190946166,0.3651799562676,0.055414440749189,0.00841123004858788,0,0.325283267689088,0.00381022484788177,0.332773284583719,0.391839649274332,0.0119865867773684,0.000115560443414431,0.000593007882349603,0,0,0,0.000109589007528527,0.00226997948174909,0.00187294042619467,0.00300378195201751,0.00264115170325929,0.0172460628378728,0.000884136691820952,0.00562642257165631,0.00124023328635697,0.000291994780958994,0.000303507140189292,0.0251935134584913,0.0240148946448434,0.0116382910733221,0.0142951811895424,0.0203485771163838,0.129211104064099,0.0621582012541815,0.00326624186092699,0.00283851245758449,0.0283917327340366,0.000874024498337608,0.0738438035926503,0.00793582280940351,0.001540072493599,0,0.000176454520818214,0.00242562411460065,0.0104912879623631,0.00221310076395596,0.00290155428902091,0.00436286507499604,0.00869027371221674,0.00450728716769759,0.00360228830954836,0.00568560405701811,0.00523300118625961,0.00212758721547883,0.00588052767268801,0.00339619737731688,0.00217360271205895,0.00370177463286871,0.00504641847386321,0.00378963045576521,0.00114190550889625,0.00849616706814565,0.00201520821307465,0.00200512303598417,0.000193055504244012,0.00165131365254305,0.00251564685572212,0.000411775979393923,0.00186393927436474,0.00848437386744832,0.00162307169653587,0.0021062757775604,0.00401004380210923,0.00220270989629694,0.00100338070165955,0.00616421003672095,0.00731909238114832,0.00607572798502509,0.005316801758516,0.00231101444574892,0.0100328825059474,0.0119876263440373,0.00363289871595555,0.0117657035575872,0.00958733221655954,0.00701449762003272,0,0.00344960934518693,0.00656556716251919,0,0.000769336188922599
0.000548696042292059,0.134287714576128,0.00117894841821531,0.000428880161343955,0.000455777296085209,0.00123045141853082,0.00200471348101053,0.137092680796756,0.606206580958538,0.15108864292065,0.325283267689088,0,1.63576356657698,0.0801943212094996,2.67211657174009,0.936885213975501,0.00203658251805833,0.0025363649604804,0,0.0379598020563958,0.0146165072121353,0.0170986878043168,0.259710293866454,0.0160960297359415,0.00104326805872772,0.00173532970474726,0.00634353488096211,0.000761951142383092,0.0011279121786783,0.0102741583933924,0.00795093582519471,0.00302498517879943,0.00675550423062745,0.198631545249339,0.175229972541073,0.0777965551470985,0.0285110330854239,0.675235970664175,0.675725817692041,0.069365771827911,0.00124174222125195,0.0427754846906841,0.0302966776517326,0.524620152069308,0.100557411997887,0.0452729336098478,0.00345506733460326,0.00388612618376072,0.000963959611854125,0.00490015004119955,0.000512834924919381,0.001299927980892,0.00183409554263346,0.00160886871213618,0.00161264393768528,0.000923933392518268,0.000435725608113259,0.00610275526876808,0.000472902122077984,0.00282991510425498,0.00456378936282413,0.00229430309299891,0.00457085857218564,0.00332600759588268,0.00182655312342357,0.000694072876585019,0.00253981092171855,0.00257812036778644,0.00275743868147854,0.00108540645317977,0.00179884610172485,0.00174849697672143,0.00153718723663379,0.000878990823992676,0.00224210524288896,0.000956504221004831,0.000370783050526222,0.00488101394485952,0.00499722368329777,0.00163911668583309,0.00152373681341327,0.00621669964354754,0.00367635512263995,0.00726101241184636,0.000544082195276008,0.00180611922453986,0.0133889745901875,0.00392039634849538,0.00179995626282673,0.00372050520328738,0.0022035090435657,0,0.00161085479947684,0.00369777187319137,0.00155678421498162,0
0.000160562224969371,0.0742249930617777,0.00289154762656453,0.0021369414991035,0.000471423343687978,0.00139586975468585,0.015263405194821,0.0108189063099302,0.00317927843789752,0.0413613436498548,0.00381022484788177,1.63576356657698,0,0.0102007985912106,2.1845515234874,2.56270384406839,0.0233671258029585,0.041283371960346,0.0167706454027582,0.808658174164981,0.961150099865442,0.868096709960065,3.4380200619718,0.180072565102228,0.000756319895036875,0.00680705471061275,0.00377809064819341,0.00053858450440275,0.00773451088944455,0.0802451547356752,0.153692605433511,0.0248804660924827,0.00234059347595354,0.0227599515435133,0.145326372287173,0.32437373762898,0.00747564349336684,0.58181225444456,1.8201173461848,0.378753668684622,0,0.0217670331861186,0.303083335689794,0.00707987497624017,0.0905018176112652,0.283448805095391,0.0704787247679275,0.0535784504019142,0.000828443666844451,0.00234563841767874,0.000281688781121921,0.000664963366350607,0,0.000431705066032351,0.00339239234878124,0.00114431423816277,0,0.00289034345695808,0,0.00357850936092975,0.0036871312227067,0.00113620061705061,0.00257979463435549,0.00201638899563941,0.00308520194757168,0.00356387891610626,0.00356296861183647,0.00406411714652237,0.00209771029606184,0.00315217148825804,0.00102282335387522,0.00507676439859688,0.000276250931042204,0.00533562160885693,0.0028088927336161,0.000534874019342033,0.00175263747556505,0.0247417585178143,0.0263365379461852,0.00385303187359611,0.00180705829905584,0.00638300988686746,0.00787967552626359,0.0108742760951794,0.00159466945404072,0.00316206070644451,0.0101303920279251,0.00427285878917633,0,0.00135761736611966,0.00209957480976125,0.000262132212462796,0.00181170018806712,0.00333642179593946,0.00171551787182312,0.0017438178357689
0.000562112851010748,0.0945033009162238,0.00218833887794754,0.000985246197954127,0.00465619789951735,0.00200667372028692,0.00234769828627717,0.170468014720662,0.0119739664330698,0.00883582895019092,0.332773284583719,0.0801943212094996,0.0102007985912106,0,0.261051046614227,0.0132740637483282,0.00157381405069165,0.00123593871800975,0,0,0.000346729690374786,0.000746305031364264,0.00269434022305611,0.00240879849498726,0.00173721180835684,0.00434827860359446,0.021640380701856,0.00228392421090599,0.00703845067114578,0.00622374799248871,0.00203766731463231,0.000802933148614765,0.0208414684251645,0.256338631990735,0.111861969488335,0.0411629481373153,0.250954772641361,0.284458430459711,0.0992547184876876,0.0055492751036566,0.00615934319438495,0.0168133509316217,0.00467088685448452,0.0669262430558383,0.0492230405158028,0.00453815678323212,0.00725317246564295,0.00283010550556432,0.00425496293778059,0.0240378202300065,0.00331744015878154,0.00536844670172347,0.00833311641413487,0.0125108460062493,0.00846696082136033,0.00797157288039356,0.0119178100535539,0.0241302606335013,0.00909099556810952,0.0143716235904327,0.00730029105110511,0.00665207963973918,0.0108129761678162,0.00928320630626946,0.00763357718784331,0.00151656654777997,0.0129209241658326,0.0100328918078736,0.00403459877369322,0.00130756426963143,0.00574797323633517,0.00767300054530718,0.00269117101736144,0.00159702415839377,0.0159785438551573,0.00443991187941924,0.00887477753286807,0.0109208349725163,0.00667421479068884,0.00454211943450358,0.0121678511113459,0.031119941453587,0.0158999579795504,0.0123785983119424,0.00179435916204257,0.0163830547885894,0.0386404191280078,0.00942771086291827,0.0352125591937466,0.0259688219470841,0.0255478883133265,0.00278033472176098,0.00912530194741065,0.0203420928817808,0.00121236567821859,0.000993348416305686
0.000984259840473282,0.143908693113879,0.00225886166124897,0.00158641064833735,0.00395371132865097,0.00221228500857581,0.00113375843377959,0.39737011403755,0.108448839217623,0.0447555224534649,0.391839649274332,2.67211657174009,2.1845515234874,0.261051046614227,0,1.53574034012428,0.000411376412224987,0.00103472266033201,0,0.0101752383379628,0.0026885651282308,0.00827197316296504,0.250779161011899,0.00772102243178816,0.00400039576172419,0.00267377033693708,0.0205152436777649,0.00368616967005197,0.00221431215045385,0.00483916147067581,0.00388957327018066,0.00127051201827642,0.0192506476652531,0.0932436535074976,0.174900650372837,0.0687987101751922,0.0621893263168553,1.23147831264327,1.65319014624207,0.085008949373592,0.00157341384358911,0.0236661623912403,0.00527225946372491,0.237592908048928,0.0224982862862058,0.0137298216807693,0.00215529500638659,0.0070180772295936,0.00439990691259667,0.0223488757037191,0.00122749076033508,0.0027942870486846,0.00629390978814825,0.00835411362229421,0.00690264737205382,0.00955850667525532,0.0059508645717806,0.020671499461493,0.0044996413475584,0.0251078820019593,0.015955726510995,0.00259563576290156,0.029507846095865,0.0249110219442577,0.00564938698831155,0.00105212999856715,0.0102114106491966,0.0109487273165005,0.00467758585349241,0.00193423492868184,0.00575615255796116,0.00156887134704187,0.0031576112914589,0.00323948593765002,0.00998236930208682,0.00158183909488747,0.0042441596966702,0.00705392704529787,0.00455083092869216,0.00224786456591753,0.00751911442765319,0.0304702587552058,0.0194821245016066,0.0176630075178389,0.00289677212794551,0.0193510825839162,0.060956012104205,0.0134715054348748,0.0113552474163507,0.0151779542609201,0.0181036169559436,0.011969746966581,0.0123057639238595,0.0281498259998105,0.000674065595139314,0.0022694403371402
0.00050473954110168,0.0213642171836418,0.000483799239138279,0.000570025559825041,0,0,0.000847815091219938,0.00702474909659185,0.00317427084596061,0.0241024513953638,0.0119865867773684,0.936885213975501,2.56270384406839,0.0132740637483282,1.53574034012428,0,0.00236941080941275,0.00219781115761213,0.000354047902079574,0.0616554858378557,0.0216004955610956,0.0636425931708544,1.10657962450149,0.0418491406921295,0.00521980557254326,0.000751620984560081,0.00161993461678634,0.000119338895876793,0.00234049104414456,0.006041020299032,0.007906781436413,0.0113371570489539,0.00107683374326437,0.017703751080948,0.084543668169437,0.0998506989144581,0.00956620256480719,0.785852661159513,1.84934105604281,0.225950914850463,0.000449844763844014,0.017400053851672,0.027030318332937,0.0128186990647721,0.0234254201801189,0.0418336982560815,0.00412285323070043,0.0167205781119436,0.000359172242985241,0.00186436741078113,0,0,0.000572345542470779,0.000803767653498461,0.000257548540122516,0.00081739601982717,0,0.00208652213216561,0.00088534795270101,0.00234750708171132,0.0020241515671236,0.000951924073191127,0.0011585627504852,0.00518190686371811,0.000224674270965009,0.00176773824835592,0.00138437884766751,0.00230307696881312,0.000204317885618765,0.00052760763895449,0.000990955692784191,0,0.00128927975322761,0.00103005397852017,0.00524949700754208,0,0.00129027676547439,0.00178887186270515,0.00411776861811703,0,0.00124500125972933,0.00636859518256789,0.00426594871092632,0.00387280211872663,0.000838473285564604,0.00211771597330084,0.00494757747648367,0.00189638049540829,0,0.00152156188348778,0,0.000412671085201894,0,0.0030871148624699,0.0006848886019582,0.000413266642079274
0.00548993555658393,0.20627217954178,0.165006330362444,0.243540822223157,0.00457495409944235,0.0763077265945514,3.12356263709318,0.00363631005292242,0.000265590143861639,0.00177901739186064,0.000115560443414431,0.00203658251805833,0.0233671258029585,0.00157381405069165,0.000411376412224987,0.00236941080941275,0,1.82819177223086,1.76510827675666,1.91783551028698,0.465656732511694,0.298355912355695,0.0148673426137639,0.0113403357649374,0.00204894072628146,0.0687163711751033,0.0033079195690353,0.00892571496017671,0.0551853343970421,0.193042655987212,0.506803207828555,0.00887841974351494,0.00428215173092199,0.0152648109846634,0.0127678767782488,0.0391344587699375,0.00181929157212375,0.00353264104056529,0.0087246948234718,0.00589478536239248,0.00710855430293291,0.360894084551429,0.551403752777668,0.000595110326549395,0.0202966001634829,0.043341813254304,0.00762989952591289,0.00501691269939188,0.00341655961645502,0.0253106177138111,0.0197472456304142,0.00782050393334677,0.000502943203057871,0.00112248719055203,0.359282246362839,0.00555848490793383,0.000922008037724587,0.00590174097541533,0.00141554169308968,0.00267708496952103,0.0030177215610893,0.00180928036057136,0.00157461870409936,9.35959993563808e-05,0.549387033804374,0.245319141152551,0.0761836886001089,0.0470910673101857,0.0269982559087167,0.0438701001729846,0.000645093818326032,0.00490405723288127,0.00172188202133833,0.0406036888300178,0.00337553291494506,0.00708702167407471,0.0175158400610622,0.0926342363218372,0.259931710659181,0.00407397174626786,0.0059888356663364,0.00798175120989312,0.00726635396683779,0.00547035062055719,0.000955028923750071,0.00295521053580923,0.00250857321852483,0.000384907196642148,0.00082049846984078,0.0127599146375804,0.0295723480261241,0.00223464386598417,0.0037921399027128,0.0178596434949881,0.00114514469773511,0.00058604699823288
0.00153893802323529,0.0551442822634794,0.0535130250922862,0.0365241985754168,0.00239233113249446,0.00718055867794913,0.842354008302914,0.0015934736878243,0,0.00266667918714784,0.000593007882349603,0.0025363649604804,0.041283371960346,0.00123593871800975,0.00103472266033201,0.00219781115761213,1.82819177223086,0,0.530569539523188,1.18717870569518,0.992344283175428,1.20455273461066,0.0297444489417234,0.0236632105548795,0.00199787828990901,0.0636185948263706,0.00117410125068854,0.00451666545903921,0.0310037285921717,0.261714137150952,1.07555855798866,0.0189142117332802,0.003456357905682,0.0148297903478801,0.0250820504776959,0.067327887759194,0.000875511564894984,0.003572524566699,0.0154039309794312,0.0112072763385956,0.00028718283828541,0.0356838684178186,0.354699936202754,0.00250054261484346,0.0102539046605968,0.0573857644838588,0.038164460981881,0.011939671777779,0.00115152998266781,0.0241103047830612,0.0131602894075937,0.00353897784866346,0.000657364883728718,0.000947222153351501,0.183934383986616,0.00493135924354911,0.00179888435141317,0.00720707539650977,0.00086475143031459,0.00155424656151269,0.00699853566231712,0.000800272021949898,0.00148251698999129,0.000826702235656642,0.382760331290424,0.544554507831536,0.0664064519157825,0.0848633744116642,0.0592868442959756,0.108037349441665,0.000349148077553719,0.00758457184436937,0.000754414396709639,0.0382857450584724,0.00199573484042737,0.0037702719090222,0.0172496462956664,0.101591123073136,0.472576834075866,0.00926248836652464,0.00184592279411857,0.00812016275745508,0.0107007378182725,0.00655046783170756,0.000193165237749315,0.00723337166665477,0.00448677353675309,0.00247404782268491,0.00127568555772239,0.0122516797006942,0.0388840726672099,0.00403733745447245,0.00528649961492613,0.0292049329511199,0.00101324896901167,0.000904299691722681
0.00123877852521552,0.0847368813156904,0.0220202765951528,0.059883273330928,0.00475952525291036,0.030698062765427,0.693939207105636,0.00144724496499023,0,0.0011711138535889,0,0,0.0167706454027582,0,0,0.000354047902079574,1.76510827675666,0.530569539523188,0,2.69438885648263,0.490540513185986,0.0474862950322007,0.0057904273284009,0.00287989140267226,0.00126185272450549,0.0123457430988031,0.00129244233432367,0.0023179470540808,0.0122340361489153,0.0576504156703345,0.0448880650252013,0.00129442240969091,0.00107920717415354,0.00230945192146952,0.00997215967368623,0.0109789113803968,0.000998491192368521,0.00110111018006837,0.00404219612595898,0.00267000984490467,0.0021346600800632,0.176168907377436,0.571986307326438,0.000531268896089114,0.0286838583229867,0.0512189802016498,0.00652834387968737,0.000813718109161436,0.000251147078664846,0.0033120000563523,0.000994049315644356,0.000414164025739993,0,0.000238077740569468,0.0163129636656046,0.000827575841474664,0,0.000827255483699853,0.00019240924323341,0.000359621535892415,0.0011503141953873,0,0,0,0.0137015088352538,0.00519922466911891,0.00966967329330663,0.00392669423362214,0.000831847848398064,0.00129044031305048,0,0.00112653319593985,0.000629389971188877,0.00436442166267268,0.00105811548115322,0.000834712441317109,0.00333116748886655,0.0115354419997093,0.0200508904852561,0.000510684155383467,0.00108470754094869,0.0011195079483374,0.000917962653612582,0.000149166588485077,0,0,0,0,0.000521069807362981,0.001256855375324,0.00231536961839665,0.000663826222495958,0,0.00271129840770197,0.00064653466218173,0.000115166413617673
0.000811124874015991,0.223787338687991,0.0272898521685096,0.0434606475578,0.00142377296247817,0.0181557263728221,0.64125688985393,0.00129830250186875,0.000213704294046052,0.0437523673428938,0,0.0379598020563958,0.808658174164981,0,0.0101752383379628,0.0616554858378557,1.91783551028698,1.18717870569518,2.69438885648263,0,3.96011524572205,0.882620202136603,0.306083871503909,0.0760505557389632,0.00060002609210155,0.0226554192600501,0.00298813094255091,0.00170390568772173,0.0133569739613703,0.170847581261163,0.195487958089519,0.0181014198265873,0.00124269158452744,0.0125967570041914,0.0999589937371552,0.228935632400837,0.00038461680080034,0.00812390269044939,0.12724746364218,0.0650604517456783,0.00439100171887475,0.0780215955893727,1.50885055819049,0.00464499425032287,0.2063220407936,0.67800304974239,0.0366379120753801,0.0106807449375129,0.000365247634779443,0.00521571550812427,0.00244488347219697,0.00056182369837312,0.000271106862926612,0.000158821504763054,0.0267727673693655,0.00137222291980479,0.00043687895501026,0.00242737014752921,0.000202665319490904,0.00108050335009868,0.00155259175643602,0.00017496048619936,0.000235466697063929,0.000193251925903748,0.0289484894952968,0.0235880930556694,0.00789414962259185,0.00933036590265845,0.00393188376967039,0.0043867420263225,0.000946061208699726,0.0041021045964408,0,0.00712967058531993,0.00235026884428865,0.00106863586764089,0.00529377920395931,0.0327252311899498,0.03867055011089,0.000903410045651537,0.00241118132055218,0.00513049875078883,0.00500294117579082,0.00750930130256411,0.000433753363700714,0.00164787499697723,0.00294064079485663,0.00130995447047805,0.000185660449442723,0.00380570344010307,0.00499821133655688,0,0.000243115831299184,0.0031800373626458,0.00142920933005368,0.000502697464906349
0.000711098697945842,0.0570173207761884,0.0290986360026003,0.0261057548388299,0.000701628249830103,0.00762257124914832,0.231863801458989,0.000753194584568753,0,0.01574591945021,0,0.0146165072121353,0.961150099865442,0.000346729690374786,0.0026885651282308,0.0216004955610956,0.465656732511694,0.992344283175428,0.490540513185986,3.96011524572205,0,3.22673711618607,0.398891092326397,0.0690207108463022,0.00112880408176842,0.0285032630580292,0.00107132582719987,0.0021370861637855,0.0175513207422382,0.358748950198809,0.353317885678016,0.0191269767196383,0.00204671738577325,0.00974129229923754,0.0588656827603595,0.139101058587573,0.000768564896241886,0.00592641664723159,0.0616995987197175,0.048462754411182,0.000496384375982817,0.0276603657915844,0.473510160282923,0.000927487363999106,0.057487624324838,0.242675961903127,0.0993995898498824,0.0239567086951237,0.000497338052205337,0.00599849410597944,0.00200265960061069,0.000382518474525877,0.000302120411097617,0.000298123780399938,0.0194610758565996,0.000795235383257967,0,0.00106719579826048,0,0.000290445556306728,0.00120180912549596,0,0.000674748265899618,0.000515548341802211,0.0205047470043131,0.0230369604914328,0.00650977210860035,0.00579156878113032,0.00585710288866082,0.00523830801269323,0.000328708916919584,0.00495858078480932,0.000129597358002193,0.0142918827208969,0.00142013868765405,0.000535880835897135,0.00438574937708094,0.0429943344763966,0.0441695759759088,0.00177674341197222,0.000942258678461794,0.00400348841591355,0.00211115840636623,0.00810837930679433,0.000340968587481984,0.000674285117058836,0.00380569302944509,0.00191218048702439,0.00090717548840958,0.00148126147161712,0.00506984295594484,0.000261307337314347,0.000528899694564419,0.0018080586852219,0.00328874450674152,0.000962117620820374
0.00109865464561703,0.0385783796612594,0.035602612123848,0.0216082232655157,0.000525102411391622,0.00298257998551125,0.164174076615599,0.00193124841376649,0.000209060939303424,0.00862051295240095,0.000109589007528527,0.0170986878043168,0.868096709960065,0.000746305031364264,0.00827197316296504,0.0636425931708544,0.298355912355695,1.20455273461066,0.0474862950322007,0.882620202136603,3.22673711618607,0,2.10087848551529,0.648727408043155,0.000614046338221007,0.0649595383136008,0.0023505444341157,0.00342127023192225,0.0377747987313961,0.35818024385829,0.965001238518085,0.450970953618953,0.00156595729111023,0.0239580240239656,0.0539895025288045,0.400866281762942,0.00298710860170395,0.0103056510046171,0.103011223834875,0.27886637402593,0.000420150884451758,0.0083953448912497,0.111522357646924,0.00334136745522857,0.0333012286755297,0.0903166747673248,0.150504066692859,1.04622590023924,0.00104613345489221,0.0110030624133562,0.0100384792102951,0.00344359370462881,0.00037179149146604,0.00121670657866382,0.0592165923901572,0.00188102813668127,0.000937121024511095,0.00515242992191837,0.000321006076521066,0.00218841738355518,0.00488213510520156,0.00070533207875348,0.00285187064499239,0.00279150777267898,0.115451599113558,0.208034061621655,0.0280261684874439,0.0479689600554079,0.0463285358792789,0.190952408122391,0.00815799728929995,0.0381353516527814,0.000643039394452351,0.0319519362031217,0.00309453874107173,0.00291637786004427,0.0206310542768431,0.116101872669375,0.349823593171617,0.0874031845057142,0.00316929931992823,0.00721901025132242,0.00884150183875279,0.0535290191618002,0.000721270475228112,0.00463967052524931,0.00870626004847895,0.0138353079406382,0.00114108804549687,0.00452302859874648,0.0199445418474365,0.00154965812486031,0.00390519930532104,0.0146773059693782,0.0141606166991089,0.0579156678637842
