0,0.487019086229918,1.88594609164954,1.98484052467831,1.43142476121353,0.199755754457344,0.126329777657814,0.944037297953936,0.0538825751742013,0.0144367243710028,0.0511754889741401,0.0217551101126379,0.00690051263674792,0.0236414228061117,0.0317415140218872,0.00555370540237735,0.0355000033957604,0.00579845277460903,0.00866161758023015,0.0119624593575085,0.00658913701775799,0.00898600772620632,0.0057444459517206,0.00149477942396468,1.00959023794736,0.0352257663194073,0.666392514849546,2.50049494361482,1.1965535569804,0.0578885547234964,0.0143983021714941,0.00153763945886226,0.938018464445945,0.328944858701089,0.0492813816703018,0.0184135491705364,0.0193200433100601,0.0250350533417333,0.00391843171957534,0.00215468323676816,0.130513074993049,0.0720058149572548,0.00915917564876349,0.0426017860523832,0.00881839977560058,0.0100084488266093,0.000171732166138916,0.00197855883523378,2.10031546871686,0.13053507314348,0.656212325144545,0.0584583986085282,0.0345467725290499,0.0142644239613918,0.0495576735356342,0.168696482225764,0.00679015313333342,0.00698778668874061,0.0120538028364873,0.00712446800499855,0.00227724577343906,0.00850177694986557,0.0107177961988656,0.00297645672177142,0.0222138584822813,0.00470887292488537,0.00469164954580436,0.00400541026180959,0.00297434228515284,0.00532409529334771,0.00369566333936147,0.00118635186987428,0.867097210962446,0.0642115726396559,0.312510458773696,1.05841011224593,0.779313969573844,0.0361914549891312,0.0185902354620226,0.00062034155425234,0.30064696760319,0.161583219850966,0.0444747427014753,0.00920427385209698,0.00876529574679366,0.0193443235386905,0.00236239790284946,0.00126024811698106,0.0245354522158682,0.0184177231420309,0.00614972855840266,0.014423789517565,0.0039548176741727,0.00517668498634367,0.000114544908596229,0.0031206616538925
0.487019086229918,0,0.222588235033773,0.271151569408088,2.42286928632624,0.988248035271519,0.498829229070683,4.34869583383066,3.53954311673125,2.99467630642444,1.92570870192357,1.4027538383886,0.100359724855527,0.236851385842306,0.449593764735692,0.0430765894299736,0.787043219480599,0.0480601595470733,0.678225635841919,0.181067105166294,0.0577011313329159,0.0260486546814052,0.0245570498015943,0.00199759375918473,0.117532146447518,0.038565857853292,0.69176301123341,0.136244630509819,0.181210314602954,0.0519634061456563,0.0144380909878052,0.00406564152132013,2.16083334862923,1.11436484771818,0.198016318596247,0.0262448580359161,0.0701802135333075,0.247238798254725,0.0211230453204907,0.00774331981946286,3.69299173078324,7.85481009250077,2.3013674693757,4.70803204364003,3.16651665277932,1.74919384555112,0.00310537323930804,0.0101649297550636,0.0648035194232155,0.0409544135632215,0.0741789514691488,0.0207863962249347,0.00612329509495805,0.00559628141885789,0.0219840644097171,0.0458161452426677,0.00554333862289409,0.00590221930021692,0.00442863269187167,0.0108484000706597,0.00717724066510553,0.00807923438108302,0.00950379976178928,0.00456541836197222,0.0142434145939785,0.0079020005029292,0.00912918670162736,0.00458081204789235,0.00356066684227092,0.00376420632311264,0.00320210604752658,0.00107361199794048,0.0989693833412191,0.0364175106577167,0.176586021617913,0.0765725200062326,0.10826712706592,0.0176089657275816,0.00766272037149959,0.00113849093261601,0.0601982109865405,0.0813529651043428,0.0428581025130025,0.010479677366527,0.00878621210395805,0.0162037407185068,0.00219168738992641,0.00185785158347321,0.0148916923794603,0.0073505487518562,0.0112970585361036,0.00507307764187878,0.000656576631996128,0.00380391041989742,0,0.00414711965049626
1.88594609164954,0.222588235033773,0,3.3465464130451,0.0698117043388906,0.1750905438585,1.14476645862044,0.121338622940033,0.071402128351182,0.0626675816886792,0.0284966007251023,0.0419306513361133,0.0383806764058054,0.0130256565845054,0.035696360665055,0.0210132412483931,0.245068384682391,0.071161166066168,0.0631380937546558,0.0657157550628453,0.0573935313179987,0.0466912730366712,0.0231714271822041,0.00774947522621979,0.123347921411043,1.23234911774679,0.136821621692703,5.54928227660434,2.06422419168252,0.332783685923934,0.109079530398188,0.0149978861180465,0.0726693045744894,0.26403474734281,0.200773707006282,0.0433853052719173,0.0107217912321982,0.0374283461659246,0.0157781961777507,0.00635427329188829,0.0312087386720926,0.110985097641359,0.0312601493893698,0.0802975349224259,0.0376552799537185,0.03323356448655,0.00215876783524246,0.00729544443595914,0.590800925071749,0.142945294487228,3.45988819135018,0.141916500736835,0.0445666263752259,0.0287167350815188,0.354902642682232,0.0802294409609914,0.0128117814864977,0.0180000775817239,0.0246987051654576,0.0200300409792248,0.0104145672277339,0.00660487965120904,0.0236005312246454,0.00419377611640205,0.0947409508310085,0.0268924728684391,0.0236811941446295,0.0163494043024225,0.009102222790636,0.0238086230582355,0.00745489116457891,0.00951856825152822,0.163572990796215,1.04401976230142,0.0906326101064761,2.38604995922701,1.43333666757888,0.222407456961956,0.100582815450099,0.00894007206682831,0.112019426394803,0.179797160339401,0.146982616462449,0.0297162454196667,0.0116172193326944,0.0276240414443995,0.00531478151834294,0.00379840071529416,0.0297316421984508,0.0510339533960977,0.0166865879497236,0.0221296089560161,0.0153775554769221,0.0210294134800827,0.00156181490724272,0.00569953284808998
1.98484052467831,0.271151569408088,3.3465464130451,0,1.09486383852316,2.28218035527372,3.17589354978987,0.150643679635732,0.0872039512225679,0.0675675050725635,0.0536547747308287,0.0315955791451896,0.0407384004994096,0.0147504025537447,0.031132178838183,0.0142268347458,0.357052906569619,0.0664522116278441,0.0617911469764282,0.0909941761537076,0.0776005594438664,0.0371724965296898,0.0166022339127049,0.00179968563749988,0.00827717897476224,0.0405902308111399,0.100357480765081,0.0851191751544058,0.18508833104741,0.0315418054017122,0.00512039909866703,0.000828344055463136,0.0628762583336644,0.226404611974072,0.116516364624593,0.0122131301223756,0.00384509573114811,0.0223683993235957,0.00735352171040319,0.00525504941072816,0.0739123944274722,0.153936839261066,0.0390904062474078,0.0921863994098806,0.0266740623510609,0.026745366046481,0,0.00114036989242645,0.0246861901095142,0.0472153971863273,0.111550883594864,0.0362567132240027,0.0062566951001502,0.00606600092683842,0.038136239503696,0.0284741672304938,0.00373968285523971,0.00625509515694911,0.00391221834022323,0.0027270563169897,0.00384782669379219,0.00306577173372708,0.00674530368145909,0.00134274130391628,0.0085118897566195,0.0066898572411395,0.00561720030318205,0.00559907870424611,0.00260090214791314,0.00434828879194975,0.00021719963981142,0.000244000818175411,0.0142924258373317,0.0542598206876192,0.0464914585843571,0.069621893179782,0.112037637331406,0.0251173708906472,0.00691525958025727,0,0.0290399504330362,0.0596621325615367,0.0391172457027101,0.00308287828676363,0.00240524188536463,0.00590047035915821,0.000891617170596715,0.000826529784568819,0.00865163701954084,0.0207229894626266,0.00851409300490774,0.010811569359452,0.000458271961995802,0.00827096834470076,0,0.00219264872888646
1.43142476121353,2.42286928632624,0.0698117043388906,1.09486383852316,0,3.35033247495058,0.24921314707871,1.84118201618195,0.500862603386099,0.064367781280717,0.289238124376369,0.0537569829529899,0.00437660914409954,0.0305783395242315,0.0499986181459076,0.00803493964076821,0.0326152065320538,0.00611570126158235,0.0306659175520539,0.0168695585250062,0.00965389228780267,0.00116809435848415,0.00168856286650368,0,0.0443497757860138,0.010005734269161,0.196608049466984,0.0932611998171938,0.0809594484424976,0.0151975989658044,0.00320535974767035,0,1.63109645089751,0.210559057853992,0.0392228667985353,0.00547561000673547,0.0135075437623579,0.0169587283854609,0.00615519332718414,0.00400244437667457,2.17334080412434,0.516012470878737,0.0190027224951826,0.264375283578193,0.0649789965299926,0.0129176690525175,0,0,0.0349534334531528,0.021202833456645,0.0291619703400438,0.0105466393892365,0.00488620161011484,0.00665524312724222,0.00546984331639352,0.00871597466474978,0,0,0.00190118507378084,0.00234207937908954,0,0,0.00202596688934265,0,0.000993933897186047,0.000605819748938623,0.00209229329937022,0,0.00130708311827304,0.000476504061975649,0.00161761413790894,0.00152097897726744,0.0465365582468961,0.0201285352499485,0.0858712604855098,0.0620268588858443,0.0728741159509387,0.00501199840520633,0.00307313460322241,0,0.0382393150705949,0.0323246989780036,0.0257166967689678,0.00112681063336753,0.0009372043099121,0.0053307674515908,0,0,0.00986451615952017,0.0102081649559946,0.00233384127214475,0.00837671122812123,0.00259900384337786,0,0,0
0.199755754457344,0.988248035271519,0.1750905438585,2.28218035527372,3.35033247495058,0,2.24221063136964,1.10845016463067,0.591317359517658,0.160115379330957,0.247836941807825,0.0550237049306567,0.0122237990402742,0.016437061599439,0.0342094014598386,0.00735198457700858,0.157716432726149,0.029390079105239,0.0700241032481428,0.0391451224531052,0.024208404440544,0.00887108035826697,0.00703959715289451,0,0.0182507720191842,0.00861836472591899,0.0952814158278572,0.0475412507224854,0.0817631516942658,0.00603071578227622,0.0016559505148488,0.00079898281083006,0.327783315356394,0.167456448219191,0.052590047790683,0.00222677894203081,0.0192984879386877,0.0275884441735587,0.00133489451855501,0.000545463468070578,0.902043760000022,0.66826048397245,0.0503652441722791,0.437089783254105,0.114487944402794,0.0779850423083551,0,0.000351102682795389,0.0141516118836102,0.0203933777028062,0.0417527468211196,0.0106273122751442,0.00879557178030348,0.00716833888121748,0.0108654847641654,0.0082413974865293,0.00293304965109875,0.00144593170929531,0.00248241727583925,0.00251515312764314,0,0,0.00158595899119973,0.00063611781637396,0.00566130067522386,0.00168923324020456,0.00427813117091856,0.0020631920192038,0.0013095458945445,0.00115287752691588,0,0,0.0156448010962962,0.0222366716144237,0.0504673218161067,0.0367825435648911,0.0553758021974017,0.00582224874488894,0.00227374945191516,0,0.018761626770536,0.0280251874854964,0.0176115612082577,0,0,0.00132167069337109,0,0,0.0130875449158172,0.00621255497803419,0.00181289304371571,0.00232734415165736,0.00475855113664238,0,0,0
0.126329777657814,0.498829229070683,1.14476645862044,3.17589354978987,0.24921314707871,2.24221063136964,0,0.324299882815375,0.334731634158113,0.241789907279832,0.13860898395526,0.142849335554604,0.0828343782881179,0.0222478771106329,0.0761168734266688,0.0516919109210259,4.91377365860183,0.907532866408769,0.407741324858901,0.541892946802087,0.284113837412913,0.209568328944088,0.0443173690692571,0.0409523196706922,0.0114552866726989,0.724449141464659,0.055730983617287,0.168408612483742,0.395826727495113,1.26881921460676,0.520592748238559,0.0493924083144532,0.0617039079500731,0.211980435169506,0.195612480206564,0.132130474994285,0.0127004477266681,0.0464932041181739,0.0216134760573956,0.0219125988546396,0.0986886229010929,0.468878849040375,0.117600538761236,0.25191530190895,0.123555034999074,0.112260273223652,0.0126256300590652,0.0261426976182957,0.0241021692171045,0.039962248128544,0.304590271879396,0.0302300482860653,0.00543248522996111,0.00483864973470182,0.840927293657345,0.0200841435115303,0.00346530166124972,0.0196751513522039,0.00832344477377022,0.0238377325601229,0.0155402989595693,0.00563845680960465,0.0218374901695811,0.00578939650227645,0.246322807283208,0.0553292233714483,0.0216730121783762,0.0193427371077397,0.00956946694610934,0.0438680987294574,0.0132404794486265,0.0233642145603368,0.0112806763791304,0.83392704947316,0.0265259207136336,0.17002959452595,0.494433640344373,0.673737321106981,0.433984890744526,0.0214424977893888,0.025062777158297,0.0457630194454223,0.0873974643656614,0.0698424293525695,0.00486039794051069,0.0221487701690631,0.0067286817656529,0.0111709626329119,0.00458095474011468,0.0137154437346278,0.0190086043435771,0.00948570184589469,0.00604458535224225,0.0126467063894862,0.00352172460998184,0.0133585971087273
0.944037297953936,4.34869583383066,0.121338622940033,0.150643679635732,1.84118201618195,1.10845016463067,0.324299882815375,0,2.79893607199952,0.57365925325342,3.56886524583601,0.635292374728761,0.0506723292355451,1.42603342194422,0.693845070719569,0.0435571797616938,0.115016155343554,0.0284672795905667,0.0821927213626398,0.0601793460950935,0.0347644844548858,0.0299865735371901,0.0372842080779347,0.00798835655168262,0.354038547779554,0.0158869263182871,1.99830243229924,0.143043038695301,0.193262998643145,0.0573764594910834,0.0180020147583056,0.00462568549330894,4.29320541420637,5.2471362954161,0.392546831634433,0.0656952053283153,2.52021814353739,0.739550102652157,0.0677977381902649,0.0205408860334514,2.02848297509365,1.60181857491861,0.132853509011951,1.8652557984573,0.37822655863711,0.116057134707396,0.00268493746176029,0.0187462442062828,0.111915199372431,0.048733065790473,0.0454073893621031,0.0169472167556413,0.0067979602209277,0.00191337875547478,0.0174310458162664,0.1372393455619,0.00332783617231656,0.00667549427421121,0.00913080439728493,0.00734832491839377,0.0102938755948723,0.0095445621642265,0.013351144202998,0.00395446134030302,0.00767010729997988,0.00485821337901883,0.00660327436277059,0.00503244990173043,0.00235139791235597,0.00275473501671597,0.00270347499191499,0.00413827955297887,0.319891021614501,0.0211007820195917,0.700003286880734,0.0881680864794823,0.0862936301785544,0.0210311222959017,0.0156515379895295,0.0016829923286372,0.237338595550626,0.194721139086106,0.063428335865281,0.0141637909198816,0.0226779786780351,0.0184832110917867,0.00460847582512219,0.00332715330392675,0.00892693853999146,0.0125302210920773,0.00654259059215186,0.00719377473782208,0.000983337302390155,0.00111124881714011,0.000674223989676419,0.00458707982123556
0.0538825751742013,3.53954311673125,0.071402128351182,0.0872039512225679,0.500862603386099,0.591317359517658,0.334731634158113,2.79893607199952,0,3.2322427607727,8.63101799259043,2.10160051601913,0.0507678928242401,0.783275962941702,0.967394221143699,0.0277650476691157,0.305788036133853,0.0246652545412321,0.234146118566729,0.0729801874688967,0.0323827954414577,0.0165189348729435,0.0199828108427491,0.00376678458481766,0.0252160281458509,0.0134086121009083,0.096578876732867,0.0271451994837594,0.0267697169570364,0.021420013285823,0.00783025371546658,0.00283946382134471,0.30764170514686,0.237423731990069,0.092726341869696,0.0110437318353729,0.0881495060700703,0.352401522022003,0.011119494734335,0.00609597692855377,1.23128013188421,4.67391363369175,0.72445813386795,7.44489887328684,2.69028732180587,0.897654824361858,0.00414620271704025,0.00222231621786407,0.0055211634363614,0.0116324617286295,0.0197116929447812,0.00586038158049504,0.00196152453403886,0,0.00580848333101053,0.00709655255344994,0.0038537280189756,0.00175777618664219,0,0.00292427963479511,0.00107780469354779,0.00580816377069759,0.00415272935307919,0,0.00194264016905654,0.00305145731393702,0.00654311741904035,0.00134365837177484,0,0.000457273797543835,0.00196910936345343,0.00250469275276721,0.0145742921460294,0.0238416883032624,0.0481426095070066,0.0203310622678926,0.0291016812607404,0.0102636743716982,0.00312370242732407,0,0.00422874618143725,0.0186953868811564,0.0210653047603115,0,0.00417882151896465,0.00463806785827293,0,0.00111676376701425,0,0.00924828845626036,0.00983660104665789,0.00174650761132045,0.00377008886629404,0.00411537074616304,0,0.000708664275264476
0.0144367243710028,2.99467630642444,0.0626675816886792,0.0675675050725635,0.064367781280717,0.160115379330957,0.241789907279832,0.57365925325342,3.2322427607727,0,1.78973331841748,4.71706052484324,2.19263166409882,0.226884279380544,2.07738828420859,0.310261121545519,1.24000986869996,0.0835159891919674,2.02744602965294,1.20270753691159,0.350749109927764,0.0706917656782744,0.0690752493441946,0.00856807687279587,0.00573507975318423,0.0350677173689429,0.0445210401985319,0.00997117106759803,0.0264173004565766,0.0562442690003608,0.0226046860875885,0.0149431861160604,0.0653648229125842,0.1915342797828,0.170140762584819,0.0168869930290927,0.0223870428218684,0.379411978821128,0.0226113449446025,0.0113210308485433,0.191821323059408,3.6403822286834,4.18934699058364,3.02812746380372,3.94211241938811,4.62573475311431,0,0.0140570162941085,0.0024757628939951,0.0107634600533028,0.0123692983317667,0.00261344733149872,0.000821162529631249,0,0.0132440566848188,0.00620597950160535,0,0.00792270803410081,0.00217772049031012,0.00823212101044178,0.0083883097060208,0.00123759024555491,0.00836197792639015,0.00151144516704667,0.0096684148861842,0.00809378147073106,0.0107436816762427,0.00842306496745625,0.00246285963032708,0.00573113487126694,0.00588981038203475,0.000829364090741386,0.00741850826745622,0.0251408631268659,0.0169838577822937,0.00459469577766034,0.0134571220947894,0.031451997002302,0.0131499743259474,0.00102070650130764,0.000441767179325259,0.0159356435953805,0.028926527430111,0.00490272919347999,0,0.00715155014572016,0.0023030142196838,0.00204628657725571,0.000846555884953637,0,0.0148804641539318,0.000990998235571194,0.00283803558525558,0.00478090633172124,0,0.00122246918782291
0.0511754889741401,1.92570870192357,0.0284966007251023,0.0536547747308287,0.289238124376369,0.247836941807825,0.13860898395526,3.56886524583601,8.63101799259043,1.78973331841748,0,2.9480746243697,0.140908220531031,2.39263036925317,2.53136612976316,0.0952639949392219,0.126392736772762,0.0197347189423428,0.139563919264129,0.0978660219615654,0.0394057843166675,0.0259822373345165,0.0358787950162493,0.00579787315693235,0.024588438683437,0.0221266054669218,0.0918958489324826,0.0160534588947554,0.0431306760064978,0.0403653223116138,0.0184292243714059,0.00880674640490715,0.270610938574797,0.263412079530608,0.134380674097643,0.035871230249314,0.101895179951124,0.525322336767955,0.0435176655682122,0.0129358277921586,0.609303024325262,2.01489073384017,0.31106477118414,4.71242665064077,1.14358431106252,0.415123656752272,0.00942400097262719,0.0143416361013402,0.00564002793237095,0.0139896985509178,0.00993431703515815,0.000877141107998712,0,0.00118090497118473,0.00705566040240727,0.00941311914244889,0,0.010262855317677,0.0012019794818105,0.00286546360890993,0,0.00201540798069107,0.00869287426711154,0.00300643868552908,0.00411055224326552,0.00252404483108142,0,0.00201900354481621,0.00263656278557593,0.00238070602479011,0.00482402812845964,0.00266755009502978,0.0167517458439967,0.0141220782357462,0.0215079132844993,0.0166836652128682,0.0152301401246957,0.0129554760409812,0.00844158082302999,0.0031496267845972,0.00898942378551188,0.0188384334500048,0.0153180848793314,0.00819262241064041,0.00186351407038557,0.007572558409258,0.00419960209199149,0.000474625912723799,0.00198689634135912,0.00333237091726385,0,0.00728758454772827,0,0.00733522311164081,0,0.00114323521757121
0.0217551101126379,1.4027538383886,0.0419306513361133,0.0315955791451896,0.0537569829529899,0.0550237049306567,0.142849335554604,0.635292374728761,2.10160051601913,4.71706052484324,2.9480746243697,0,3.06248687370641,0.455596202860838,8.15970085316397,0.649709632034802,0.367894678870455,0.0876940781581958,0.487595526613331,1.02043432794399,0.317911507738228,0.101463601552276,0.104962591688829,0.0156251545655495,0.00361577663840539,0.0108294433208155,0.0472248748657913,0.0110627608717082,0.0289951850433218,0.0653980417715102,0.0406054308396531,0.0149283492564807,0.0594337900753957,0.183893374217905,0.19824401779436,0.0386841016641986,0.0318028545859587,0.476575590637572,0.0346311292149958,0.0332773453087583,0.0630382278070502,1.30212658921066,0.98044060156802,2.07604292727593,1.34110878996863,1.16342606243683,0.00275922212176619,0.0361830148044869,0.00279344223939872,0.00859033927499217,0.0101378625197133,0.00309582441681506,0.000827324061026577,0.00200860557179241,0.013600111078343,0.00722436322193869,0,0.00195321021744262,0.00159546617926065,0.00744770001927855,0.00450827078283754,0.00466131952672902,0.0201233820017244,0.00614297257828825,0.0112149216433575,0.00928141174235936,0.0102553214133607,0.004464449704763,0.00397553080558612,0.00770206555033614,0.00574601329198079,0.0125478829078561,0.00908378707374584,0.0193449751857022,0.00784618022209438,0.00427349373220874,0.0116255022269307,0.0272547313849431,0.0273118692643755,0.0021567015257212,0.00309991885918823,0.011662798667523,0.0261136889342128,0.00563842699279032,0.00229722621259475,0.00984134343029616,0.00187575172686683,0.00173552068228403,0,0.00405873379275529,0.0078290720172887,0.00255443921594478,0.0019986037872155,0.00302483109135391,0,0.00777587071887589
0.00690051263674792,0.100359724855527,0.0383806764058054,0.0407384004994096,0.00437660914409954,0.0122237990402742,0.0828343782881179,0.0506723292355451,0.0507678928242401,2.19263166409882,0.140908220531031,3.06248687370641,0,0.0493257558119336,1.71391168005719,1.81146159677477,0.144821169728683,0.143264128100463,0.286586939989991,3.76997200659399,2.94229445097288,0.839037657967244,1.82512002870922,0.0343763222408461,0.00745360721798805,0.00942521430003157,0.0211668593899378,0.00730831589848518,0.0181705032357754,0.101584880890699,0.0890881801452922,0.030226689874854,0.0132829224435424,0.0753409330414023,0.185996303657138,0.102039666468559,0.0135588111561978,0.0966587784995706,0.127914610677389,0.0808259624631855,0.00898769763617122,0.0899374314677869,0.286154058113094,0.0654435837751432,0.106336472924249,0.438429094811546,0.0155026795570309,0.11545080500657,0.001525611188299,0.00751050025668625,0.0107885880282417,0.0026638365881601,0,0,0.0148031208662606,0.00837910369729014,0.00114307794016357,0.00554873624015823,0.00212402348893193,0.00723627027652282,0.00837057703562015,0.00793511123798635,0.0264150536457368,0.0124752172215666,0.0105641577292417,0.00839218951648544,0.00859514509026232,0.00486098217057623,0.00877947665630246,0.0167918604575263,0.0258492682543973,0.0229086089848775,0.0022349948091179,0.017850756256481,0.00412660356636409,0.00521601989520006,0.0180971803860438,0.044943394709566,0.0576478471534886,0.0171838566007778,0.0036284189527014,0.0170885843872799,0.03509449625247,0.0261961814394182,0.00473090085854837,0.0185550289872078,0.00453832252055123,0.0147111534122654,0.00213003336631476,0.00364591238293679,0.00260033180737015,0.00187084275378299,0.000666785955273461,0.00342440117847398,0.00979810785421315,0.0288406594108472
0.0236414228061117,0.236851385842306,0.0130256565845054,0.0147504025537447,0.0305783395242315,0.016437061599439,0.0222478771106329,1.42603342194422,0.783275962941702,0.226884279380544,2.39263036925317,0.455596202860838,0.0493257558119336,0,0.71611388402986,0.0915848384715577,0.0208772861591032,0.00655036274143511,0.0365310691401257,0.0316566359791434,0.0152515858005344,0.0157982902319612,0.0335223270099768,0.00400053185235652,0.0167726008742963,0.00650065592024995,0.208046081983311,0.00921421433143677,0.0147250326438908,0.0286804455224133,0.00732860148991364,0.00853329115749005,0.163831624757,1.43570472958028,0.456448047882182,0.0554854345669582,0.766533452324138,0.688382981609238,0.102588164873942,0.0112847499162148,0.0782893128923245,0.12994585085456,0.0581612466692766,0.448682935065991,0.125042161283708,0.046528565890554,0.00491238389915577,0.0220436168727369,0.00652894894325415,0.00508584959173632,0.00335157091065869,0.000367909399688809,0,0,0.00561554177692225,0.0113492375780237,0.00253374875773313,0.00130145528931169,0,0.00294182729911542,0.000869541267485646,0.00177658866775898,0.0113144888965385,0.00349555850098175,0.00182723616639614,0.00407661359573106,0.00108903533860136,0,0.00279137562021738,0.00338898805933878,0.00657337278537226,0.00694598830982086,0.0288768313402424,0.00102721944059615,0.0719644401695733,0.00226039674914208,0.00657062346386747,0.0075891485907455,0.00949297943354575,0.00556771426246649,0.0163708925924024,0.0251711301392663,0.0134997844345338,0.0116063026271547,0.00386088775246397,0.0103747653907056,0.00265676563189378,0.00172143043501605,0,0,0.00261559973462771,0,0.00188720138950146,0,0,0.00332776949512558
0.0317415140218872,0.449593764735692,0.035696360665055,0.031132178838183,0.0499986181459076,0.0342094014598386,0.0761168734266688,0.693845070719569,0.967394221143699,2.07738828420859,2.53136612976316,8.15970085316397,1.71391168005719,0.71611388402986,0,0.91540200924719,0.120229912470416,0.110253481152402,0.135139324876688,0.547937052180994,0.217442686901825,0.132108846689745,0.283280960267669,0.05313752649638,0.0202391936072365,0.0182507702332628,0.1957090636434,0.0145404464490275,0.0528278980493702,0.225627579588148,0.0932668722743111,0.0283432938751001,0.131066954604928,1.78911702838745,2.16340158760159,0.430950634593674,0.32398350567981,2.71201443029402,0.951115654547614,0.179620371013058,0.0267524919126339,0.328308205888047,0.337296597096137,0.729455622076906,0.299761736395557,0.385541959709317,0.0146024650982028,0.104198776866292,0.00654771916261438,0.0137186731305945,0.0142119567755983,0.00272189907390869,0.00304431377031375,0,0.0198278584962145,0.0185385872178072,0.00469365439036531,0.0151535237195201,0.00512326575295541,0.0189305129163329,0.0207999377032585,0.0157056305803956,0.0269244135038932,0.0292959830166667,0.0257925787492186,0.0261406277812551,0.0136459368719709,0.0169409214566806,0.018502573206643,0.0220255147922081,0.0237681595020848,0.0154920722918012,0.0183854829726378,0.0213955290685038,0.0605058843953472,0.014085325627298,0.0214658198278594,0.0580684550146625,0.057347535332917,0.0143020625724379,0.0259980234352737,0.0424007457475293,0.0802729267380584,0.0423185664873283,0.00310806449164192,0.0412822057193865,0.0209826875941619,0.0170744854467456,0.00534027782162372,0.00954822236324065,0.0242522596335859,0.0126759604203347,0.00196734104035563,0.0171685840221402,0.0034099532266873,0.0296257332973971
0.00555370540237735,0.0430765894299736,0.0210132412483931,0.0142268347458,0.00803493964076821,0.00735198457700858,0.0516919109210259,0.0435571797616938,0.0277650476691157,0.310261121545519,0.0952639949392219,0.649709632034802,1.81146159677477,0.0915848384715577,0.91540200924719,0,0.0526492852541731,0.0777121876155055,0.0791129111748248,0.421278995316566,0.352210465987824,0.230438584733024,2.45145948540944,0.108940386810068,0.00577599034559506,0.00624919524647768,0.0177858350847435,0.0050462467712023,0.0085734691065836,0.15138871181032,0.104920698331305,0.0435364093782563,0.0113168257808576,0.0909324553792223,0.367352872330364,0.431902244618515,0.0332275952844676,0.394116401202311,3.09493206855782,0.739240177132213,0,0.0278444033736636,0.090486881661806,0.0434371156468309,0.0416808619621497,0.0641253623446289,0.0265443138003132,0.166056692921506,0.000795692633662046,0.0064575371860883,0.00749512707711418,0.000824103127028769,0,0.00182991862309337,0.0145018933225798,0.010706756247845,0.00434779386556272,0.0124596866116727,0.000833931582869166,0.0135777656511437,0.0332133211065777,0.00646141378960455,0.0356319795224301,0.0179488298915819,0.00879695071962743,0.0111158664396134,0.00900783226825297,0.00658041241900542,0.0208795417818555,0.0181345899566585,0.0475007169227518,0.026912503318631,0.00804405807091957,0.00913238671313786,0.00483267971527016,0.00460119927775829,0.017185220811871,0.0715154788784425,0.0716248727534935,0.00832699807595492,0.0100670906317866,0.0194595318677929,0.0571949325547075,0.0623973796510475,0.0108745378291816,0.0206829114864832,0.0160698641186789,0.0311428693633464,0,0.00198205859038256,0.00528897196484457,0.00384030616233543,0.00394547584892607,0.0101638842330779,0.0077290849886134,0.0455400339869494
0.0355000033957604,0.787043219480599,0.245068384682391,0.357052906569619,0.0326152065320538,0.157716432726149,4.91377365860183,0.115016155343554,0.305788036133853,1.24000986869996,0.126392736772762,0.367894678870455,0.144821169728683,0.0208772861591032,0.120229912470416,0.0526492852541731,0,2.44437931010165,1.61505951998287,1.3409200520317,0.515011889034937,0.527086828752408,0.057690493393106,0.0523305792672199,0.00216840701573221,0.161711567528118,0.0244396903215169,0.0551476838951255,0.11587067263869,0.640122909930095,0.547257895051621,0.0476877557775421,0.0303053820094597,0.10357898793627,0.161921662851976,0.101475416413563,0.00419453488784627,0.0541919978618359,0.0243673150088897,0.0147907290476395,0.0325258068706123,1.12687517796094,0.786627488266789,0.419217506667986,0.627345097570149,0.634744440683107,0.0144516057950077,0.0284635350699813,0.0092094010922365,0.0286788540741477,0.119801503865196,0.0119624119781844,0.00317999116738341,0,0.373789137716914,0.0150231215389021,0.0017614039550235,0.0139240575072177,0.00991982169508022,0.0219600949216843,0.015369358303715,0.00634789840611973,0.0348458091921952,0.0138609481942174,0.191504050911068,0.0721548775460085,0.0238372828862657,0.0224299951990032,0.0121141981917731,0.0467533004089818,0.0101864090546386,0.0108615298237998,0.00354973319362429,0.236455119105088,0.0146122491282418,0.0579263806972654,0.142416091713653,0.353558002739362,0.380609400598296,0.0289993585552302,0.0136549928236122,0.0323220733674426,0.0644621107602478,0.066144553583464,0.00331095563996767,0.0214575384080149,0.0087811369823158,0.00740243524322471,0.00449164765119875,0.0102029068610004,0.0127233608363977,0.00644483605359839,0.00989438493690009,0.0116143433825628,0.00691514809154177,0.0112723721143123
0.00579845277460903,0.0480601595470733,0.071161166066168,0.0664522116278441,0.00611570126158235,0.029390079105239,0.907532866408769,0.0284672795905667,0.0246652545412321,0.0835159891919674,0.0197347189423428,0.0876940781581958,0.143264128100463,0.00655036274143511,0.110253481152402,0.0777121876155055,2.44437931010165,0,0.324867991763439,1.53519755783495,1.60994654807377,3.16539380467557,0.121952445658017,0.0357708717103696,0.00117588714756711,0.0293996795984083,0.0167754190125091,0.010173466719788,0.032305122664542,0.191606741854865,0.263540750843021,0.0495468157132649,0.00762457478999569,0.0663145828079201,0.156315766543563,0.0772387501593704,0.0047249455534823,0.041051556381721,0.039276407433824,0.0127779192182393,0.0068311222828801,0.0368942088043379,0.0785317390332933,0.0266660130240079,0.0187813264911026,0.0380283547091156,0.0147479513593029,0.059146625014896,0.00140512927803339,0.0157270945269874,0.0188230163846252,0.00300599935028175,0,0.000531646806318536,0.0443170794145031,0.00853186194427325,0.00293411886148359,0.0106194051842806,0.00314322729819252,0.0206423546204283,0.0251826449882847,0.00564184392812636,0.0408761321884867,0.0203003146730867,0.0336611974625931,0.0265562492306614,0.0128356898208415,0.0242327919901996,0.0165264230497591,0.0355317394081829,0.0212057756021445,0.0261841554738023,0.00180691480406787,0.0455038686936445,0.00485284890759712,0.0110178335934985,0.0231898420704462,0.10081693459657,0.100108001693327,0.0163954321454389,0.00301109341727258,0.0251072762687612,0.0425553909977753,0.0249242923221071,0.00390826687128213,0.0307124589771176,0.00467491514275052,0.00637892127515865,0.000568135037192524,0.00489349087480022,0.00633876592087938,0.00186704560219845,0.000648959850185066,0.0121104353290168,0.00179283722471366,0.0276910595143633
0.00866161758023015,0.678225635841919,0.0631380937546558,0.0617911469764282,0.0306659175520539,0.0700241032481428,0.407741324858901,0.0821927213626398,0.234146118566729,2.02744602965294,0.139563919264129,0.487595526613331,0.286586939989991,0.0365310691401257,0.135139324876688,0.0791129111748248,1.61505951998287,0.324867991763439,0,1.47709870760796,0.303677418040026,0.0607897573299502,0.0213435995029692,0.0052686377900916,0.00365333856248798,0.0179514862876217,0.0170113042892954,0.00685225207699934,0.0297300170662179,0.0358927637682278,0.0112968363391028,0.000806297413074142,0.0188814371236404,0.072733655250147,0.108902123589433,0.00324613010409923,0.00612251544673711,0.0312444259148684,0.00807427437577586,0.00866817253975154,0.034695593232343,0.775657164181635,3.62554006366715,0.351761144246651,0.915945732634285,1.97044082212719,0,0.00869671060130783,0.00148802321238779,0.0117542672678406,0.0164090650061803,0.000716879595167464,0,0.000750981510903845,0.011317288542207,0.00489491884697629,0.00176764290119202,0.00547007994695038,0,0.00284479437413603,0.00299313078953217,0.00129022045451149,0.00585618770662388,0.0052713790045419,0.0149664840125124,0.00372832948376668,0.00719194414437399,0.00173060900859094,0.0023907647632164,0.00211671441260409,0.00141338277070904,0.00250345739684227,0.00368063446070011,0.01691842368255,0.00430163099130756,0.0115836659882213,0.00749833658797162,0.018266750337545,0.00806417487458165,0,0.00509830637168732,0.00949796975791434,0.0198319583028108,0.000385422223732917,0,0.0109692092605373,0,0.000485514510931172,0.00201653827913929,0.00408082417669867,0.00140481919625357,0.00422102584334125,0.00406009322970982,0.00505314836424086,0,0.000808543437309142
0.0119624593575085,0.181067105166294,0.0657157550628453,0.0909941761537076,0.0168695585250062,0.0391451224531052,0.541892946802087,0.0601793460950935,0.0729801874688967,1.20270753691159,0.0978660219615654,1.02043432794399,3.76997200659399,0.0316566359791434,0.547937052180994,0.421278995316566,1.3409200520317,1.53519755783495,1.47709870760796,0,3.34876670726879,0.505542137593831,0.19639192245115,0.0194420947186169,0.000853143516816309,0.0115153361820905,0.0181136804191477,0.0177837124107367,0.023529413003215,0.116652895563053,0.071400300692977,0.0201152643678685,0.0165075592649334,0.0787033909658593,0.193113634569072,0.0486668835082072,0.00854566563089693,0.0648868625617005,0.046686268966483,0.0332048537660607,0.0139472880244539,0.168363842013889,0.665655784616086,0.105584725600114,0.182731517128263,0.523220261447251,0.0120155000018985,0.0488919299138846,0.00156415619509597,0.0112536205662635,0.010244308743948,0.00481887361977574,0,0.00181206280065096,0.0147314642371277,0.00788819840752964,0.000701918423239814,0.0121707242493836,0.00689004440576334,0.0111242350458505,0.0112481606824842,0.00676817542487527,0.0262425533690484,0.00721651014657487,0.019569282031348,0.0135954072504882,0.00766514023642501,0.00531750771473206,0.0128500769289464,0.0171785751841048,0.0147133178738585,0.0132248040617772,0.00346401777457562,0.0199043507154691,0.00935045403214543,0.00815490789167604,0.0245384296414175,0.0543049949031345,0.0441951512033113,0.00605975798445436,0.00560512340605277,0.0193298337180253,0.0393825710708287,0.026529409347312,0.00318310782128806,0.0195754437669805,0.00638671533352903,0.00252990960079497,0,0.00427453176819425,0.0128554604652514,0.00139560290669427,0.00125184513548757,0.00752033211558763,0.0013597652336288,0.0128442399626942
0.00658913701775799,0.0577011313329159,0.0573935313179987,0.0776005594438664,0.00965389228780267,0.024208404440544,0.284113837412913,0.0347644844548858,0.0323827954414577,0.350749109927764,0.0394057843166675,0.317911507738228,2.94229445097288,0.0152515858005344,0.217442686901825,0.352210465987824,0.515011889034937,1.60994654807377,0.303677418040026,3.34876670726879,0,2.36393674991428,0.747063609574813,0.0372660679327928,0.00234754925676858,0.0104773321651758,0.0118620943699784,0.0100995172121278,0.0193504400486492,0.132851051517418,0.104576967379308,0.0386566546750974,0.00941337883708182,0.0638049262294613,0.14097013475496,0.0794612115665442,0.00701129505579273,0.0503022508686859,0.0702881984395629,0.0391830872577887,0.00303730711544151,0.0492532877523483,0.119987026627367,0.0434707529281974,0.0406271071551704,0.207706672946179,0.0174122902596164,0.0693009986068225,0.000879304894545871,0.00755506603345756,0.0130789951235757,0.00199539364962874,0.000446435427924607,0,0.0159188934521054,0.0091134746383188,0.000782103024286371,0.00497784790148237,0.00450556735919035,0.00884119290864882,0.00719303922918742,0.00460202145402558,0.0273129386253388,0.0121169674226372,0.0149431579581603,0.0164724851770008,0.00673126179671254,0.0102714558335217,0.00751372434810408,0.0213034803365122,0.0267645468117296,0.0245001137529917,0,0.0148486289837735,0.00758963271871132,0.0107396760556127,0.0192328586474491,0.0480765419787728,0.054135692618134,0.0176043530972839,0.00318497218873522,0.0101449260492196,0.032465314717906,0.0329103933590056,0.00549758546414905,0.0179392022090134,0.00861408497011946,0.0128494261950931,0,0.00251031183771898,0.00692460646438395,0.00159512420863331,0.00311522866908123,0.00333255003178096,0.00093914837749013,0.0271254333804373
0.00898600772620632,0.0260486546814052,0.0466912730366712,0.0371724965296898,0.00116809435848415,0.00887108035826697,0.209568328944088,0.0299865735371901,0.0165189348729435,0.0706917656782744,0.0259822373345165,0.101463601552276,0.839037657967244,0.0157982902319612,0.132108846689745,0.230438584733024,0.527086828752408,3.16539380467557,0.0607897573299502,0.505542137593831,2.36393674991428,0,2.11017466048618,1.12327530122229,0.00198024274734379,0.0287317406224267,0.0135820916818653,0.0125481968879438,0.0288844064895272,0.51784747960035,2.71292630604512,1.22480642524448,0.0142730346586991,0.054387071245724,0.243491244467619,1.54319208616012,0.00607412179821562,0.075967220231175,0.246307841490318,0.439219711903715,0.00126202619093626,0.014479285616981,0.0246595039546582,0.0189902250089527,0.0107445679326234,0.0363142834099235,0.399982937350792,2.12495782853081,0.00250919882728108,0.0103626735265324,0.021683420011345,0.00273965905809114,0.00060408555755545,0.000801371104122754,0.0770542676564161,0.0142953289639226,0.00221887729572432,0.0128576628298698,0.00364078279402656,0.0259365556315337,0.0250775286734537,0.0076558268336373,0.0368614568661703,0.0223430007879095,0.0742323158940695,0.0437832302997036,0.00914903679815733,0.0185901634933922,0.0293081017763185,0.154932350322035,0.0920346679550356,0.167705527919427,0.00231540424347584,0.038111311498322,0.00527367726414488,0.0144201679836902,0.0406021590206582,0.248805396443755,0.584968335636817,0.122971258449463,0.00622227158406131,0.0178239997563246,0.0580858868129039,0.286950137219234,0.00582895781538949,0.0232523749689848,0.0255267518331022,0.0661980927765912,0.000615673269666207,0.0032247932952339,0.00827041291203397,0.00327225236224144,0.00347474421800345,0.00725154606641132,0.0166184234196972,0.197852748700613
0.0057444459517206,0.0245570498015943,0.0231714271822041,0.0166022339127049,0.00168856286650368,0.00703959715289451,0.0443173690692571,0.0372842080779347,0.0199828108427491,0.0690752493441946,0.0358787950162493,0.104962591688829,1.82512002870922,0.0335223270099768,0.283280960267669,2.45145948540944,0.057690493393106,0.121952445658017,0.0213435995029692,0.19639192245115,0.747063609574813,2.11017466048618,0,0.575659217489248,0.000865019540998511,0.00964893911769945,0.0137626792129841,0.00540398395706422,0.00983432767330573,0.245483179790789,0.26954897846661,0.194577365108689,0.0119446184945531,0.0996842530059089,0.479594797970306,2.38097738576247,0.012838731065103,0.3398393562147,3.34684580520054,8.3096124393038,0.00272661433534387,0.0106885443788125,0.0163013899466275,0.0153913193207782,0.00757403341947616,0.024148168293357,0.0660674634195796,2.57643670115652,0.00193737646555378,0.00492967357919282,0.0071190349504727,0.00141545180078688,0,0,0.0140849389354615,0.00443079118154185,0.000512332428486542,0.0033728565419502,0.00341721466981257,0.0123790995985839,0.0262144410018812,0.00593242096839581,0.035693915819721,0.0352089773255502,0.0114321160935339,0.00989607054495854,0.00210000738242885,0.0105841617082121,0.0135651030836245,0.057639116678084,0.105988897276716,0.0987533806199439,0,0.00811322237673266,0.0053758122409493,0.0056633302372696,0.00573992806608147,0.10501625203717,0.148832857626614,0.0559879983535664,0.00248686167840559,0.0226735799546641,0.0667529742226484,0.361740192468251,0.0030812919461895,0.0302078069543628,0.053670139869136,0.16128943165294,0.0021755451007488,0.00227466898462268,0.00712732450001087,0.00286010818971505,0.000589170052480749,0.0041647983785586,0.0088987602680076,0.132636840347835
