0,0.960921622645359,4.48170175375785,3.86145069303264,3.68605385641801,1.39278692635738,0.583533006673206,0.694933446348197,0.00588564699678724,0.00783061631977498,0.0185534050718449,0.0293051799654953,0.000584204422823458,0.0129558428347691,0.0133259547264838,0.00414065151279802,0.0322042434409294,0.00708043946825204,0.000517622739328863,0.00295812852884095,0.000932639458177729,0.00712099000681758,0.00615933386163352,0.00361507074301252,1.43525543305345,0.203746012991372,0.262829830799644,5.69640576651829,2.91043798464955,0.0543975185155625,0.0167761610782158,0.00134226839803088,1.86543714266981,0.453440180706552,0.0161506662406272,0.0222298431213305,0.0574422621048064,0.0272438557228791,0.00557065646621872,0.00722625020914573,0.442309506918491,0.0758379390927891,0.00357681402629212,0.0159736546555228,0.00120865914361794,0.000466624025670846,0.000212607294373193,0.00643768036171864,3.55709331868739,0.0991607747493264,1.41854982394388,0.14194022531193,0.0403129199348285,0.0390819603914665,0.0663789912616653,0.0909966192334691,0.00600294943243102,0.0129570345652628,0.00464763174978456,0.0206185777539124,0.00541537830074557,0.00593418400532145,0.00922231594045725,0.00207452862339638,0.0428970958844109,0.00894580449876268,0.0209860828977754,0.00752441469753898,0.00357830875709188,0.00613850305094719,0.00379575491471999,0.00341297841500931,0.896860709671388,0.0901924753846431,0.28249747392238,3.10753019869496,1.15990181122015,0.0564686460468772,0.0230989941951372,0.000389486848662614,0.3257666726777,0.0970969178831974,0.0328364771083936,0.00959676819073801,0.00733960348712304,0.0209753392706778,0.00352078509678794,0.00440905010161763,0.0301260176413503,0.0339988002525035,0.00835467114676824,0.0109100596652638,0.0118790873022796,0.0139221766411445,0.00145247802822281,0.00479097379950252
0.960921622645359,0,0.171709465096836,2.65918911684639,4.79293059850331,8.56854386661493,5.30776135515517,4.81980101730916,0.248091328503086,0.533573786761518,0.450344347907535,1.42232791324563,0.11381289238033,0.396894812216776,0.706384185076925,0.231488136144224,0.876771650316431,0.100434226052672,0.19469651030863,0.104201941208329,0.0427936873760457,0.0587206329775699,0.0315878459480237,0.064603031181791,0.0299358805610903,0.101333796044983,0.444983552130749,0.0779517414234208,0.169733435595832,0.455791152546915,0.100486701936304,0.00909281406391299,9.22086526386939,3.78362964862826,0.641743611450264,0.343634632891522,0.929664594216711,0.662584156619106,0.160523795217775,0.0198961299902222,6.60439734952712,7.18222087888551,0.58065178775673,1.30618867938264,0.509240327773378,0.0311077056215933,0.0309746114799577,0.0116711399709973,0.101990162692585,0.114210217448822,0.0653093248533108,0.0457069507599728,0.0404312053176819,0.0524885548038129,0.0469002056403135,0.0846097677010318,0.0231232691330043,0.0138702637466293,0.019648369048018,0.0300539653104389,0.000831455093176905,0.0297710811113519,0.0347115098137131,0.0107033099618789,0.0282712285332065,0.00495106385468135,0.0164794720394526,0.00625155456335569,0.0043755835025391,0.00983372367417652,0.00835126231348648,0.0166547145183121,0.0242073324358488,0.0329159887976153,0.22317822788991,0.0700132230728739,0.153123007038722,0.12522811598164,0.0388777776151787,0.00927927144789287,0.246923856055384,0.220885458500137,0.0816365478447099,0.0460229176824124,0.0145140071676377,0.0489307557157454,0.0162430795530529,0.0175926464803788,0.0480600574746457,0.0442383034106176,0.0165957986042177,0.0288837533135863,0.00752323445446092,0.00598156388295425,0,0.0205536979124578
4.48170175375785,0.171709465096836,0,15.9841220569758,0.0812940624801746,0.135654384433349,6.5207714668498,0.0333301337563131,0.00432239703621903,0.00772024284439742,0.0126924706207681,0.0491876653486414,0.00325259250675265,0.00549534226822653,0.0220982444426889,0.00530244817905938,0.620550355839979,0.160913229731591,0.0130174515541036,0.0185724032518935,0.00598707839661097,0.0194274093928075,0.00219243823840454,0.0204796458434677,0.326535213630341,9.29109055866219,0.325729225886965,8.14764640363882,5.50824061621643,0.413599139460865,0.102727447462717,0.0049659734082235,0.172194036108854,0.219507380909064,0.0358933912329504,0.0246867576139426,0.0163941782445719,0.0299106939289612,0.00260784374344573,0.00522751688436062,0.0597005115372509,0.0389299616858228,0.0194169296602017,0.00698939883881269,0.00225591996072378,0.000910070953790698,0.00630126430270392,0.00704436530962459,1.21848836634188,0.201472722528871,5.60481439214171,0.252129894196946,0.0455507922517144,0.0906659658424951,0.191375952849042,0.0783197153649468,0.00907114363355091,0.0435990641370188,0.00686482969636883,0.0314055976391521,0.00980200506442862,0.00198087441340175,0.00643013703531875,0.0010259751143501,0.13828817630741,0.0594943043398427,0.0719785567451076,0.0219362540639526,0.00971644129548888,0.0308230472220287,0.00582210441533462,0.0076194574533287,0.342930087096768,1.41838481256256,0.356531342689881,6.05490503102651,2.7035408901933,0.240463413366435,0.117405605826125,0.00574051816828326,0.297354567867211,0.0666788954562749,0.0429015088284224,0.0176932675143546,0.00318225206823872,0.0266406062016529,0.00347978210856414,0.00856678133178601,0.102867316639245,0.0961166968684464,0.025417213449332,0.00851632444010797,0.0189504226335357,0.0320610507441595,0.00397311703482324,0.0124101752454306
3.86145069303264,2.65918911684639,15.9841220569758,0,2.34479978319799,3.44856654108714,10.7723589614249,0.272872670534861,0.0118194133541656,0.018138361932663,0.0205693017295441,0.0503807258105689,0.00640623785298594,0.00892084173541399,0.019680050159915,0.0094992636479886,0.854226861336199,0.248639238302885,0.041098869650391,0.027233815449373,0.0151380111539274,0.0379934040434619,0.0136086861899314,0.0202264057978734,0.239580273175358,3.31398387566375,0.297237095857328,2.5040695148507,2.87983276171836,0.645332523483759,0.164519460983646,0.00954173014084089,1.20752173327397,0.484169166692717,0.0416324694609319,0.0404238231655545,0.0374783172248809,0.0399114799287801,0.00983751465054394,0.014228191769909,0.768606549163315,0.861048215195302,0.042566804488214,0.0299724372299954,0.0101966666983843,0.00478173747673308,0.0255168124167797,0.00691543163925865,0.10482571262896,0.0464906034567108,0.296066302170027,0.0292566934915909,0.00864040871622594,0.0149957720325506,0.0710143593847193,0.0491918564566949,0.00299400483929567,0.00952852462200546,0.00650164884278713,0.0187258311927654,0.00408648316080229,0.00521893287362156,0.00841219214436692,0.00543408790248308,0.0738345174432255,0.0296586758667928,0.020403079646321,0.00212366286710865,0.00122657164814965,0.0122654395503297,0.00594708643311348,0.00194759049640761,0.0974220601089651,0.203046737821772,0.212496563978442,0.535155509359526,0.511328015537206,0.153806517753016,0.0603678592303033,0.00143727406576311,0.137401077349615,0.0977735365594776,0.0237088513641764,0.0112382912153817,0.0122348330638288,0.0157476176229944,0.00167078917792326,0.00724602317270667,0.0198224098391276,0.0240131493744821,0.0124002562471133,0.00623614240306497,0.00952128637066025,0.00875053463629263,0,0.00194093914852017
3.68605385641801,4.79293059850331,0.0812940624801746,2.34479978319799,0,8.60281268722772,1.55047578024794,1.21376273314718,0.00925745481248005,0.0196964147081617,0.02441547836127,0.0337011204260873,0.000856262116228912,0.0256655539974529,0.0149018842408298,0.00237681688992841,0.0267857997577862,0.00589488032552894,0.00838105459313448,0.0036794827297766,0.000966945407006023,0.00274130922555201,0.00145054621926639,0.00197646860367467,0.025224580905323,0.044777730257878,0.0597423397282311,0.0327872836344257,0.0650167947809587,0.032844763554363,0.0102789785929496,0,5.21201814835367,0.91990101475213,0.0040892044648521,0.0115863114539049,0.148606309091139,0.0267636538108184,0.00277047225882113,0.00894528804234675,4.171437623371,0.918119565872101,0.00548471804255612,0.0538762704102089,0.0153259737616042,0,0.00219775115811867,0.00170414576354718,0.00936485953831626,0.00712310043939264,0.0077540837737174,0.00183613955545292,0.00273999745811659,0.0055636685655322,0.00532510427879361,0.0141521383152124,0.0017465597132461,0.00815372284345595,0,0.00169321857928076,0,0,0.00417188108214097,0,0.00217991797286167,0.000793945407424945,0.0026661327252693,0.00117870118024632,0,0.000314219677644735,0.000928418904475037,0.00475863692637241,0,0.0141382726110995,0.0385743519398349,0.0139128392942593,0.0159497989760206,0.0280789036188359,0.00491275495307736,0,0.0328875977980258,0.0578526170658895,0.0180750017043006,0.00988085748045392,0.00943062670317801,0.00693965792221307,0,0.00222724759615692,0.00785273696527776,0.00973354838056679,0,0.00122677411185936,0.00534944331174075,0.00245737409982083,0,0.00044430789264871
1.39278692635738,8.56854386661493,0.135654384433349,3.44856654108714,8.60281268722772,0,7.12847789033872,0.761277555685074,0.0130306874702213,0.0202666828477888,0.0424484448186358,0.0529283455944749,0.0024506297253854,0.0365562686670771,0.0371601210744719,0.00581087592340428,0.0735876432703736,0.0183249483727136,0.00747906823434057,0.00612776453622821,0.00298204288132409,0.00550577512899411,0.00191258817936048,0.0102612741455321,0.00434019910393402,0.0693784892994957,0.0663673075710016,0.024357172429899,0.0258381596332578,0.0593053894514147,0.0135555222190531,0.00209583301363406,3.39836127215333,0.742688765301432,0.0173587542249971,0.011184202723398,0.109863405199611,0.0495785268880383,0.00794089601401871,0.00302558770173211,4.7907467335319,3.62828494850021,0.0050570799000455,0.0841472866297598,0.0166863816539666,0.00116064234777108,0.0017451875869654,0.00093063221367742,0.00739718764008112,0.00874712286088687,0.00359167425784124,0.00194809594950005,0.00411670962702593,0.00492124150944989,0.00742137473482911,0.013487171690688,0,0.00251653702490802,0.000908105260318346,0.00757907527257665,0,0.00199055065836307,0.00375189134314685,0,0.00404410190960666,0.0013589125614281,0.00309891993353922,0.00182692943731476,0,0.000965470398477615,0.000662123403389149,0,0.0112261185448517,0.0105374912017905,0.0454307461105953,0.0121874202927766,0.0111102302426633,0.0289783014446169,0.00611543144849991,0.00110121054871917,0.0377422576967765,0.0370323073415429,0.00881542510946955,0.0029100174769256,0.00499012029030931,0.0126314873529568,0.00163901105896432,0,0.00838037287568644,0.0145716111100612,0,0.00622462136353863,0.00130860013311891,0,0,0.00109450798903596
0.583533006673206,5.30776135515517,6.5207714668498,10.7723589614249,1.55047578024794,7.12847789033872,0,0.27775017199464,0.0036163915808626,0.00740910424725576,0.0172765273125707,0.0462097542568049,0.00742283644215816,0.0091842374253001,0.0231841364263686,0.0103268869980773,12.9591532475585,2.7977342791978,0.590851392231792,0.417019761671073,0.0845272715313062,0.335048821304815,0.022455777068324,0.0842938580164776,0.0190100432052768,2.02247104482469,0.0929095489227107,0.162798989385707,0.69790701202496,3.30105593126068,2.00869128691714,0.0348424332259805,1.1491596908518,0.360840573057722,0.0483335681775108,0.0936438361784623,0.0273088041198489,0.0433723139151904,0.0169426038081245,0.0110511931900242,1.24491902159983,3.84565596144469,0.17084629829574,0.0450879548960589,0.0123100959539906,0.00441731673851057,0.0780372094619681,0.0231030877149222,0.0182387158747512,0.0991934703267681,0.118161459334328,0.0198677965913334,0.00390336536167425,0.00385105464989418,1.50522116854804,0.034352417992834,0.002084835439702,0.0199495406651329,0.0101513377077328,0.015022598443039,0.0059029968574976,0.00369887617884089,0.0101023861265368,0.00432703106670237,1.61816029745635,0.421813656409465,0.0976627946047625,0.0207683010541047,0.0133608000930214,0.0562743231690995,0.00563303373459517,0.0108011314938753,0.00842714465859372,0.148935883856027,0.054489571291352,0.0299073207772934,0.172469085227247,0.489548438640695,0.584472367990724,0.00291953926406189,0.0491062701518163,0.0966372034324593,0.0482684759014663,0.0287409392586207,0.00896509492796635,0.0185939608713598,0.00210287926278918,0.00446423208576398,0.00951818001774845,0.0779554141398649,0.0443804837810816,0.0123573850213289,0.0276867768377708,0.0379948514905277,0.00141616138031396,0.0113305177512755
0.694933446348197,4.81980101730916,0.0333301337563131,0.272872670534861,1.21376273314718,0.761277555685074,0.27775017199464,0,0.208044758764796,0.0941079361573881,1.12498637346626,0.263861370109837,0.0238022338786358,3.08275225373679,0.314857360797337,0.0884864807322977,0.0255010522706879,0.00512625287368288,0.00225702124960674,0.00381271130265196,0.00539644562223097,0.0104313224193888,0.0166846487954515,0.00564415512833388,0.0225260276203595,0.0255650426542967,0.183999417121538,0.0168905222264826,0.0436318138296462,0.0586395737791619,0.0141186305997994,0.00107750301662456,6.22660316859142,7.80146056700791,0.09508506510459,0.048078622980496,7.53218157746692,0.931045462606379,0.13216272381714,0.0142299146643542,1.09020120642614,0.279743237823698,0.0170502615540936,0.902672214336768,0.121727882566044,0.00610654771102247,0,0.00529882112450204,0.0192681200186393,0.0296047463782697,0.0114066695533231,0.00703442855820637,0.00387983918171977,0.0100012129753272,0.0102032900176352,0.0599245663377823,0.0023021537836524,0.0047199229438753,0.00458596158115534,0.00592874462224527,0.00192552831883259,0.0152768615343367,0.0041294906326142,0.0033573608599833,0.0105672859438864,0.00405639264930924,0.00316447731059465,0.0010409897748947,0,0.00275557046700284,0.00353273483858456,0,0.00281481132676023,0.00931588399861503,0.0651026462152692,0.0110293396754389,0.0354183908055343,0.0252816675292046,0.0122146346149992,0.000518866238314597,0.0557139737767642,0.112327597011545,0.0276907066652324,0.0152124495568911,0.0194771089552557,0.0237849718995843,0.00308437167130468,0.00166169716625921,0.00269840811914224,0.00974421873823007,0.0047450756350908,0.00446561561564209,0.00251171834470278,0.00401338569145676,0.00087770926746733,0.00232710735977268
0.00588564699678724,0.248091328503086,0.00432239703621903,0.0118194133541656,0.00925745481248005,0.0130306874702213,0.0036163915808626,0.208044758764796,0,0.951709651287336,0.296372731830867,1.58496019474741,0.0446609500844341,0.103566739740276,0.771058971033136,0.154074827811689,0.00437769621583752,0.00335323726864207,0.00208184607783685,0.0021524793771961,0,0.00338900342471278,0.00151567925917113,0.0134764448661178,0,0.00283867137133853,0.0444524632175947,0.00392953355147929,0.0116501507762358,0.0380308864755145,0.00308577964375878,0.0048190260251495,0.053971677023941,0.0891815599553814,0.0991854825443454,0.0551480947412193,0.327459140805296,0.168339498759192,0.0245001549439057,0.00175237190710911,0.00233249566395995,0.0556748109368874,0.00260788141358281,0.377601574863831,0.820443890323527,0.415219694776746,0,0.00611901894472161,0.0127118124697216,0.026389126983789,0.00569640754719261,0.00237677546165244,0.0131444104174955,0.00975883983793535,0.00607902896128462,0.0178875064709839,0.00609056166320188,0.00276700849108724,0.00813619691301959,0.0160334545290415,0,0,0.00636604027113086,0,0.000490815838960733,0,0.00272272747324637,0.00259795198975107,0,0.00216712571466444,0.00221125942644278,0.00732299197622407,0.0105601293955815,0.00116981384114645,0.048074377454949,0.00975651509414287,0.0190615417128473,0.00655419138822824,0.0174218073804731,0.00384676115751936,0.0390613876016142,0.0210191864934537,0.0289417155647821,0.00526485292663322,0.0109234417468532,0.00620160038702239,0.00664977400394892,0.00822358091761537,0.0110455735891244,0.0130748240905234,0,0.0209369077826471,0,0.00218929756358011,0,0.00192399864936593
0.00783061631977498,0.533573786761518,0.00772024284439742,0.018138361932663,0.0196964147081617,0.0202666828477888,0.00740910424725576,0.0941079361573881,0.951709651287336,0,0.682667917624608,3.8077501643368,0.181095846573026,0.0397177992185951,1.0993944157774,0.421929153275402,0.0946677659350262,0.00369476736487809,0.783155753076735,0.179555601085096,0.0423244319286223,0.00283881949505682,0.0145342973608271,0.0137272952008616,0.00133412477209098,0.0107923838048906,0.0356049006312039,0.00464442529229424,0.0246408273030763,0.082361233787929,0.00713551655431246,0.00611522323880587,0.0439541029179166,0.0909373332515813,0.14167569779796,0.101015310271763,0.073659554683797,0.156896991202161,0.0653058721278371,0.00499211957721762,0.014976339574911,0.405353029083519,0.26108688677686,0.44944546267799,0.86107958230293,0.269110858937499,0.00738631761983778,0,0.00797121535723798,0.0311149695987518,0.00549027082875708,0.00474188811232642,0.00603127205740095,0.014439857161483,0.00335814136446762,0.00721898059861588,0.00548289233008858,0.0113195179878283,0.00575236086266112,0.00556120581736053,0,0,0.0146543024337731,0.00121912769297916,0.00628966159269819,0.00206053612898338,0.00938680930488711,0.00360000409491326,0,0.00177704466809084,0.00219049688688212,0.00671478438807761,0.00494526686695507,0.00741498905300472,0.0278930185020539,0.00220175851190664,0.0149152457829451,0.0310300159811204,0.00875984440938367,0.00332518983457923,0.050776478014605,0.0134848303588725,0.0311971578460415,0.0154864360423668,0.00309912412971947,0.00646125917652465,0.00522513787630363,0.0104180638258154,0.0248362884149839,0.00141497215252612,0,0.00381664316851388,0,0,0.00781824766947209,0.00669941986613007
0.0185534050718449,0.450344347907535,0.0126924706207681,0.0205693017295441,0.02441547836127,0.0424484448186358,0.0172765273125707,1.12498637346626,0.296372731830867,0.682667917624608,0,1.68063573122762,0.0240536878198265,0.773895394585556,1.09907625285403,0.151449380502948,0.00971822624904351,0.0033175598626789,0.0172265672998565,0.00429356747470719,0.00121296631054998,0.00393098480745527,0.0064834385859955,0.011600743931221,0.0214124699560071,0.0075092813533183,0.15898137813217,0.017057971491862,0.0345406706275775,0.0852711081733722,0.00981442402260835,0.00774334420040956,0.198407099882557,0.668735198695989,0.243600031676011,0.0898739404884615,2.33650828117014,0.541612562479619,0.040358538119718,0.00481478609784234,0.0325803875925219,0.0829850449941687,0.0316700848989602,0.64767670556563,0.269700694707183,0.0370135825789596,0,0.00537182078178944,0.0197327523145089,0.0420466853954893,0.0109189978730597,0.0152675535793376,0.0156455553677687,0.016480550340907,0.00855636277039717,0.0321019778858554,0,0.0107290119643602,0.00862200446608466,0.00996741914112143,0.00477701947882597,0.00524949636570571,0.0161106981543871,0.00908937712665647,0.00608137800271754,0.00716930828638702,0.0134874508005123,0.000834585557163321,0,0.0025229562530008,0.0082966521833589,0.005282678348351,0.0203591800992844,0.0253684691084701,0.108793819291323,0.0329730368646217,0.0400858954618365,0.0383963805069256,0.0162409770070574,0.00549087552896528,0.0778534237012528,0.042083493066621,0.0269587779563743,0.00864775997998274,0.00860380574766362,0.0122713583220535,0.0212394484558424,0.012579701871751,0.0264267740964661,0.0182297480813419,0.00347802118744325,0.0101395215396922,0.0289182945653555,0.00546519354926445,0,0.0095613142409504
0.0293051799654953,1.42232791324563,0.0491876653486414,0.0503807258105689,0.0337011204260873,0.0529283455944749,0.0462097542568049,0.263861370109837,1.58496019474741,3.8077501643368,1.68063573122762,0,0.274179737104774,0.113383254013594,3.78774694439673,0.820501676084828,0.0143954376145845,0.0189308935329578,0.00269282754670713,0.0121129941144396,0.0439403266590254,0.0500981107671008,0.0594930569394519,0.101426922177815,0.0135545713829605,0.0240027995067791,0.199071669500722,0.0232936026238481,0.07982931052461,0.462337415027517,0.151890990226313,0.0296316965944779,0.162433003134904,0.413208045390682,1.04872380012445,0.882317299651319,0.222388465328437,1.10916997768656,0.515317509300933,0.0468344478635604,0.0319225791876786,0.15416123168459,0.0489234217362739,1.46498365531195,0.953524585618057,0.225819418490046,0.00826047282294249,0.0491911031847479,0.0550757906462241,0.136270578658101,0.0261222453772583,0.0480009400618057,0.0236996313920344,0.046636133771597,0.0310294308917607,0.0820359296705254,0.00996890643679271,0.0239930506210375,0.0180557697930705,0.0398814485064498,0.0327761365279532,0.00796066833944026,0.0516934971222841,0.0499089627831944,0.0191278786631227,0.0124993231663373,0.0176064394312851,0.0282109980118832,0.0103003227034174,0.0172968744633689,0.0254559092381749,0.0403309562908796,0.0170086846943647,0.0262874316227691,0.128352998373578,0.0422044830869589,0.084470646060615,0.147523715235475,0.110865489480248,0.0190810139796419,0.195144334843777,0.0873370169262114,0.202750224279845,0.149527992245987,0.00341539933868249,0.090123821752797,0.0591971710270704,0.0603802366139171,0.0503881595137669,0.0390584743824336,0.0177146740745114,0.0230642259453782,0.0119410817189423,0.0167811873483887,0.00464343476255946,0.0607011654869898
0.000584204422823458,0.11381289238033,0.00325259250675265,0.00640623785298594,0.000856262116228912,0.0024506297253854,0.00742283644215816,0.0238022338786358,0.0446609500844341,0.181095846573026,0.0240536878198265,0.274179737104774,0,0.00518014362225443,0.123126147296851,4.30203290847642,0.0107531553229153,0.0171504441599278,0.00089381825473106,0.970393094014732,5.47379231118783,2.41519979172957,4.29179442640906,0.178028115421768,0.000731275265603133,0,0.00913594186109992,0,0.0104740671776696,0.362456863670391,0.570597979199471,0.0887822687000235,0.00537378406168215,0.0371532265515324,0.343540536941381,1.16223688213421,0.0132509563099112,0.157664244031934,4.05890487258662,0.575208923089289,0.00248545610752346,0.0145949053921067,0.0173499832372484,0.145365494137476,0.181243700534145,0.0405804318165343,0.35238488434925,0.019781662141609,0.00133100049291338,0.00109908981267327,0.00325396494928504,0.000829485319185475,0,0,0.000976803061122078,0.000882673303023843,0,0,0.000884314837003408,0.00153425847824172,0.000626188700063202,0,0.00085517131501911,0.000962429598655494,0,0,0.00408318583533129,0,0,0.00086462470429061,0,0.00453633561113078,0,0.00699892806100291,0.00112665234285068,0.000807069654486112,0,0.0161848898294123,0.00739258603717204,0,0.0107318834464755,0.00490221100440121,0.0246428666797185,0.00974663542655286,0,0.00522922462636732,0.00472258477962478,0.00431127023552208,0.00442744288587427,0.000845093554508743,0.0007758034411708,0,0.000888797833491162,0.00307152654968218,0,0.00059441939620361
0.0129558428347691,0.396894812216776,0.00549534226822653,0.00892084173541399,0.0256655539974529,0.0365562686670771,0.0091842374253001,3.08275225373679,0.103566739740276,0.0397177992185951,0.773895394585556,0.113383254013594,0.00518014362225443,0,0.523020896397948,0.0809129165062702,0.00402577531618626,0.00151393206450802,0.00166756150842967,0.00740469073159558,0,0.00233764473692733,0.00452109286156761,0,0.00727219680679277,0.00615745445570998,0.0589966146917103,0.00183061745439628,0.0124865886831924,0.0249281242681666,0.00569922246978672,0,0.313867403138308,1.58400672752793,0.150437726581424,0.0219656197357038,7.85186839209006,2.05129046533051,0.199486942107589,0.00333241745240725,0.0566446549254283,0.0309360633634564,0.00859279570307722,0.670363462422119,0.0454853321190693,0.00235332789686074,0.00451272148240672,0.00152593875984736,0.00919027350103806,0.0144941335597673,0.00615985458866941,0.00109923341861222,0.0148847759673759,0.0110341806313546,0.00226167858158136,0.0130837538849726,0,0,0,0.0117044990308647,0,0,0.00962722332531829,0.0013066134132593,0.00314994729790415,0.00282712753020143,0.00611937725749923,0.00398029449449781,0,0.000787435741595566,0.00442787289237307,0.00154048983569011,0.0110816736695001,0.0052611444442275,0.018166682202132,0.011679974643004,0.00611215839197565,0.0107309747984085,0.0078692566751227,0,0.0267534957569699,0.0303235297414966,0.0195117639034054,0.00347541857549355,0.0101084570439732,0.00819652086562119,0.001388656756101,0.00534533258831368,0,0.00370042656738059,0,0,0,0,0,0.00120599864916499
0.0133259547264838,0.706384185076925,0.0220982444426889,0.019680050159915,0.0149018842408298,0.0371601210744719,0.0231841364263686,0.314857360797337,0.771058971033136,1.0993944157774,1.09907625285403,3.78774694439673,0.123126147296851,0.523020896397948,0,0.366377531533445,0.00956459376840255,0.0123300627881379,0.00834984970145197,0.0249747132215975,0.0252959301440529,0.0521281307676175,0.0649135797557184,0.0958262556525734,0.00775367073465422,0.0109488106172914,0.112610926134155,0.0126109773749589,0.0485851880146567,0.327709457248134,0.0870075181558897,0.033020895756866,0.0891935795394244,0.692870535475152,1.22631735789619,0.569282636964305,0.632523940052484,2.2863382670039,0.39867742085996,0.0488527672315999,0.0478073621419736,0.0817720224655417,0.0736812152098968,0.96877606695231,0.328197240883818,0.0536803835450411,0.0231329209546125,0.0470753365146435,0.0183423618857727,0.0679873758582982,0.0299263845757283,0.0118739035491514,0.00651633393865352,0.0184887235659216,0.0197593622439161,0.0527952477777244,0.00633761383096446,0.0306676869166437,0.0198841271825761,0.0558746785898128,0.0251969162391515,0.0170346379884901,0.0457472618405682,0.0719882271364443,0.0265249914909225,0.00840350216871523,0.0262407189515432,0.0129940229814585,0.00624168621398107,0.022431907375828,0.0425976983472338,0.0530779248189017,0.00811808929617495,0.0155597378122599,0.0791826281520646,0.023801022651139,0.0515268733099285,0.113786624324072,0.109963158371621,0.00952011087122662,0.080985030158623,0.0655250448997814,0.161377085352276,0.160696840571824,0.00678372219406616,0.116346137650529,0.0786841684215994,0.0958334358842927,0.0242417878140609,0.0246776412414887,0.0127658902117413,0.0141919028084934,0.0154971870705643,0.0338287482396123,0.0264718085673879,0.05404685272321
0.00414065151279802,0.231488136144224,0.00530244817905938,0.0094992636479886,0.00237681688992841,0.00581087592340428,0.0103268869980773,0.0884864807322977,0.154074827811689,0.421929153275402,0.151449380502948,0.820501676084828,4.30203290847642,0.0809129165062702,0.366377531533445,0,0.00510863064712166,0.0119607845463534,0,0.440942643723242,2.13720848739536,0.764659876281909,3.38059907891859,0.16215150050259,0,0.00172034129169731,0.0260359426972482,0.00496134350660224,0.00891733572740781,0.268532668492474,0.244125211855377,0.0453254207146555,0.0130839149210128,0.109647418072908,0.305465094481277,0.636964164889614,0.197270614539844,0.864841013946636,5.68328582726868,0.601111977845444,0.00378168312970564,0.0153138666884196,0.010598246911142,0.396676323118541,0.323760315096942,0.0219259603416457,0.212999668953296,0.0195849211990451,0.00453360532228904,0.00617564793952273,0.00304101956236484,0.000366219454175726,0.00150771296237806,0,0,0.00969518501662268,0.00169483471876988,0.00471473823837906,0.00554545666364192,0.000888816971867809,0.00133176157037462,0.00175104398879595,0.00529200436947375,0,0.00066160214996501,0.00452036214122826,0.00244691144408601,0,0,0.00452815149036654,0.00221484822144448,0.00195804354482983,0,0,0.0151876535821502,0.00178248713183599,0.0114238227473538,0.0148066931401039,0.0151287125692222,0,0.00784510984538951,0.0170196036736295,0.0222869579912139,0.0198969017058185,0,0.0140946108585178,0.00919702432512708,0.00682831611589062,0.0109160857751762,0,0.0014222673794162,0,0.0043673477439059,0.00549942860861949,0.00149518200491761,0.00717269153068484
0.0322042434409294,0.876771650316431,0.620550355839979,0.854226861336199,0.0267857997577862,0.0735876432703736,12.9591532475585,0.0255010522706879,0.00437769621583752,0.0946677659350262,0.00971822624904351,0.0143954376145845,0.0107531553229153,0.00402577531618626,0.00956459376840255,0.00510863064712166,0,9.55713360960195,9.70372520145451,7.39713569701703,1.31424881657836,1.15583991425142,0.0325447538872065,0.121014458706357,0.0109087802022179,0.469002802243767,0.0451499017106388,0.0334876301629049,0.251814522736639,2.93647162521867,3.19987847687098,0.102554584560934,0.135255670836837,0.169324534437796,0.0674366766234476,0.147081635357549,0.0160941876360589,0.0329243571407815,0.0377882172888758,0.0190570898255873,0.044965522898571,4.18232763415203,7.43010647269894,0.00363623571767548,0.228827892257345,3.77933245047992,0.267850271088789,0.0478407076091563,0.00827505483258933,0.0732395786008239,0.0698493802528763,0.0125994461966991,0.00129343231061452,0.00218929211978787,1.04980057060062,0.0279251903609145,0.00224658315568201,0.0177713421250877,0.00410320041623621,0.017747654622541,0.0148006559639703,0.00314932770167609,0.00751498353383306,0.00343534351767462,1.53493459179144,0.507678748295896,0.0775622303164146,0.0224582786071112,0.0127671489104932,0.0541114774475511,0.00338643291313984,0.00817081436019351,0.00362835910419217,0.0976340921632157,0.0282222369727352,0.0177532886364079,0.0946777075257471,0.414745642358301,0.737073307757314,0.00367469720470269,0.0311711775215401,0.0610545301856445,0.0460494271719889,0.0171159845961201,0.00204388195077995,0.0101983864549769,0.00608141573280262,0.00518676543990983,0.00807837777914158,0.050967472567487,0.031361763904374,0.00193706306815486,0.0169427077813704,0.0200786940421234,0.00749362085194151,0.00688036288451527
0.00708043946825204,0.100434226052672,0.160913229731591,0.248639238302885,0.00589488032552894,0.0183249483727136,2.7977342791978,0.00512625287368288,0.00335323726864207,0.00369476736487809,0.0033175598626789,0.0189308935329578,0.0171504441599278,0.00151393206450802,0.0123300627881379,0.0119607845463534,9.55713360960195,0,1.55820412304,4.69187455302839,3.65394936782275,7.61209385845667,0.0784131264069816,0.265543210954354,0.00378789173935079,0.199803572796792,0.0296917587984353,0.00868874963605501,0.10873384713006,2.68633334424116,5.71474282410835,0.662152318378434,0.0282216805735039,0.0931553611128376,0.0827957114992429,0.190720109237665,0.00298249306221393,0.0222999988079101,0.0599260593869874,0.0585649072730008,0.0131522296564712,0.0174710992021962,0.675365770029974,0.00548089686358544,0,0.0567319243174363,0.947960349932337,0.257521912130918,0.00620160857720871,0.0320564914108058,0.0185905853929758,0.00193561662917831,0.0017212995968508,0.00204533871063974,0.267154943818127,0.0106422098731653,0.00516081179565664,0.00597530435467201,0.00697692324615994,0.00520201515303603,0.00112432662134192,0,0.00521898280842415,0,0.483440698410628,0.191297998594704,0.0176620701897393,0.00703017501241065,0.00481952889292547,0.0177042637813237,0.00254493416212719,0.0116343948281258,0.000792637414863184,0.0541159641303361,0.0137910684537979,0.00806380930387734,0.0411931885319844,0.255319686882089,0.257894681531581,0.00759478409286221,0.00820345679023807,0.0363246924939475,0.061027979493126,0.0305113141672076,0.00342555904372556,0.00556552804995721,0.00296681876114569,0.00477749138083548,0.00159191412162188,0.0179114581572872,0.0133864518673669,0.00517513415271911,0.0109443154173997,0.00512457862183718,0.00676298240249316,0.0107274123565629
0.000517622739328863,0.19469651030863,0.0130174515541036,0.041098869650391,0.00838105459313448,0.00747906823434057,0.590851392231792,0.00225702124960674,0.00208184607783685,0.783155753076735,0.0172265672998565,0.00269282754670713,0.00089381825473106,0.00166756150842967,0.00834984970145197,0,9.70372520145451,1.55820412304,0,19.5883609600686,5.17259907972766,0.176224953381606,0.00771878345310478,0.0106236801002041,0,0.0119801049096652,0.00555227758678687,0.00426504290935122,0.020155710317899,0.180849036281665,0.186516240281396,0.00747748045014246,0.00806892593949471,0.0435197386303181,0.0188615707005876,0.0129015913247482,0.00401328127967782,0.0176110479539635,0.0102627198870568,0.00241608163216617,0.00985987291093515,7.60964671373204,19.5742381236018,0,0.723519106970109,9.80056865717657,0.0736759751859663,0.00718930943839124,0.00143738094629633,0.000526538555325917,0.00325299203191645,0,0,0.00219920540670576,0.00820812133050025,0.00112352602779523,0,0,0,0.00688677146068895,0.00265905959520479,0,0,0,0.00857501395024479,0.00541279356556752,0,0.000774206831212987,0.00187393309989378,0.00160288884715846,0,0,0,0.00182367537331035,0.00197152643933822,0,0.00143535062849154,0.0099277895368981,0.00968578740616776,0,0.00233464031529643,0.0010632511811712,0.00139710233236959,0.00265334989738436,0,0.00192008104191319,0.00248486008487704,0,0,0.00087547102889194,0,0,0,0,0,0
0.00295812852884095,0.104201941208329,0.0185724032518935,0.027233815449373,0.0036794827297766,0.00612776453622821,0.417019761671073,0.00381271130265196,0.0021524793771961,0.179555601085096,0.00429356747470719,0.0121129941144396,0.970393094014732,0.00740469073159558,0.0249747132215975,0.440942643723242,7.39713569701703,4.69187455302839,19.5883609600686,0,27.394405400069,2.1598414615955,0.719265953384452,0.135720218568953,0.0022771727177399,0.0186417525478478,0.0105623273098582,0.00515338735485402,0.010870606342886,0.559871322330789,0.725167317858174,0.139582902846378,0.0232521085010071,0.0970813793093158,0.266958315823228,0.709617941576225,0.00337823555643481,0.0513484658762486,1.17681226551907,0.16777750060653,0.00232080472403004,1.15823502178384,18.7181201921676,0.0108105672061239,0.082514021787479,7.14948871136938,0.389286733197233,0.0123388238715623,0.00129913153347707,0.0111674346840686,0.00326940066969296,0.000643804591408059,0.00405281598719707,0.00182798857190991,0.0146025569131545,0.00482710293100502,0,0.00425627299843911,0,0.000469289143868377,0.00400704497815432,0,0.000842138051593486,0.00175676674330895,0.0263588577797532,0.00796847458170797,0.00382969146850937,0,0.00235807237075525,0.00251941271109661,0.00538161694184982,0.00203680259503733,0,0.00557774736887341,0.00369222450533374,0.000669674255072986,0.0161609246717643,0.0346408206631418,0.0125959825471271,0.000918829466017707,0.00399084738625251,0.0112447569633285,0.0137337812980663,0.0105147077422327,0,0.00156348779656203,0.00261332057584058,0.00101321957500549,0.00267071123351825,0.000999433970241631,0.00486528876337644,0.00368958609917744,0.00586741744402236,0.00493405787916203,0.00130346696756611,0.00264115765241518
0.000932639458177729,0.0427936873760457,0.00598707839661097,0.0151380111539274,0.000966945407006023,0.00298204288132409,0.0845272715313062,0.00539644562223097,0,0.0423244319286223,0.00121296631054998,0.0439403266590254,5.47379231118783,0,0.0252959301440529,2.13720848739536,1.31424881657836,3.65394936782275,5.17259907972766,27.394405400069,0,8.33903489194776,3.78423928478108,0.347934610699035,0,0.00964821046626823,0.00266616613943844,0.00225691804940355,0.00333656037060209,0.812192392093572,1.74998922264302,0.335576177329841,0.0105480522886324,0.0336845153242577,0.292796459778148,1.39351638609433,0.0030207986803436,0.110037402321415,2.85469860430841,0.540226022907331,0,0.0705841881674123,4.86936516430076,0.0119967100582491,0.0114756221516321,1.79957496754678,0.711910481792695,0.0676932660833322,0.000430044500913773,0.00158670412231071,0.00115571310465334,0,0,0,0.0113377856257572,0.00118179234496681,0,0,0.00169741425968817,0.000586353740140218,0.00276995994819121,0,0.00579766876879728,0,0.00339616022401424,0.0049468674983779,0.000869952597405483,0,0,0.00185395167852209,0,0.00713734491728246,0.00376553843862226,0,0,0,0.00273254075366935,0.0435507929862666,0.0220295731319347,0.000922375947652633,0.00209687167233498,0.00196951552775046,0.015733448702181,0.00364625505900373,0,0.00064310459007658,0.00310689311615774,0.00359733120188095,0,0.00115759537677043,0,0.00338998736117274,0,0,0,0.00289019379208982
0.00712099000681758,0.0587206329775699,0.0194274093928075,0.0379934040434619,0.00274130922555201,0.00550577512899411,0.335048821304815,0.0104313224193888,0.00338900342471278,0.00283881949505682,0.00393098480745527,0.0500981107671008,2.41519979172957,0.00233764473692733,0.0521281307676175,0.764659876281909,1.15583991425142,7.61209385845667,0.176224953381606,2.1598414615955,8.33903489194776,0,5.29901951324506,2.87028412779286,0.00205778459649064,0.0282313289989265,0.0114374073173916,0.00628259546030913,0.0279116603101551,2.13806665839958,13.5070457072892,4.27615367765879,0.0234861785314627,0.133684715225297,0.350266078285002,3.46825710944386,0.00460634476085025,0.147367303012828,1.95594737408276,1.28550507390178,0.00241442521332257,0.00667824564645678,0.143747287120243,0.0257794407122876,0.00595257287054241,0.0307273563621261,2.04475336679588,8.70778842906837,0.00328614696150002,0.023738428750896,0.00859412974860586,0.00392208622069584,0,0.000624513561162481,0.0572488728361058,0.0184342943996543,0.00188535437008218,0.00983973418260357,0.000939336607138519,0.0136684362891304,0.0197140888736563,0.00307176485998619,0.0108909455216372,0.0092283791068852,0.0887567053625635,0.0342849699289077,0.0113457583581594,0.00779181051970824,0.00827407100928782,0.0541676023792316,0.027096789323134,0.277818593622437,0.00107203017829269,0.0127236187197746,0.00892065894763662,0.00201558465496565,0.0114070007182505,0.245097596633189,0.479206080918109,0.184263942751681,0.0102651536708109,0.0398022982196491,0.075230805828533,0.365034861040088,0.00228386365918052,0.0187461082091207,0.0289927736375924,0.131473416167684,0.000896145263318684,0.0086458271271041,0.00277612545784584,0.00529838907642496,0.00363065731389437,0.00689340915453606,0.025806843910308,0.359589160458567
0.00615933386163352,0.0315878459480237,0.00219243823840454,0.0136086861899314,0.00145054621926639,0.00191258817936048,0.022455777068324,0.0166846487954515,0.00151567925917113,0.0145342973608271,0.0064834385859955,0.0594930569394519,4.29179442640906,0.00452109286156761,0.0649135797557184,3.38059907891859,0.0325447538872065,0.0784131264069816,0.00771878345310478,0.719265953384452,3.78423928478108,5.29901951324506,0,0.568038929321681,0.00282792791891896,0.00332289820623009,0.00832569667632499,0,0.0120034988621596,0.875184594146971,1.07942115812589,0.227685212017458,0.0328512356175723,0.149832472075415,0.400406100336228,2.95780913479454,0.0246181949891555,0.432670176811287,10.4997164634572,6.64764292598992,0.00193087191917877,0.00539160804318067,0.0661787520579824,0.0149156767613716,0.00532909724850222,0.02165063086933,0.340890389977701,2.34415038179962,0.000814829505175771,0.0123054933863403,0.00328987566317641,0.000852755873672818,0,0,0.0063047044581533,0.0118901962058445,0.00140785815596001,0.00271199634694537,0.000582436689906443,0.0101049084537572,0.00268131995345601,0.00412660245211721,0.00691960247196398,0.00257980069959431,0.00728350750505093,0.0045352479939146,0.00221606203159244,0.00218519583291464,0.0031853503907497,0.00942678497723062,0.00722594231852011,0.0271992980522384,0.000967355743155887,0.00120035521282617,0.00670575483769837,0.00055771582588586,0.00636252033694856,0.073306632108073,0.047780475011612,0.00770244085434701,0.007125170957262,0.0481649836260737,0.0845804020549903,0.055088504873714,0.00365214220601745,0.0270631118014761,0.0103491911488018,0.0311404734805229,0,0.00300882961003713,0.00133393568535506,0.00373375002508323,0.00217323049662424,0.00329233381815474,0.00292576716769143,0.0437574223319738
