0,2.28748200748928,5.12348424782806,3.50510360266342,4.33166636984834,1.6266293333358,0.527220310284804,0.709712339015067,0.00855269364634821,0.0191881697149136,0.00692508034533833,0.0445307230164716,0.00661479229485562,0,0.0124188153152019,0.00799479290115679,0.117174740470427,0.0576955915911095,0.00911265994633018,0.0120782783538614,0.0121422535024339,0.0971928306344969,0.00447299393290895,0.00613854666341509,2.13560857678168,0.393394978759723,0.833233020742253,7.17138344191876,3.35588896139165,0.208691877194055,0.0811203835873102,0.0105697068653509,6.4057681814303,0.227901553672777,0.0540140447712789,0.0308223751085805,0.0156777478524294,0.0169999253347861,0.00779357691824831,0.00980203385202127,0.778511070332721,0.200296679871179,0.00991950113046916,0.0244503937987761,0.0121253758478633,0.00768665494407796,0.00267191818207855,0.0203930485528084,1.13107110492728,0.117146472293942,1.17254266133743,0.0829824040177208,0.0321491171936322,0.0352861902862043,0.192443201813076,0.217983719766727,0.018919661130822,0.00700283961745908,0.00630354148251569,0.0119366779268177,0.00123438750880607,0.0170096809573309,0.0123976877706944,0.00207062550688215,0.083029189295053,0.041110510786786,0.0378511076281527,0.0193444580544823,0.0139103621118698,0.066231935636933,0.00831082839447308,0.0105984606807968,0.329089037461254,0.26886087435874,0.400058172158292,2.45805158952949,1.50046901805501,0.141806570035311,0.0469352859253407,0.00380120653865814,0.246969665882742,0.126357620131941,0.0338901916570502,0.0485733535333028,0.0292852397324154,0.0364220941304816,0.0144446431143469,0.00656211444548164,0.0321514859510536,0.0314560177719872,0.00384071333608698,0.0158709421217835,0.00670545530054821,0.0151822862171699,0.000616752748524816,0.0155757299130218
2.28748200748928,0,0.108065899744487,1.55333598436283,3.50130619052548,4.01773612407478,2.23972059708993,1.37159306090931,0.739743769040084,0.973961213781267,0.560182807643733,1.38026759926229,0.417957803776746,0.304959770289499,1.15634397004344,0.409566846343439,1.75741575803401,0.509226261046376,0.652871967871248,0.886007916660064,0.510935321416742,0.544174444519743,0.240527527437139,0.236678615141705,0.190555007604185,0.0824592879677502,0.326521730964828,0.132692438464968,0.383335475332098,1.12538176205329,1.1010495163665,0.104951741478748,7.20639885160321,2.10721721758055,1.00016748078949,0.492515056304064,0.436214758979032,1.37051222965126,0.390727169159116,0.128343667253481,4.2385254850017,6.15243980239017,1.49919564538259,2.1468953094029,1.4179087741197,0.948381545311968,0.385667097682042,0.0398743730307134,0.0342601750616834,0.0603239154300014,0.0803966973776804,0.0513825066063034,0.0131460367101723,0.0215458125805835,0.104308981969537,0.0829707522959474,0.025127644230805,0.0445008676686177,0.00922532335096797,0.0373203121721623,0.0202726343566848,0.0102906671057679,0.0319771498077922,0.00690178290784177,0.117624706219377,0.039588164919211,0.117729841407789,0.0494608211910327,0.0386006753515462,0.0744124627941738,0.0207010817139056,0.0178427145598948,0.0498191423040912,0.0452673167371682,0.150628737549598,0.0720802041415874,0.209648954043424,0.150663477387016,0.0674754560934645,0.0134666206826515,0.0553877546969635,0.135857613799253,0.0745416133546636,0.0503275116102722,0.0183226934060674,0.101686947545304,0.0311175247568685,0.0136043982993271,0.0206632699886317,0.0901028746260026,0.0227260900099794,0.0220060980180267,0.0123303478025876,0.0874801453177148,0,0.0124117256244677
5.12348424782806,0.108065899744487,0,2.58649083718266,0.0685633331945423,0.0617643488259937,1.70257220667435,0.0184121715575564,0.0078603362675879,0.0113665165012875,0.00403462512296365,0.0225187183101829,0.00565889972786905,0.000320537080695099,0.00777381876311133,0.00408375031070173,0.15719903654243,0.0729699598487688,0.00360085688426026,0.00679944132189747,0.00969733779216242,0.100472489852351,0.00697454654026856,0.0203202259260214,0.0336846626760891,4.89421355807613,0.103692007956923,6.04957533874618,3.07271221681752,0.229575181928246,0.118146010279307,0.0252052074729851,0.148727038608438,0.0491915648895283,0.0380114115725964,0.039655851654523,0.00744648805380245,0.0120916609015393,0.00503071249598427,0.0121418291587929,0.0264256431995956,0.0263647200934474,0.00780125874613097,0.01059284799776,0.00864234499843222,0.00370805327237198,0.00208199098759541,0.0276979882196438,0.28325534543571,0.0652840294355272,2.89136539562383,0.118490938141069,0.0180680158298258,0.0232621604266848,0.677155676748152,0.0709022893550386,0.0144205821202194,0.0118474886382444,0.00537652700234311,0.00973016157505944,0.00885843074603337,0.0126909147245605,0.00762540986197402,0.00197345780853405,0.156517364544638,0.111078602117299,0.0474949625936155,0.0346468556012046,0.0342109295004438,0.129593122993424,0.0170009577270188,0.0264017075246936,0.0294311012448613,1.83510312790022,0.0607380741921228,2.81796513272388,2.13851218082278,0.285062319942077,0.0951268568846894,0.011404161756976,0.0519564077248475,0.058033350310853,0.0327437839972946,0.0771396181546071,0.0205695476810068,0.0372223729278252,0.0261568559051365,0.0179670833478389,0.0400015660735905,0.0248178140755247,0.00662443198057663,0.0119951344623716,0.00244056255887163,0.0224356335433672,0.00245911251637939,0.0376970839221296
3.50510360266342,1.55333598436283,2.58649083718266,0,3.23737733632474,7.18531599043038,7.1248747311663,0.0433319491591678,0.0134663110307887,0.0098038594790389,0.00524071192244399,0.0214735950626443,0.00540494366928898,0.0015129913994998,0.0109412677939295,0.00772039079804254,1.12709145197372,0.482357815957712,0.0570145722206175,0.0637598925177701,0.0579202999777975,0.370929755892216,0.0207487584984943,0.0253540758535109,0.02915401600417,0.468561548258539,0.0848948240476481,0.539603785382766,0.421965620660139,0.737077957842887,0.268899953018517,0.0639310802665333,0.94258910854563,0.0558083457847358,0.05704337489799,0.071518178735394,0.00446022503004014,0.0251141563303177,0.0120592836494229,0.0311011136739355,0.656595746385893,0.885393720751759,0.107556692001458,0.0188074423129877,0.0164419078019084,0.0182101683431995,0.0179174727934855,0.0530604012704331,0.0157254439990621,0.0125666315244666,0.0735347943518073,0.0151903719503992,0.00236201802345324,0.00482142673109437,0.0892998658087616,0.0115585037075143,0,0.00459127365041322,0.00195091869615865,0.00322231156305411,0.00428667067580723,0.000932360643958876,0.000851854384379437,0.000908489093606857,0.0477230879235131,0.0535684047643479,0.0167528406455606,0.0111864664833837,0.0167199960482507,0.11671816107651,0.0135330596590967,0.0279643789356108,0.0107766864036465,0.0845811309615375,0.0453192412413774,0.106003641358465,0.116141261541661,0.234166427605298,0.0870840217072456,0.025016818387678,0.0176918658263243,0.0243901998834994,0.01938662999977,0.0703697594604263,0.000374510954700594,0.011787310193678,0.010976851223736,0.00922400380654877,0,0.00575365228593547,0.00203688954347663,0.0053578332249926,0.00353891120244038,0.00537549330301044,0.00351851259549867,0.0413983371671733
4.33166636984834,3.50130619052548,0.0685633331945423,3.23737733632474,0,15.473852688183,0.569632735877902,0.113221417168274,0.0283661056473094,0.0404619502338787,0.0173495340070611,0.0260029166012133,0.00513035665423759,0,0.0236992430847737,0.0031870151229674,0.114305959164404,0.0671544289827331,0.057988838434363,0.0335183086730957,0.0230058095408807,0.03916023636553,0.00360022909930737,0.00498658049422263,0.0805028437458945,0.0284162452075513,0.135462710483279,0.115710992164671,0.165837466951159,0.180259996165813,0.0415924331256269,0.015101241211469,5.08105726150885,0.0949744091361588,0.0290277103283865,0.0152454972201557,0.00209300691117575,0.021512126099818,0.00473178672111074,0.00397532325429467,5.45393665929666,1.30402449181853,0.0803865092295666,0.0574781859991102,0.0637588325960842,0.0382073374713179,0.00351956335262629,0.0076866125455624,0.00680000110546756,0.00661969482442668,0.00769986330754379,0.00531939263175139,0.00163778834416645,0.00440749831247494,0.0119470488036103,0.00833502618543842,0,0,0,0.000655796505272373,0,0.00336805855384817,0,0,0.00702022911488819,0.00891561372757246,0.0065634194645765,0.00220729760842485,0.00114185974078646,0.0131000019674502,0.000597734095381906,0.00342428268697131,0.0176568297749409,0.0127542150396699,0.0280980700081074,0.0215644404071315,0.0324590062361875,0.0472377536181017,0.011670373634349,0.00161104961457731,0.0174014060431254,0.0168729041608451,0.00709725957131825,0.0147126830868885,0.00774990289069245,0.0129767216124082,0.00320503606695693,0.00192460033930024,0,0.0032853557479926,0,0,0,0.00322042021486339,0,0.00460103867759384
1.6266293333358,4.01773612407478,0.0617643488259937,7.18531599043038,15.473852688183,0,1.66881278124256,0.0411863925561213,0.0606183515331469,0.049554907210181,0.0264770966336378,0.0456325164255892,0.0155599466161289,0.0047526172267951,0.0288953699959302,0.0183282637752956,0.342110956350201,0.125569782317631,0.0695126964181865,0.0751263395049499,0.0427696764577992,0.0693458029409057,0.00835049523184957,0.0200326429814104,0.0183519462039662,0.0329431496342449,0.0436797899563944,0.0207081033962997,0.0626616812610004,0.432055358982887,0.119698575511903,0.0159505803242581,2.73693031707642,0.088663043879042,0.0465932256784778,0.0402883872738766,0.00708604241423513,0.025648040258807,0.00944932981057983,0.00667488708889059,3.63465855552437,2.4124392060574,0.180449760710476,0.0570327287034897,0.0711757209250643,0.0771526685979782,0.0197640798135485,0.0091725108963525,0.00171030612790019,0.0063332159023044,0.00426481081161143,0.00128631332601417,0,0,0.00925303160021791,0.00494478225095194,0.00104918062684489,0.000923373406276178,0,0,0,0,0.00154827669466947,0,0.0107240073453452,0.00456740862755678,0.00600607601496106,0.0027258670916696,0.00359441534502894,0.0134875960977677,0.000808861209947734,0.00361089935662516,0.00841397464311382,0.0100637696819331,0.016448514465569,0.0042505472538304,0.0179269249969258,0.0703950485484896,0.0251314307212579,0.00472420338735505,0.00604304871923839,0.00281062307451371,0.00881926691317092,0.00959961757009764,0.000930294118666845,0.00130228674665916,0.001825756898442,0.000712910491786255,0,0.00719444290734828,0,0,0,0.00458125220184092,0,0.00821768155558423
0.527220310284804,2.23972059708993,1.70257220667435,7.1248747311663,0.569632735877902,1.66881278124256,0,0.0781738316290963,0.393733731335885,0.565747801191717,0.0448163901742325,0.402792079809377,0.379228629794966,0.00684160496749914,0.111655812593718,0.143005818181434,11.4676156274135,2.69440935532236,1.22569692687187,1.51654292530755,0.940597902665254,1.73245796458899,0.163964016396409,0.159454326798436,0.0158324867778327,1.05546934356167,0.0466162243469046,0.0920231820886394,0.232708562858443,2.24514241886575,1.31354184640911,0.159841510496205,0.318598092445204,0.11530534268185,0.178525627542213,0.218046929659578,0.0228568490494711,0.100113882709865,0.0882083631155372,0.0935834815787293,0.253669068447116,3.32047411739994,1.26940943579546,0.333381455240504,0.226075778132055,0.774117050205438,0.173341104933748,0.102249113343123,0.012247949743909,0.0201183273180447,0.117756895842922,0.0393865219689687,0.00182630967573982,0.00400104629993155,0.451805389355231,0.0109008751585624,0.00218618522584599,0.00292150601877407,0,0.0053196157622181,0.00492576435911846,0.00172359187701416,0.00633075891060228,0.0075372559362093,0.219344697736979,0.112949996531826,0.0159089979509096,0.0291228603148823,0.0314895002912585,0.251941089452783,0.0209692868069328,0.0484441278147984,0.00412783290170934,0.126399861625356,0.0391939963734573,0.0278660722629443,0.0659496260096731,0.528677556865673,0.241287315477771,0.0369235484523472,0.0184236720695647,0.0312909087327272,0.029721055710053,0.130351987628501,0.000829417438317465,0.019948556123972,0.0207838664887911,0.0168041209193392,0.00253491999098841,0.0121597754940444,0.00876750933699504,0.00311055929314835,0.00204107141674567,0.00853785270423559,0.000767435492354175,0.0789792366099138
0.709712339015067,1.37159306090931,0.0184121715575564,0.0433319491591678,0.113221417168274,0.0411863925561213,0.0781738316290963,0,0.311343118307775,0.149029551571773,0.262073069822594,0.32883569833987,0.0454211092176634,1.12038296623829,0.436843096950882,0.106830250455001,0.0640974121304034,0.014841917425696,0.0403293275496697,0.0511861623946013,0.0328939592457625,0.0445033805741909,0.0396139962064499,0.0157489538566682,0.386477092514163,0.00947730412193631,0.810645612228923,0.0596820082482754,0.126950003013403,0.0662534526765773,0.0280168948800791,0.00438091015736664,7.89404734762899,4.54202287781451,0.493366987059795,0.101274759875461,3.02318272515723,0.917560013042331,0.0932336747486831,0.0340888250434644,0.0426121185464941,0.376529104695322,0.0378665163315754,0.293724399774612,0.0694760653494978,0.0643870766022074,0.010935647700863,0.0241069214185592,0.0578706134616322,0.0498326404096297,0.0111654595689196,0.0122493762010565,0.00247980511787531,0.00887268250863228,0.0216588830705972,0.171583872478772,0.0185598756608688,0.0191560653900355,0.0127634774911454,0.0207452273428686,0.011141679805002,0.0162067591108793,0.0135895167262623,0.0135586313012126,0.0234094610088685,0.0137558078096405,0.0156479525493212,0.0223533270140917,0.0169547370008265,0.0231889038732495,0.00908218685066052,0.0111158567712568,0.146287027438126,0.00522160146721062,0.322843297863746,0.0504444839301131,0.0632551224801214,0.0503773457381877,0.0182468516634063,0.00304462209551137,0.164588331039842,0.380109144748571,0.101556648816242,0.042533417509939,0.0387452926274522,0.0946452534950005,0.0250611320971615,0.00936652182918669,0.0139263630275565,0.0329000984089783,0.0139717315145423,0.0150577718112229,0.00989046402208843,0.0235271226944982,0,0.0151871524199475
0.00855269364634821,0.739743769040084,0.0078603362675879,0.0134663110307887,0.0283661056473094,0.0606183515331469,0.393733731335885,0.311343118307775,0,2.13534219868201,4.35774992332058,3.44517923579308,0.205712103844757,0.182247772716104,2.09864103229497,0.369239129052573,0.235499662770756,0.0319318169365991,0.192459217476963,0.232644634257591,0.100252496375753,0.0699530623849738,0.085284245315806,0.0493713301817221,0,0.00992233527086391,0.0101818107674209,0.0114377127126085,0.0313643279415934,0.0486177639313735,0.0460786241854856,0.0100650043463879,0.0606271323564718,0.432563206374806,0.273645665314743,0.0682310379653519,0.141992931544123,0.588729358862994,0.183437964685901,0.0450579911953437,0.215100601145725,2.80238281762189,0.330399187137839,3.61469503907828,0.930252688699463,0.844708734619599,0.0666883618655167,0.0061811635719852,0.00469611799907902,0.0199370579081116,0.0126368015582314,0.00691410142682536,0,0.00488694504703124,0.0126730601586034,0.01320682227579,0.00615386174225517,0.0092804944480149,0.00171334827124923,0.0107738657153982,0.00603548032065569,0.0130917754081009,0.0047327451965112,0.00493903746308545,0.0183968358991441,0.00965594857135601,0.024689249060239,0.00678226952420785,0.00618184501749926,0.00431469206293309,0.00381162636162558,0.00274968534117703,0.00381870796759287,0.00550935446897202,0.00297931118976152,0.00702155272477612,0.0358276988514313,0.00621669984727491,0.00237697831193184,0.00119931005297536,0.00793393811219325,0.017465493310522,0.0108408465704002,0.00732701443903159,0.0271967716375186,0.0184191571250337,0.0132380885296827,0.00286255587227788,0.00522135152054021,0.00637223767097053,0.00377135500292022,0.0063747610435857,0,0.0270913401187831,0,0.00401875295621221
0.0191881697149136,0.973961213781267,0.0113665165012875,0.0098038594790389,0.0404619502338787,0.049554907210181,0.565747801191717,0.149029551571773,2.13534219868201,0,0.993937504089057,7.67285226411553,3.81020129295582,0.0416287992154946,1.59733492439296,2.54504684063976,1.00891384190225,0.0977218881356032,0.46740251327419,2.25465207653401,0.436154309526595,0.25697589027482,0.195060176673237,0.124854995784473,0.00355110093128154,0.00688641777062772,0.0361350684687264,0.0181009590841553,0.0604162624385706,0.159946768822798,0.178458229098633,0.0116973754629987,0.194951357027417,0.629125170383797,0.847855722458209,0.175511196250052,0.0781824207772089,0.740813420676518,0.248614890990754,0.0627383669316577,0.0458987664020991,1.56726710086263,0.789960496513763,1.61428318244901,0.905501445952731,3.75290146505667,0.10584347988767,0.0136585180682917,0.0112285448735431,0.0286356252455749,0.0199068835560687,0.0137601684631266,0.0137667674145418,0.00716559708381154,0.028477050135858,0.0311637263246636,0.00354061072912971,0.00932582851782317,0.0123676223716847,0.030434294103712,0.0128617318846195,0.0114949075860295,0.00507972681172958,0.00796857788152069,0.0328540956900843,0.0102251251010114,0.0398938829569868,0.0196808769763649,0.0162291238041132,0.0122108585197011,0.00661459589349829,0.00537291401459808,0.00127826247666231,0.0111860380769576,0.0496153911744555,0.0186865099109431,0.059346166028474,0.0307190343631151,0.00944989158449235,0.00229962218353047,0.0246756415271516,0.0548783973081933,0.0281064282609349,0.0105027792300035,0.0284055550558465,0.0429346727686962,0.0146002275260418,0.00268684396430385,0.00898553026540332,0.0226060535985585,0.00466600087314945,0.00552842138865811,0.0101621819957253,0.0311867889435142,0,0.003537713295963
0.00692508034533833,0.560182807643733,0.00403462512296365,0.00524071192244399,0.0173495340070611,0.0264770966336378,0.0448163901742325,0.262073069822594,4.35774992332058,0.993937504089057,0,2.39062030100766,0.105922047845631,0.903595035567607,2.57465520157754,0.282196070511523,0.0756724069360644,0.0166606114777797,0.0577713238882337,0.0789539721054361,0.0319344553918885,0.0504218482348212,0.0812410101450788,0.0533371890473477,0.00153643222152763,0.0068044592879416,0.00674756925277192,0.00190923513147614,0.0240885828896898,0.0443685414883535,0.0262281992395735,0.00622084401462525,0.0504939035287246,0.498556353196986,0.195348793542656,0.0659952536822007,0.312906236055748,0.434248720596894,0.144832661300198,0.0265221642159258,0.0157457940035815,0.462345876260812,0.0849287348022587,2.57765844436469,0.448497713560791,0.334388624987578,0.0181014611108279,0.00881475534545577,0.000218387792095213,0.0166006412126602,0.0089137723523701,0.0100879872826807,0,0,0.00813904264505799,0.00990592069887187,0.0260512020303845,0.0115390328991499,0.0166128598903242,0.0117730288276218,0.0269648840637445,0.00646102519388014,0.0179324487801779,0.0166428128834004,0.017084298633547,0.00224811618315775,0.012437379430263,0.00885666186738408,0.0168370159934435,0.00788080381773523,0.00785042773036301,0.0085559641530972,0.00140902759906113,0.00383167808515728,0.0187358753571761,0.00745972203728182,0.0166123366465972,0.0171190443179527,0.00299881647201828,0,0.0130085224219905,0.0341435190023042,0.0172199988926258,0.00424629315666847,0.00410879536704153,0.0526453584045761,0.0195948231054509,0.00464449388907164,0.0023767427962349,0.0218136813314319,0.0197723646632107,0.00952627432438526,0.00759919089974781,0.0257819435255344,0.00497426799996728,0.0022643409703836
0.0445307230164716,1.38026759926229,0.0225187183101829,0.0214735950626443,0.0260029166012133,0.0456325164255892,0.402792079809377,0.32883569833987,3.44517923579308,7.67285226411553,2.39062030100766,0,6.97953065367541,0.160685912270701,6.33643112890209,6.24539835826878,0.601556675532378,0.090233119784108,0.300098866433482,2.54814095521496,0.55277944495709,0.38139939206867,0.536157102842624,0.192762929938997,0.02211821574946,0.0144567988443914,0.0951102978746354,0.0212617789280351,0.106757260696977,0.439581268997003,0.384676672880711,0.0331618399899848,0.385020675921221,1.61117785292734,2.1841305021493,0.580949745638008,0.20615336399267,1.72851924397821,0.682586298915699,0.114014543708077,0.0432844018751388,1.24266326281362,0.536262264938165,2.18163396056528,0.735694062567186,2.92977383970949,0.21368781840078,0.0259952983435539,0.0186360944710734,0.0602973509700828,0.036932993585372,0.0296515828577592,0.0113345527541486,0.0150835423325595,0.0475921730905913,0.0498235932381659,0.0305161743469735,0.0362386320420523,0.0122691810739196,0.064789405284507,0.0252081504462431,0.00717216961101441,0.0441305097562345,0.0269872773519054,0.0494278881370314,0.016866447543718,0.0458188534836128,0.0369795817008725,0.0313193403659124,0.039386361567377,0.0275525762403179,0.0137351693088507,0.0119237002766627,0.0148211834068694,0.0390001412673501,0.0353915934419516,0.0828011529820048,0.0572350289490955,0.0173987447022604,0.0104503010744663,0.0489177878356093,0.10368764765537,0.0830974305555221,0.0475193364613872,0.0327692632065523,0.116179370352585,0.0506521827489616,0.0145291161059402,0.0116992792566122,0.0618167385887722,0.0255378381612765,0.0162360944050024,0.0157616494857953,0.0574388027485315,0.000838263925600116,0.0241130963289292
0.00661479229485562,0.417957803776746,0.00565889972786905,0.00540494366928898,0.00513035665423759,0.0155599466161289,0.379228629794966,0.0454211092176634,0.205712103844757,3.81020129295582,0.105922047845631,6.97953065367541,0,0.0311373202108079,2.14832373935433,4.19699722425365,0.7592724358077,0.187149558235391,0.447778491984063,2.22300385239449,1.44268769156064,0.843915880089148,1.15774127270688,0.451095205901575,0.00147662791318998,0.00421176152267686,0.0170957094668983,0.00349381698936474,0.0221605166910525,0.364021704182914,0.544509687200508,0.0690541908823981,0.0807922689837422,0.202171936547486,1.1441567885522,0.543350983126676,0.0595692419312708,0.436636729665042,0.574967296156603,0.188234791698133,0.0190559863530033,0.684453208822479,0.549948277325869,0.355716685643003,0.328315996174388,1.59819384117375,0.447039919208941,0.0423957388866615,0.0030056901057987,0.0131222630226993,0.00379014869723959,0.00398920818240349,0.000962919467371502,0.002055400945967,0.0075016755812622,0.0130547433324407,0.00668686090137826,0.00472148571910054,0.00312291570423093,0.00264939224738012,0.00215451796825534,0.00138058620909833,0.0051074253979243,0.000813699919135557,0.0105646226523519,0.00305698458008768,0.00911615604231586,0.00517287838458455,0.00572451591688149,0.00710592451887866,0.00541050769321344,0.00725405918425506,0.00321974870604988,0.00198300931646441,0.0113674216209149,0.00745878377576718,0.0160437318276888,0.0215328578993533,0.011744011682383,0.00170026197858407,0.0144029512299638,0.0166402991044359,0.0139999383577381,0.0170755726114583,0.00671252100304513,0.0227248733818711,0.0102963621146456,0.00141895071047469,0.00196940342174948,0.00820393852311849,0.00146124267426064,0.00761977120963195,0,0.00301557212562333,0,0.00670418674528157
0,0.304959770289499,0.000320537080695099,0.0015129913994998,0,0.0047526172267951,0.00684160496749914,1.12038296623829,0.182247772716104,0.0416287992154946,0.903595035567607,0.160685912270701,0.0311373202108079,0,0.977608572180952,0.106207137984195,0.0162706471693388,0.00471774143683547,0.0251554791566364,0.0180444487078818,0.00795410961628338,0.0155706127067208,0.0437279901222121,0.0108574554441524,0.00406098756146489,0,0.00774857372705773,0.00611389006535235,0.00382783909905302,0.012035770038172,0.0116578717064419,0,0.0315732844957207,0.752390011318968,0.34088404241899,0.0507450571061793,1.39789476903633,1.51128318669055,0.096163176785796,0.0109046306790384,0.0149635567896763,0.0825106152517511,0.0201559032293311,0.320481566669925,0.0625320043424468,0.00265356118122351,0.0102122849598344,0.00525443845500579,0.000391875195513043,0.00150253685366165,0.0014495076629665,0,0,0.00200906562977499,0.00554444433509691,0,0,0,0.00275001356173885,0.00101614426263226,0.00938526294985201,0,0.00304033687405866,0.00635589087172908,0.00141253122862596,0.0024643548115395,0,0.00436124579324831,0.00396148080515109,0.00423357745588853,0.00296310689502857,0.00238896621297113,0,0,0,0,0.00175490096782059,0.00900393540482317,0.000515844046231409,0.00636669656224065,0,0.00426897099012946,0.0141309792645336,0.0166678584329849,0.00186082471114582,0.00465116129917176,0.00304266461286173,0.00356782748338436,0,0,0.00237875271585984,0,0,0,0,0.00712314174050071
0.0124188153152019,1.15634397004344,0.00777381876311133,0.0109412677939295,0.0236992430847737,0.0288953699959302,0.111655812593718,0.436843096950882,2.09864103229497,1.59733492439296,2.57465520157754,6.33643112890209,2.14832373935433,0.977608572180952,0,4.08392848582298,0.205113842738304,0.0595391788789481,0.151607724706922,0.645066868940798,0.229656506373791,0.255053010057769,0.53357072856871,0.207361406138973,0.00691528424660584,0.00459039515770727,0.0229424444580996,0.010081546375277,0.0350264149041823,0.255705943147313,0.226421095990967,0.0324947380655767,0.139699742420251,1.07005641497667,1.32659586583798,0.425644108068188,0.290353589269913,1.79180175752567,0.761305133942602,0.168974731383079,0.0228218080708155,0.510996087582384,0.24853292768994,2.07179108887207,0.514030029604907,0.493964556317018,0.181226662682725,0.0295047882339669,0.00361964761995449,0.0290312501330709,0.0131013783088701,0.00812141996351828,0.00411584305266588,0.0108675878951343,0.0209425674975094,0.0309643253337563,0.0162083863303988,0.0374062335659232,0.00800588662583306,0.0385359167466205,0.0202384455999152,0.0149204504526421,0.0256712424286242,0.0108198193603543,0.0237568235833893,0.0115482376989981,0.0295867939779709,0.0282061209481179,0.037150013400832,0.0280515463982618,0.0305744239066802,0.016564443175451,0.00595807589138664,0.00726259060831544,0.0225428781907742,0.0146225457042959,0.0325019808281145,0.0299516220663587,0.0183056496798781,0.00759747343781567,0.0148277040705563,0.0746077464896904,0.0536456468428539,0.0366351418782546,0.0199229931268986,0.0782003763164486,0.0287336433377141,0.00959266074923779,0.00539272629214871,0.0267782216818549,0.0204813281463486,0.0213078774704499,0.00942965328367976,0.0433843739437681,0.00162484884412411,0.0203357293054416
0.00799479290115679,0.409566846343439,0.00408375031070173,0.00772039079804254,0.0031870151229674,0.0183282637752956,0.143005818181434,0.106830250455001,0.369239129052573,2.54504684063976,0.282196070511523,6.24539835826878,4.19699722425365,0.106207137984195,4.08392848582298,0,0.271250401838626,0.114797520984763,0.143406489050722,1.1383075302595,0.546079082565507,0.584196394419972,1.25693458116539,0.60008898825307,0,0.00474995513549466,0.0316353889814924,0.00199499361100419,0.0313450993006872,0.393373136917384,0.439834915716611,0.0892773780137012,0.074266030410886,0.456591039373215,1.42380962244542,0.746628949846802,0.123297402708867,0.89604424131848,1.24315426796032,0.554165620290738,0.00931371262506697,0.394048629244109,0.331591674197051,0.456529246129224,0.332826506100347,0.788760148928867,0.548551068743727,0.0911379286441267,0.00383707095418392,0.0241755775029386,0.00437334881918136,0.00972953118197346,0.00524882398645735,0.00485008578211629,0.0107039314816791,0.0232527732271297,0.00729597240341568,0.0140228865391792,0.005303954482931,0.0120852696170598,0.00912282142784621,0.00410080577652176,0.00321486399856719,0.0124670418723394,0.01315207854589,0.00635035080559585,0.0135517214546263,0.014381291010758,0.0151086991723,0.0218137942830345,0.0176544354075685,0.0183822909909056,0.00560178207038853,0.00094038400940967,0.0164798158599257,0.00357966043466988,0.0282397416926741,0.0219860151502253,0.0174606695510201,0.00694884884370689,0.0052857656329725,0.0271937311117013,0.0346151501016816,0.0237711946120343,0.0214906720059421,0.043327124270163,0.0212759024167308,0.0104675527753269,0.00479724373540129,0.0167370806561734,0.0103848404757233,0.00794650663931365,0.0101878863724164,0.0349405160776426,0,0.0212376719546364
0.117174740470427,1.75741575803401,0.15719903654243,1.12709145197372,0.114305959164404,0.342110956350201,11.4676156274135,0.0640974121304034,0.235499662770756,1.00891384190225,0.0756724069360644,0.601556675532378,0.7592724358077,0.0162706471693388,0.205113842738304,0.271250401838626,0,7.64409347630051,3.15364179415862,3.7182149718174,2.71787632671388,4.07850942592571,0.359031433729022,0.286976400050918,0.00472258628543669,0.0745368460644879,0.0234439463192346,0.0266629178475214,0.0708145606245989,1.19946561004561,2.16505030374644,0.290341795275244,0.092394595511439,0.215387499376243,0.226328697461155,0.314459922551605,0.0227834207581155,0.177182918012849,0.156797283735869,0.144616306968756,0.118125833999183,3.01391117043317,2.16620876877231,0.460509749528008,0.476138620689234,1.07323902672794,0.373369644722156,0.1601697432609,0.00630119384999673,0.0134297406533746,0.0229528868540889,0.0198197918024457,0.000884116887862996,0.00116370201126194,0.0948883446673434,0.0121408464865138,0.00216501180783434,0.00277272521483062,0.00121350068494033,0.00436335330377987,0.00502203532268368,0.00238676531008711,0.00121472237289041,0.00241147840428028,0.123876001006595,0.0850140037986393,0.0168670489490026,0.0158990113842484,0.014813732904751,0.192411144105249,0.00668899535749608,0.0419309161817118,0.00518514566710839,0.0121327126688319,0.0135955390329255,0.0101385217088555,0.0348392587697475,0.209131716088434,0.284590918095687,0.0448397507626454,0.0132448769875608,0.0206636141193449,0.0224176596290879,0.0779650555805361,0.00228616891118677,0.0229506661933405,0.011227908534462,0.00694388638529483,0.000884317923919298,0.0121158730027805,0.00791892322397088,0.00161238886849943,0.000984643321777501,0.00384456284916834,0.00266587253429679,0.0670085696513628
0.0576955915911095,0.509226261046376,0.0729699598487688,0.482357815957712,0.0671544289827331,0.125569782317631,2.69440935532236,0.014841917425696,0.0319318169365991,0.0977218881356032,0.0166606114777797,0.090233119784108,0.187149558235391,0.00471774143683547,0.0595391788789481,0.114797520984763,7.64409347630051,0,1.03886391932695,1.98271706432456,2.740502346738,6.62387959564794,0.260070665936915,0.255773065008946,0.00140789506890606,0.0384850734586939,0.0158406687844824,0.019062231406498,0.0447016882400483,0.850763964666649,2.03714934575159,0.726045581377107,0.0447457636366443,0.0627101961898902,0.101048555785945,0.216994756201407,0.00609860072979073,0.0543407019537866,0.0917860723873011,0.112510663109563,0.0338344387314393,0.65500618653607,1.00695399172574,0.104681531762444,0.126898950398123,0.219279262965712,0.299809280669061,0.233285410942013,0.00280491689366523,0.0103753049251384,0.00842757505379327,0.00327607120067298,0,0,0.0258355957250055,0.00128629128089796,0.00242563729685401,0.00176216073838792,0.000756277365375424,0.00451588213499377,0.00391215590399314,0.000554670384187064,0.00223980814867265,0.00102432703188049,0.0446189082769626,0.0313338375027386,0.00572646556291793,0.00866605190787632,0.0128382903558898,0.176007456543464,0.00850064046608526,0.0444672861296141,0.00132960199577559,0.00660378669378722,0.00407076908457271,0.00644387743150449,0.0127083274782387,0.106666645924595,0.331238492324911,0.0738160086600119,0.0048301459238946,0.00331437868007271,0.00526296707597115,0.048784949027469,0,0.003867589686009,0.00711687047673954,0.00305567579107879,0.00157375118377187,0.00715402613606265,0.00379049816852051,0.00309101391387905,0.0040141199638327,0.0118949384008677,0.000973399205710018,0.0683137981043791
0.00911265994633018,0.652871967871248,0.00360085688426026,0.0570145722206175,0.057988838434363,0.0695126964181865,1.22569692687187,0.0403293275496697,0.192459217476963,0.46740251327419,0.0577713238882337,0.300098866433482,0.447778491984063,0.0251554791566364,0.151607724706922,0.143406489050722,3.15364179415862,1.03886391932695,0,1.70705707619064,1.0334247979562,0.838112441223636,0.180959163513946,0.143089807168491,0.000732538311201222,0.00233883601506153,0.00418495362498767,0.00761035591178542,0.0105417348479195,0.100254842694605,0.296263932504114,0.0588202015743941,0.0338432022265246,0.158258785446689,0.168260480018434,0.0688071769470739,0.0300230889775827,0.152963632556164,0.0826496757566577,0.0472146686113455,0.0782313477471731,1.16886574370398,1.10918362877249,0.475648813820844,0.31036934266118,0.700421041161775,0.228101498187948,0.0199502537597579,0.00125005461957437,0.0081918668041259,0.00585142402801041,0.00287354355335322,0,0.00263664289022539,0.00757018385842851,0.00323843981511472,0.00149342066366365,0.00164123250814996,0,0.00118629013719967,0.00357825413149904,0.000802329571064735,0.00672918569652534,0.00433920784573477,0.0082279731524799,0.00301110995705465,0.00539890392726078,0.00609690201875854,0.00251431422014292,0.00915080470556973,0.00223774038338358,0.00451974551300025,0.00105541029834892,0.00282448727300466,0.00738820136109072,0.00527361991215831,0.00986775191198938,0.0122473188327985,0.00499358450862064,0.000999395507875159,0.00688569701175296,0.000625540557882984,0.0044532047905764,0.00556631728239373,0.00286101912663567,0.00931084516067748,0.00497559410982795,0.00193395270815803,0.000927299964110812,0.004289874783086,0.00101347045331936,0,0.00128220465765008,0.00398455454829083,0,0.00949478107615446
0.0120782783538614,0.886007916660064,0.00679944132189747,0.0637598925177701,0.0335183086730957,0.0751263395049499,1.51654292530755,0.0511861623946013,0.232644634257591,2.25465207653401,0.0789539721054361,2.54814095521496,2.22300385239449,0.0180444487078818,0.645066868940798,1.1383075302595,3.7182149718174,1.98271706432456,1.70705707619064,0,2.4445358828908,2.32635631540804,0.478945432246877,0.419368166903239,0.00493828851547778,0.000997418627427249,0.0190189739049954,0.0101436786349467,0.034135333062985,0.416404667674826,1.11097953745067,0.166308574103764,0.0837276532867386,0.204673085375517,0.525206438862276,0.388822709475994,0.0322723878752613,0.277972322515697,0.351942626782362,0.156948936580992,0.0629521412444018,1.3898192644516,1.76037851323731,0.422774509107952,0.471217163335654,1.51846091706524,0.669982601484912,0.0403901143215908,0.00421105009464696,0.011870065226524,0.00595636642070957,0.00645156345533043,0,0.00113038802540085,0.015570608271421,0.0127759142941995,0.00733790211342864,0.00216348467363994,0.00261185904047043,0.0047892480774899,0.00226931414834314,0,0.00672778862825407,0.00309642814002099,0.0144240152273424,0.00765673515441069,0.0137430531903998,0.005835601055213,0.0118308877083208,0.0218323568142429,0.00432963719606313,0.00953147458924752,0.00232242361923729,0.00744846251978541,0.0164457052337071,0.00723397128218234,0.0232570051738059,0.0408267874759292,0.0357786942667172,0.00857598264263779,0.0117185005304356,0.0136091175885349,0.00587307275405843,0.00800570787949291,0.00390032338827365,0.0241695033600306,0.00770826267252633,0.00334503196081767,0.00483155983874014,0.0165599508750389,0.00367401867299459,0,0.000717695801303351,0.0100909400701639,0.00142690870920836,0.0119240199950489
0.0121422535024339,0.510935321416742,0.00969733779216242,0.0579202999777975,0.0230058095408807,0.0427696764577992,0.940597902665254,0.0328939592457625,0.100252496375753,0.436154309526595,0.0319344553918885,0.55277944495709,1.44268769156064,0.00795410961628338,0.229656506373791,0.546079082565507,2.71787632671388,2.740502346738,1.0334247979562,2.4445358828908,0,4.12742696275583,0.778795852516249,0.460703967109529,0.0020689656556854,0.00661163403969115,0.00858657040745009,0.00574764202631047,0.0148992455562323,0.261928847321103,0.819791549976103,0.26787322113477,0.041383427778027,0.143416991685747,0.355051603808112,0.312728673821504,0.0182485566977977,0.165738653273682,0.30609648642881,0.203283803628757,0.0403298759659027,0.737823575108957,0.977946062366419,0.241980229167267,0.271883164510846,0.503319221396189,0.526633145868735,0.103744865553434,0.00323020123766066,0.00930798790722438,0.00426296789269537,0.00388952349180775,0,0.00841898239701711,0.00773270201939562,0.00406792229308975,0.000512015897125087,0,0.000495837063235909,0.0073043244133936,0.00263510724679838,0.00147641483158556,0.00854203061219388,0.00275241091108214,0.00888593760736359,0.00723795418233582,0.0120605547223136,0.00891307880866262,0.00471869849103562,0.0332040461142744,0.00267443005261606,0.0263361084792901,0.00323987570280012,0.0014870138129147,0.00696412289138853,0.00520653939372531,0.0169054503201119,0.0403215668651294,0.0459726236475006,0.0227011734986432,0.00511269090563291,0.00774535274336455,0.0135476419223443,0.0106035752354717,0.0046966467891237,0.00780041494986008,0.00588393252902497,0.00419916114200078,0.00141872440959983,0.0107872080998272,0.00148769577721316,0.0026724058004049,0.0020377246632193,0.00629076784703576,0.00152833777665402,0.0162059524577851
0.0971928306344969,0.544174444519743,0.100472489852351,0.370929755892216,0.03916023636553,0.0693458029409057,1.73245796458899,0.0445033805741909,0.0699530623849738,0.25697589027482,0.0504218482348212,0.38139939206867,0.843915880089148,0.0155706127067208,0.255053010057769,0.584196394419972,4.07850942592571,6.62387959564794,0.838112441223636,2.32635631540804,4.12742696275583,0,4.65647079189253,1.74376984417441,0.00279563268457271,0.0339540008966622,0.0169925572795185,0.0189679802307698,0.0593601093143291,0.89267421382732,3.53253555643832,2.65671211124593,0.0626137431168395,0.156752345023945,0.407637323627548,1.34628893650224,0.0208693906698551,0.271991945736071,0.714335646097203,1.44044579901204,0.0297258980506146,0.571268509787435,0.729450276474516,0.172353305509469,0.153396687151472,0.312653935638131,0.710414489359952,3.78117556553062,0.00442901152244837,0.0146258551976327,0.0087877658141719,0.0028529722853338,0.000674870052462404,0.00155849772573943,0.0176913150992865,0.0092119344856151,0.00296572122240661,0.00203843823600735,0.00197331723480257,0.00395522062344709,0.0053774135915042,0.00301714536381973,0.00497134597482645,0.00364725994341533,0.0267682019822281,0.0431859616789821,0.0106527096852717,0.0167521259277757,0.0264712220148161,0.496279196511685,0.0167520948849376,0.26951237944954,0.00284905415842047,0.00573164237796701,0.0141193919075107,0.00707252361767525,0.0213946308017435,0.247925916638886,0.499997407090605,0.270037583931751,0.00693799100324952,0.0126467236867312,0.0241356402286047,0.212879459647103,0.00240184912760426,0.0105211109329058,0.0143827194501998,0.0131093116709884,0.00113261633754585,0.00697977911711678,0.00566886230874542,0.00457918488278453,0.00244849598963847,0.0125895542275898,0.0154314406700544,0.467117155051933
0.00447299393290895,0.240527527437139,0.00697454654026856,0.0207487584984943,0.00360022909930737,0.00835049523184957,0.163964016396409,0.0396139962064499,0.085284245315806,0.195060176673237,0.0812410101450788,0.536157102842624,1.15774127270688,0.0437279901222121,0.53357072856871,1.25693458116539,0.359031433729022,0.260070665936915,0.180959163513946,0.478945432246877,0.778795852516249,4.65647079189253,0,1.53778613385822,0.00121799798428392,0.00700617797670736,0.00746929257956216,0.00425953805830563,0.00924624130845946,0.255857089554048,0.646765777553542,0.498843758186342,0.035100337018293,0.239357381743767,0.585283156719648,1.06876036617109,0.055712214624004,0.556825244211921,1.57881523240061,2.90666846263404,0.0112949782181759,0.172725885665292,0.196465488457795,0.171073308934867,0.113251179518035,0.152551016428846,0.604912741027735,2.3510639865035,0.00128865508721782,0.0106230992198928,0.00230258716146939,0.00227041320558412,0.000350512334141198,0.00199741142791118,0.0121770699247561,0.00421762652492353,0.00214383080309876,0.00646675564869588,0,0.00538705559442912,0.00794089234208434,0.00080278434075845,0.00257597444610076,0.00302338039724209,0.00549355605822077,0.0121183021490653,0.00718843432004374,0.0056558955136964,0.00847367564946274,0.0592620102427639,0.0082890725166543,0.086477895863267,0.000332524877012033,0.00266567310268599,0.00712018736137739,0.0039148780427613,0.0077190120660525,0.0486308980705872,0.0612074612588846,0.0458274384570737,0.00460739700665363,0.0172704297502527,0.0184808580402931,0.0689321733170085,0.00184975169503548,0.0237683680944363,0.00826651949968158,0.0114352392781496,0.00405067090692753,0.00620632597237764,0.00253629027001648,0.000996395343790285,0.00202882553787553,0.00709304221486341,0.00152886463447489,0.0935575523964601
