0,1.23524465894988,2.28328987805781,1.7893133797598,1.45975487224806,0.620758433201992,0.483649227974735,1.14477838521174,0.0930144432585571,0.0181132732187624,0.0927990434762264,0.0473702698452151,0.0183854436845129,0.0589904234018542,0.0687628625177583,0.0160334530990874,0.105704317123675,0.0218813824585223,0.0131585420330463,0.0222159758869607,0.00625250922669774,0.0214162397217098,0.0115643064080597,0.0215000722452269,1.10524036755923,0.199367518846694,1.33583682932644,3.00211937420266,2.24630038374177,0.205652303185762,0.0411481581414839,0.00626753243949566,3.15121780484536,0.454867528510687,0.108075441422113,0.0933993544485063,0.0823358764523015,0.14629591271129,0.0335994905351923,0.0176826184554371,0.342989174942735,0.240822471698193,0.0216867598684213,0.126286739851579,0.0286583079936836,0.0195986679156157,0.00154401152454893,0.0205802020754316,1.65701149848632,0.220011478066844,0.537607855427293,0.0660128734011681,0.0463822094820503,0.015294987308015,0.0597567103775638,0.138296794325545,0.0138613889240489,0.00849978225488913,0.0320014312532443,0.0154633169788708,0.00595427657153873,0.0323566046811516,0.027200939589475,0.00645935516370205,0.0447644287746228,0.00802390302565653,0.00954962312177085,0.00522431638807009,0.00550813157246045,0.033657883174347,0.0831532418870644,0.0196903843243854,0.883502709711428,0.0640682439188611,0.496672197059399,0.985894010548913,0.910217307529932,0.0853951049663271,0.0376667824396629,0.00928536990934105,0.335033984477698,0.319073121144355,0.143729060287735,0.101432866914637,0.0319322534011091,0.0684390344832976,0.0608315710088473,0.170836281019107,0.026311779593305,0.0453205392849846,0.0142789741321645,0.0437668433891841,0.0158172288460199,0.00570653115788678,0.00423685795486795,0.122493654035215
1.23524465894988,0,0.534333506961299,1.42616722088915,0.671857203956276,0.732216618740946,0.792524214687409,0.498392752943181,0.445146745467923,0.241057538310285,0.56143804907983,0.610642726460996,0.263027814764366,0.323112896696291,0.670693100386429,0.195310437250495,0.436285762703209,0.216684632556766,0.167198130144219,0.30007767814655,0.133229743891516,0.104605276831792,0.0657127090518823,0.0508915403385284,0.359959182740623,0.318480520847114,1.27429783169228,0.732122785285452,1.30859014647514,0.526523667456992,0.137098102655526,0.00947531843137626,1.52696774116153,0.74243525110778,0.855398145540458,0.290030805564616,0.242561582286304,0.913502404272908,0.63123496367085,0.0374697690515807,0.767738289398671,0.625254175300443,0.223528817462366,0.51254502849742,0.489116633406192,0.445367227556764,0.0224635191744553,0.0224375036256202,0.0502104103231339,0.0999404623278843,0.0447269462313733,0.0238068117182868,0.0149386996091655,0.00991795972665958,0.089601147758995,0.0377926111238796,0.00935492120328113,0.0132485714580222,0.017465129275972,0.0298898852832525,0.0114569298069021,0.0119455897629827,0.0324716801083751,0.0207546157525859,0.1634572649387,0.0374077489445094,0.0366942118015458,0.00862446420949581,0.00794786637726747,0.0233021490235456,0.0456795328920289,0.0298270370513285,0.207554760271952,0.133347250022003,0.296310276724398,0.0884605584027806,0.538731538058948,0.207194040630571,0.0776436966398147,0.0153383430726808,0.0914604666279297,0.110873764623977,0.131674667731004,0.0877974586745346,0.0171798833856585,0.05589373689294,0.0740027930048248,0.129823937173022,0.00993355507342641,0.0562658919028043,0.0541149948263341,0.0353955547879106,0.0260721225358706,0.0110301315153456,0.00332359462850712,0.0949483186953217
2.28328987805781,0.534333506961299,0,1.96563902364596,0.0543184900028601,0.137426402921861,2.83973480021268,0.0484819277916754,0.00971322493565338,0.010505992569063,0.0170962136578259,0.0354748728936543,0.0554298283335581,0.00680914793582177,0.0326461780171496,0.0300077625503585,0.499057160808252,0.25153271464479,0.0593512899801987,0.140503860777703,0.0426290883839692,0.107697513862994,0.0320930151620432,0.0213645702601791,0.178296555975151,3.00202891185154,0.401710119660853,2.61133941859424,2.68522942965898,0.917159915818244,0.250106624571031,0.013918254688651,0.288797992244528,0.0915180316783887,0.106958396714949,0.0977838043062619,0.0126753424997703,0.0833764085907097,0.0629668257625668,0.0206263020481845,0.0926762634430161,0.195490599448624,0.143870106957426,0.0306495485681856,0.0562631977519304,0.133582526375847,0.00844153172670775,0.0105666381755221,0.773143460987785,0.173633499773391,2.23062128189864,0.135915115683452,0.0498050445956196,0.0358302325472171,0.357164367754015,0.0544709963996853,0.0183077307445423,0.0159429055683159,0.0327606561393746,0.0192158206334663,0.0118943548324048,0.0243679111508691,0.0338412678499375,0.0156819414724656,0.187675178190953,0.0281714073065513,0.0324618916318543,0.0209984405403722,0.0097574391196357,0.0248628945465929,0.0470698441537488,0.0132292428729012,0.135022888003326,1.00971512996394,0.132512332365826,1.01570051831381,0.779354012558808,0.244596110766354,0.122689478842779,0.0122056489470235,0.0909063775370684,0.154414778120538,0.131132683660722,0.0993294259080243,0.0221038767860209,0.0511703398105869,0.0489887351921439,0.0926809925779949,0.0226150276369587,0.0697999780034763,0.0132271977538059,0.0420578195684478,0.0309970119388194,0.0108487014610016,0.0024428037391452,0.0592098119587211
1.7893133797598,1.42616722088915,1.96563902364596,0,0.906421175695159,1.8791673385195,4.03818033064242,0.213936300964435,0.160436374362156,0.044638800349518,0.0678575432423634,0.109319232095765,0.0575461033515928,0.0317363774824918,0.0803088789073571,0.0387076833604289,0.872074493585666,0.132785239735125,0.139592387619166,0.106818534395408,0.0413148746198123,0.0574472293665103,0.0183433269440982,0.0130947400373733,0.229630461814224,0.573488442654758,0.522278628558241,1.01329762361284,1.50727193004721,0.532827936773253,0.115681555896729,0.00737724632962939,0.596184932806774,0.161052431652544,0.122042014778308,0.0621254286009479,0.0270050879642378,0.175507830527781,0.0817408707372123,0.0175390430322837,0.489999832668057,0.904482947402096,0.120602465735431,0.164053742057349,0.073173589599271,0.127517301066786,0.00826334254043147,0.00696874283437482,0.0267512118886071,0.0695382181310214,0.0359260300949069,0.0150082128598382,0.00703251596211827,0.00475684609895786,0.0829753665852409,0.0197528375596424,0.00585084975896233,0.00959145852608535,0.0103638978881282,0.0125068888091289,0.003719399085516,0.015515416173487,0.0108315309569436,0.00439632530446294,0.134413065681558,0.0166390090432345,0.0213648743600958,0.00625950715302498,0.00109545756676837,0.0119807110742249,0.0219786044884358,0.0102974163293759,0.122898873742836,0.116501781059906,0.117952596724619,0.0678206748406506,0.474452148324429,0.158414164246808,0.0577187966711877,0.00648458464816425,0.0439221821899331,0.0588146883743215,0.0547566704310684,0.0381690199362143,0.00408051804143697,0.0390076890294692,0.0350793311029458,0.0418668961898957,0.00691424838314308,0.0356888735145067,0.0165214023487904,0.012551825689544,0.0225757254465736,0.00634989715382449,0.000767144238936111,0.023514055823262
1.45975487224806,0.671857203956276,0.0543184900028601,0.906421175695159,0,3.79653579847652,0.315782544804622,1.09156035563139,0.785769527753466,0.05231503508183,0.366427919566943,0.048621902207507,0.0159877733768195,0.059178472350358,0.0644751059014381,0.0160987053588998,0.0870609308039287,0.00687536298834643,0.0289351223804049,0.0157652773959352,0.00488568610354401,0.00238138580418496,0.00254887644104464,0.00484272197291157,0.16349018636291,0.0569354008058487,0.41137469628861,0.177316829461648,0.293510980160766,0.0299322935433537,0.00382581128674609,0.00199954783262057,0.865410899264073,0.208624510608073,0.040898067185472,0.0187711781863869,0.0711860669194837,0.115933865810504,0.0155539559380161,0.00552175343607697,1.01106103035734,0.900897624199642,0.00660597634752293,0.651954447722498,0.0496686276543826,0.0226656712935128,0.00321855242396163,0.00557365186607983,0.0118913015257619,0.017370888577949,0.00464442680035564,0.00192909349213258,0.00520662556582197,0.000848157367383334,0.00613941892262905,0.00246471815744825,0.00122767632630499,0,0,0.000391849245528375,0,0.00239065858684853,0.00760641120627334,0.0025078592708941,0.00954543583535472,0.00246615372785089,0.00102727045454908,0.00083768014091247,0.00290275724091406,0.00264001820353007,0.0145120056451,0.00209063408026379,0.0942776378140286,0.00242526875502136,0.0670441107893788,0.0248638935157766,0.0954326364114065,0.0106247926527126,0.0048613260927166,0.00361821172071768,0.0197239200223377,0.0203695885299421,0.005344170414813,0.0181948569008675,0.00682938530626787,0.0102922117027808,0.0208929790490258,0.0544406011966904,0.00106057046631258,0.00328396463997588,0.00144134312235459,0.00333703626351056,0.00148957038959215,0.00759287943836917,0.00209843744020347,0.020053033128517
0.620758433201992,0.732216618740946,0.137426402921861,1.8791673385195,3.79653579847652,0,1.38993313809304,0.666848022532616,1.05099186302769,0.0394814586364645,0.24703557746041,0.071344328237135,0.0210012164093775,0.0408560026714317,0.0649534102539701,0.0313078330153421,0.673015577393348,0.011428634514328,0.0681624755626456,0.0163131953260711,0.0203744141816975,0.00350901003279223,0.00235638014138364,0.00306270377953055,0.0974522878694695,0.0498295411713676,0.158558470252761,0.163726402827432,0.291047667585086,0.0642348906608703,0.0136784442215612,0.0022068229154667,0.265237075656497,0.0928875898477113,0.0330267364297352,0.0167013102221456,0.0355644488554934,0.0855903284692539,0.0187950937318613,0.00435502506068402,1.05881707330259,1.73382120757204,0.0202502750782038,0.767143967122578,0.0587859948383243,0.0652744787167621,0,0.00264188249582079,0.00571240972811559,0.00972198588495433,0.00662175827073409,0.000839904434467714,0.00191237311432349,0.00174789679352037,0.00876330895410173,0.00355201378474897,0,0,0.00258646066216042,0.00143704209154411,0,0.00477071454143977,0.00738486839372567,0,0.0160123954919919,0.0037238301976691,0.00285610014259737,0,0.0014061869004538,0.00146546382969186,0.00606450290321719,0.00459997589517136,0.0570837654795139,0.0253411729771202,0.0392400384782388,0.0162477154949726,0.11060391857164,0.0211360265500131,0.0103114064027312,0,0.0129798714985291,0.0242406050524491,0.024724459917786,0.00565244646624719,0.00566996520845499,0.00396907145388807,0.00423307771505901,0.0128613013216913,0,0.0116579158340074,0.00483129055264926,0.00448172453625373,0.00804970219344819,0.00589634697641656,0,0.00690348329386162
0.483649227974735,0.792524214687409,2.83973480021268,4.03818033064242,0.315782544804622,1.38993313809304,0,0.205645766720597,0.308915133404618,0.0613552268723757,0.050858055914207,0.108929000659054,0.221856356454916,0.0138573071381165,0.0856793517574801,0.0963520083475654,6.7513566548958,1.29293163609568,0.781785725790951,0.805289442974218,0.194880784493941,0.468490930270774,0.111351004175112,0.0877529572513289,0.0870728742796444,1.54169504128272,0.287286570250108,0.507097099682543,1.39940690598755,2.45781028048511,1.22740290225127,0.0196363859828121,0.203435529350391,0.0964845333827343,0.226691568827827,0.273945195542366,0.0152356653754947,0.164092802781813,0.184986256765892,0.0579655835638228,0.159434123063699,2.02187005303689,0.704062633780792,0.213900767464721,0.127553736829416,0.586787561161701,0.0156664819125141,0.0224133725572852,0.0208156426299207,0.0984282582152323,0.208394767588379,0.0219184509214423,0.00493334872816663,0.00840801467944358,1.05692986800899,0.0225992203579106,0.0111168397221518,0.0241016723514408,0.0151382575885295,0.0371299544514623,0.0325275631516684,0.0103975581759166,0.0451544112676262,0.031375154453264,0.80470509544221,0.107150326925968,0.07411174428625,0.0350873891929196,0.0265892333943332,0.0667415006001518,0.0345828536727157,0.0378704111219696,0.0461017922964431,0.407911694325507,0.0523995666896124,0.0511378928823227,0.314247889312356,1.05376454847647,0.665933065313423,0.0277921705754343,0.0273884537556723,0.0496430478275424,0.100409704894047,0.126088849505732,0.00390905199642407,0.0543054212166069,0.0595998251330847,0.0559200397810715,0.00481271270289951,0.0480218850247098,0.0528816583315576,0.0261208903343989,0.0503161879235484,0.0233755915558165,0.0143639430345518,0.0653481140302287
1.14477838521174,0.498392752943181,0.0484819277916754,0.213936300964435,1.09156035563139,0.666848022532616,0.205645766720597,0,1.00695257948758,0.0718290668451131,0.756952957999427,0.173049809542872,0.0481481614004078,0.525785521483337,0.200171316227621,0.0446515308931361,0.101129934652454,0.00389091875247948,0.0443168552397815,0.0376192823931883,0.0162503675564138,0.0162168403494776,0.010126015045344,0.0218588041013632,0.144494976506274,0.0147809800021794,0.54713299115916,0.133968662605201,0.156012580685967,0.0731271253649256,0.0205178610060856,0.00684488395341888,1.98542436832742,1.19380777165321,0.204372993109203,0.0889721572592991,0.647751957757795,0.516483919228009,0.0580301945986102,0.0199489820387442,0.299660735859882,0.667494178974199,0.0254482678637552,0.554459014770278,0.0618789037959433,0.0410799545685957,0.00181471286442321,0.0163617090306549,0.0725919539165583,0.0322462056520642,0.00868461487224498,0.0079596104448385,0.00817478279600605,0.00785801747307337,0.00801250312320999,0.0412615710926865,0.00135144070218476,0.00547259150648535,0.00886050613853702,0.0109399025067853,0.00554199105727916,0.00970120769421215,0.0105357734137626,0.00442255821332867,0.0117808314328419,0.00363733695511476,0.00175200556994105,0.00435487376619993,0.00477408532083697,0.0135750431828213,0.0341114105182031,0.0231739491707639,0.149669009933182,0.0108173566377067,0.295199671349346,0.0544960504284859,0.12885972655133,0.0442936221866708,0.0119502839926918,0.0051864378719868,0.156983067499248,0.128577439306364,0.0527440704648613,0.0756062887074918,0.0115058044106904,0.00602781158171923,0.0426597281574856,0.138304031614742,0.00790753969464028,0.0130814468513051,0.00567018289030674,0.0125717117187116,0.00771571833162172,0.00287552101615984,0,0.0940547008656366
0.0930144432585571,0.445146745467923,0.00971322493565338,0.160436374362156,0.785769527753466,1.05099186302769,0.308915133404618,1.00695257948758,0,0.48536716766922,1.77149578702999,1.12402128143203,0.0583356561042796,0.648274066780107,1.10836166042269,0.0904283310485789,0.139531927704672,0.00429453149221921,0.042377921864245,0.0346640809810345,0.0132476745934427,0.00519784475040967,0.00522468288542927,0,0.0164912481998969,0.00576968302585253,0.0672613817912038,0.021420696138064,0.0305066435711864,0.00580173753170009,0.00255239747207524,0.00435537163501099,0.129231277778406,0.407350243938887,0.0530441570150058,0.0150811245199157,0.61031877911868,1.08911116698668,0.0276027714045064,0.00542029024978849,0.600786052802367,1.14741111146046,0.0323314409260368,1.63446963960825,0.10714962813769,0.132295415363931,0,0,0.0010167928199192,0.0126204401961144,0.00122250401101585,0.00339689797798498,0,0,0.00173981817687715,0.00132080511056974,0,0,0,0,0.00167851368706787,0.00680518702321653,0.00767266461708349,0,0.0047360401501596,0.000815911228771116,0,0,0,0,0.00290588149456891,0,0.00732016784936092,0.00639138890498658,0.0357902208920068,0,0.0388052231672333,0.00650504824899195,0,0,0.00634285952448856,0.00813205067918135,0.0137079514097422,0.0074004848276659,0.00600661531459296,0,0.0137610756527166,0.020732536412562,0.00212575679621413,0.00689989436997457,0,0.00202924232550195,0,0,0,0.00587512616380688
0.0181132732187624,0.241057538310285,0.010505992569063,0.044638800349518,0.05231503508183,0.0394814586364645,0.0613552268723757,0.0718290668451131,0.48536716766922,0,0.643729550497396,4.55906071071759,1.98189238299012,0.192291080864428,1.96514432115809,1.40141248581223,0.727427856202736,0.0181173520298456,1.06461951238924,0.93972209231631,0.29911002584457,0.029151891574719,0.0334199338902324,0.00275240595260445,0.00509967605198859,0.00380412499081115,0.0183222902413266,0.0155800166902947,0.0211070318213497,0.0429505056685309,0.00882469149218137,0.00893504361386523,0.0401033606328358,0.151165042834331,0.0750519029451339,0.0277483183848455,0.101992860643146,0.48075757352638,0.14565864840102,0.00735734488177081,0.00876107981933355,0.784000486765926,0.706787319221847,0.433879516840004,0.869896960485706,4.1249969461353,0.0026572950774465,0,0.000769053908895766,0.00670180085219144,0.00267601248793461,0.000503123630248396,0.00106076724912346,0,0.0064906013450825,0.00291869008950686,0,0.00211701674573481,0,0.00126847050659362,0,0,0.00244518446959686,0,0.00726859703674942,0.00288697336554625,0,0,0.000820067801268115,0.000340587889712061,0.001989451859496,0,0.00503293851698672,0.00935937722030591,0.004667467494473,0.0020754499151604,0.0281464924235321,0.00813894045627869,0.00895412571016468,0.00847851769537877,0.00793477101461558,0.0118937051683162,0.0161344908960774,0.00524792569236951,0.00157657274196532,0.00116108532484941,0.00332399767719826,0.00956583107860301,0,0.00608012953894774,0.00495966691544156,0.00248220752993138,0,0.00644641443059832,0,0.0085806324219192
0.0927990434762264,0.56143804907983,0.0170962136578259,0.0678575432423634,0.366427919566943,0.24703557746041,0.050858055914207,0.756952957999427,1.77149578702999,0.643729550497396,0,2.41502751238239,0.0332006453444249,1.64123034191173,2.37726988017725,0.081402253271468,0.0378888722477129,0.00605271042242966,0.0227157359555036,0.0132684142838801,0.00773809875415712,0.0031852292943265,0.00412474445959643,0.00976101316977536,0.0192478726997111,0.00917989671091923,0.0902261692559,0.0242649867771337,0.031933593468911,0.0129642297922082,0.00194988785679664,0.00427625346127725,0.14539744489953,0.66739715301829,0.0932589868336878,0.021327821018533,1.04100785884178,1.62373958278006,0.0271284560276655,0.00865663164372185,0.100518009935683,0.273085032496707,0.0301543948882392,1.6488468654185,0.123944454088118,0.0771682206081963,0.00419764795168892,0.00134432431456543,0.00540214633421287,0.0101045222201177,0.00341604027327453,0,0.00103591242712531,0.00121339698562922,0.00422853613383192,0.00129647516033848,0,0.00128828081220311,0,0.00147881818095829,0,0,0.000661832299650167,0.00499464772183188,0.00578415841892628,0.00161718595578191,0.00102584788902405,0,0,0.0030684055405226,0.00193657145299626,0.00603735665053462,0.00580577792732795,0.00133818071499853,0.0321704410162271,0.00996013087742463,0.0558289159407325,0.00584876552108603,0.00195858574701803,0,0.00902682621438812,0.0157492601558882,0.0164591147242246,0.0129606293651697,0,0.00638886005210113,0.0113700975052025,0.0265228146707011,0,0.00644931495097367,0,0,0,0,0,0.00921403294039079
0.0473702698452151,0.610642726460996,0.0354748728936543,0.109319232095765,0.048621902207507,0.071344328237135,0.108929000659054,0.173049809542872,1.12402128143203,4.55906071071759,2.41502751238239,0,2.40083708941065,0.488458334247911,5.00147221804842,2.74434777867543,0.298264649851307,0.0260391711745162,0.388350466183572,0.628133260498385,0.240836228853073,0.0452311404786683,0.0353345984950035,0.0035458825647851,0.00921019814819168,0.0144534298477268,0.0727673694766001,0.0294014113447049,0.0545331661803466,0.0390505468081382,0.00663218824461835,0.00353260416298619,0.0909514664245169,0.505599782081795,0.118307079068746,0.0502923512799685,0.34779884470555,1.28831673039476,0.266713375852659,0.00552235331889816,0.0114251931895384,0.46346957369994,0.399736712300042,1.36440475211125,0.716880181577634,2.4688443515527,0.0012572327153654,0.00200087649185842,0.00390004552521021,0.0117173305331675,0.00618094090914577,0.00376376300167974,0.00206579285555081,0,0.0078778119339018,0.00552158042594426,0,0.00472765985341195,0.00454737478497472,0.00258331283371827,0.000772751815881573,0.000781720091082683,0.00235276066182681,0.000720650978312275,0.0182704528484173,0.00284673071203966,0.00914858421199009,0.000635828418028755,0.00125899766698889,0.00431702818281088,0.00685431827296844,0.00815688839615331,0.0121463902214327,0.0178246736492175,0.0223094864517376,0.0152751287730116,0.066724998934273,0.0330312544313172,0.00676798686267164,0.00127017036260363,0.0071389720316119,0.0262280088675198,0.0154639338270035,0.0177469114032962,0.00313421406576003,0.00789567087029236,0.00541724739829716,0.0233280253002291,0.00180777113138898,0.00425095298979786,0.00402822042046825,0.00355633611896428,0.0071893712335154,0.000821945672177263,0,0.0141763803078821
0.0183854436845129,0.263027814764366,0.0554298283335581,0.0575461033515928,0.0159877733768195,0.0210012164093775,0.221856356454916,0.0481481614004078,0.0583356561042796,1.98189238299012,0.0332006453444249,2.40083708941065,0,0.0171940687722028,1.08383129641199,3.58380946666259,0.629838948232869,0.546418963226667,1.05116031256608,2.25549790777244,3.25811023471493,1.30998370644076,3.49162039899581,0.225631725561504,0.00542124314245291,0.0469619331147971,0.0364415959326124,0.0150603058730388,0.0771273434496719,0.744627040323158,0.680008380131005,0.0451141646639906,0.0269215393800199,0.0383975367540488,0.451670297698843,0.837816076801543,0.019000061699953,0.258250396005901,1.11092381078203,0.430792896922371,0.0146518564152169,0.370600629762055,1.07389037386054,0.0474404683009778,0.463489708165574,1.9872697140073,0.124453184846517,0.0750782742461171,0.00148686761997663,0.0125833180784121,0.00367109727917939,0.0021763332478606,0,0,0.0410818006335256,0.00555937770944924,0,0.00327463921618084,0.0026619763677739,0.00891535944315087,0.018673800087301,0,0.0143424597187691,0.0153840934999946,0.0745986744500647,0.0255527606516507,0.0280765688367398,0.00796873857882123,0.0132237833108617,0.0285676216226258,0.0136736804334205,0.0413224220707831,0.00709232814264319,0.0346831850546679,0.0141089858590959,0.0151265246333295,0.0319853151213887,0.175163791794068,0.120547887774859,0.0340860883737032,0.00662275208663261,0.0182817611099745,0.0329597618394753,0.0657954999305895,0.00412900096284978,0.0107405534995484,0.0211394265324515,0.0270761900870204,0,0.00648236464368814,0.010577468393848,0.00286576387197125,0.0111746150538299,0.0198419687574792,0.00875354386439427,0.050721729694577
0.0589904234018542,0.323112896696291,0.00680914793582177,0.0317363774824918,0.059178472350358,0.0408560026714317,0.0138573071381165,0.525785521483337,0.648274066780107,0.192291080864428,1.64123034191173,0.488458334247911,0.0171940687722028,0,1.17515084391691,0.0404687467671886,0.0123490209770868,0.000694043329408645,0.00914457913808422,0.0101336963337751,0.00164159107447936,0.0026964064715463,0.00176615817318177,0.00640852050851709,0.0316694630500918,0.00252594816358886,0.0678374364410612,0.01749776403666,0.0198522058161681,0.0127291878548537,0.00427412272458505,0.00198319613555187,0.0842025191293171,0.497985030414112,0.0851298050309521,0.0143162662398408,2.52754754579612,1.76668406601915,0.0338735369092857,0.00287228228704095,0.0133418055611753,0.0740156600912633,0.00803365136047229,1.10398492950291,0.0305989628212414,0.0326265462325204,0,0.00512647968733156,0.00510056715050253,0.00380952966552224,0.00069955671782166,0.0028510523565437,0,0.00123815754907518,0.000211358504530339,0.0106099685355651,0,0,0,0,0,0,0.0032673591429479,0,0.00264470716625661,0,0,0,0.00180707062683902,0.000937919721994966,0.00118257884408371,0,0.0180327680755108,0.00315463034059693,0.0146779403009785,0.00519395995932419,0.0266000540714108,0.0103432729723694,0.00277907575864503,0,0.0118238947607416,0.0201964039054856,0.0219161469449725,0.0156988564323207,0.00451423783911203,0.0130595533966793,0.0138804478674306,0.0149578622143345,0,0.00798027315843906,0.0020367018580528,0.00669250423720197,0,0.00130482312877364,0,0.0113343150688172
0.0687628625177583,0.670693100386429,0.0326461780171496,0.0803088789073571,0.0644751059014381,0.0649534102539701,0.0856793517574801,0.200171316227621,1.10836166042269,1.96514432115809,2.37726988017725,5.00147221804842,1.08383129641199,1.17515084391691,0,3.17424002157054,0.106041926344999,0.0254611085256783,0.162484916721438,0.216611131243449,0.0836800459541214,0.0224745272588595,0.0286094519840071,0.0107234178189661,0.0197901413323975,0.00950547544568664,0.0672157707230278,0.0344383100498967,0.0474569232183828,0.0268587524663633,0.0106257880177453,0.00144331731179786,0.0756390966903268,0.869991034250238,0.191060501624943,0.0227813153745305,0.723226540956064,2.65292948153263,0.447604249466589,0.0114276529742011,0.0159987321954503,0.21708658529974,0.144294671920734,1.59422486450747,0.291323468276951,0.629072249222018,0,0.00363669659920508,0.00367601666876587,0.0177900267423342,0.00589725104369834,0.00251344544568971,0,0.00176520089445333,0.00839106399360299,0.00677260552440116,0.00169055891251019,0.00351277602289024,0.00210902004883029,0.00226648793898456,0.00109411478244442,0.00191902447442897,0.00293627175458563,0,0.0142913457548285,0.00661064342151222,0.00231322324070315,0.00151565984030141,0.00538881919810674,0.00292636844887438,0.0117922369671878,0,0.0106188708112774,0.0155225710081479,0.037211310401191,0.0125980797383403,0.0833798010915889,0.0225326128163184,0.00795115891256279,0,0.0137454764002704,0.0221368800832532,0.0162363017451101,0.0189366041991271,0.00673617420352975,0.012755044372569,0.00087856161479001,0.0245940769620145,0,0.00681318850909537,0.00487050319094955,0.00617645960378532,0.00278744322107856,0,0.00148615661573238,0.0143617355881691
0.0160334530990874,0.195310437250495,0.0300077625503585,0.0387076833604289,0.0160987053588998,0.0313078330153421,0.0963520083475654,0.0446515308931361,0.0904283310485789,1.40141248581223,0.081402253271468,2.74434777867543,3.58380946666259,0.0404687467671886,3.17424002157054,0,0.235917223245996,0.210565097687901,0.317148208410245,0.586789610150954,0.696746518026231,0.511970511497418,2.37148514397664,0.198184942298827,0.00596445162429909,0.0122411365926152,0.0453540646146004,0.00606259076658186,0.0343834268577471,0.335398042496766,0.246716992866796,0.0404793401286184,0.0194455841126122,0.0831270385599193,0.533099486949517,0.576647952229083,0.0228957938464715,1.16435321505625,2.34151616767148,0.579989415844963,0.0143955453177552,0.240492553343883,0.324163284428667,0.185980057537253,0.453712796338925,1.06478429987715,0.0715071112871856,0.0325801711914985,0.0014888164135613,0.0127317138490911,0.00839968863057839,0.0012277630680067,0,0,0.02063497840223,0.00164192157856482,0,0.000917951171408513,0,0.0104073554767057,0.00944655693624739,0.00245286206586716,0.00361298317516466,0,0.033837495411577,0.0175513388479884,0.0149070644960695,0.00437072747069259,0.00291342415643775,0.0164294946851122,0.0134353750326573,0.0152685991571386,0.00539715241853833,0.0141999365736673,0.0145940697522448,0,0.0331086660300663,0.0849649947219634,0.058449162238691,0.0225260942495396,0.00457848407679113,0.0125608615061272,0.0107094508275087,0.0431330242204625,0.00148000082681085,0.00237297559673352,0.0118152800123137,0.0176283474232277,0,0.00370651017793217,0.00906481939654813,0.00826657279714915,0.0111507761552799,0.00218285915274874,0,0.0224111382734692
0.105704317123675,0.436285762703209,0.499057160808252,0.872074493585666,0.0870609308039287,0.673015577393348,6.7513566548958,0.101129934652454,0.139531927704672,0.727427856202736,0.0378888722477129,0.298264649851307,0.629838948232869,0.0123490209770868,0.106041926344999,0.235917223245996,0,2.53684782316457,5.13968434882472,2.80131714503993,0.824711738144732,0.783968903820169,0.169922863827877,0.0933102557126026,0.0219810336501273,0.35825617578043,0.088772192832654,0.114388243010343,0.334694726295268,1.55352033971482,1.32666149482947,0.0385328835859027,0.0675171784785686,0.0593633172713272,0.213807221467882,0.301999475345216,0.0105234755619658,0.151414849163286,0.230635402343021,0.0907320917530915,0.0418886722591476,1.94275073128082,1.59858457047507,0.133512334956246,0.24107042876156,1.42843815102269,0.0417332658932924,0.0257304861346731,0.00433427904737404,0.049173029235132,0.0267790390509393,0.0034606487035025,0.00168283440373578,0.00118189939869566,0.568019812162953,0.0126697869103288,0.00435027710566713,0.015699576960463,0.00751741600574325,0.0293753391906023,0.0354985161960167,0.005577391748877,0.0351206584260371,0.0236815159552202,0.613037330353045,0.0768734999157501,0.0611285507156795,0.032601580295502,0.0260644468944728,0.0589797384245497,0.0238420768512601,0.022370048893617,0.0106967508403159,0.114097426476161,0.0156483293894054,0.01607140353639,0.10294931065114,0.761561539134476,0.561719856283493,0.0216224864447924,0.0127660147908849,0.0298338793635429,0.0481264400669725,0.0898848040869402,0.00321524942944666,0.0282495489869074,0.0408037024790059,0.0230548623763861,0.00159741295549528,0.0235969788604536,0.0602851607334151,0.0146804943053634,0.0364604024484646,0.0219267522428283,0.013214729844056,0.0434538510664203
0.0218813824585223,0.216684632556766,0.25153271464479,0.132785239735125,0.00687536298834643,0.011428634514328,1.29293163609568,0.00389091875247948,0.00429453149221921,0.0181173520298456,0.00605271042242966,0.0260391711745162,0.546418963226667,0.000694043329408645,0.0254611085256783,0.210565097687901,2.53684782316457,0,0.500680248626256,1.50145781532433,1.12420671249867,2.94060896688024,0.337551749059964,0.271452749952542,0.0194490722202281,0.210733468528694,0.0488789647557398,0.0603839246976742,0.23081101910824,1.46046992179412,1.82069701737215,0.106950536935151,0.0237146484049302,0.0312789529881437,0.238167979673631,0.593532887905544,0.00398956099202825,0.109282153626399,0.385598782022194,0.240991030189993,0.00710103245527352,0.112288075529562,0.802690781286532,0.0167969808547183,0.0583121055533514,0.743715535491009,0.159775139538743,0.0743984971085059,0.0027242365521669,0.0306978573877907,0.0105545041653313,0.00273297683261053,0.000519842581535972,0.00189973282004392,0.182884980326221,0.00893761952533052,0.00326989519867851,0.0179810484908938,0.00533459244847018,0.0367111087906993,0.0511649959912491,0.0112019178059807,0.0269462508584752,0.0531896929610909,0.220452617750999,0.112231819197833,0.0534745957853665,0.052825795486388,0.0517995759357615,0.0848412037234539,0.0342927765483059,0.0682664006717174,0.0122058230179813,0.0764332940252752,0.0163628100450728,0.00978661927151216,0.0512588592624218,0.486322733083196,0.41389135361645,0.0711182147985886,0.00287830696467842,0.0185380903830731,0.0649093421555123,0.100937267578768,0.00300081363105303,0.024887528730628,0.0536465621513708,0.0386536668437894,0,0.0323389767011574,0.0398723435211008,0.00735146830341737,0.0322249674187205,0.0161472058078688,0.0451493204673046,0.0940187846600286
0.0131585420330463,0.167198130144219,0.0593512899801987,0.139592387619166,0.0289351223804049,0.0681624755626456,0.781785725790951,0.0443168552397815,0.042377921864245,1.06461951238924,0.0227157359555036,0.388350466183572,1.05116031256608,0.00914457913808422,0.162484916721438,0.317148208410245,5.13968434882472,0.500680248626256,0,3.80798917146246,1.22244689749661,0.143244129739992,0.105443514373112,0.0106707201935057,0.0077754114138406,0.0564071064544626,0.0286845361925546,0.0208357021062325,0.0438201052684202,0.237121658675075,0.0677251934409672,0.00517801105225454,0.0251162103438888,0.0394553546930265,0.0819061409555015,0.0481345259341224,0.0135112674398257,0.126970666529863,0.11539081635343,0.0172917901813335,0.00621032389059839,0.951797411509447,2.41760229361576,0.068963847459077,0.264955118629838,2.08295891326914,0.00601463500951558,0.00252095400967584,0.00131293956256923,0.00474022008157828,0.00559238523592069,0,0,0.00194130903451928,0.0233569519989688,0.00410585772024269,0.000979650386000758,0.00248107252869334,0.00128508434512363,0.00101267716693193,0,0,0.00718735077265885,0.00366207422545943,0.025905771122454,0.0069053505534073,0.00661903899881364,0.00271722870291159,0.000640149352770611,0.00436614108201954,0.0033853607144378,0.00132698506136937,0.00148062031555213,0.0420144914555228,0.00427363011037971,0.00515272487173957,0.0121868838955207,0.031946408044158,0.0226664723569053,0.000831434417572857,0.00255899692952404,0.00391574687134087,0.00418422669049777,0.0174660815262286,0,0.00477424021668057,0,0.00239391200942353,0.00120001536760323,0.00242376629432278,0.00258714545408194,0.0078982085935686,0.0128504246799124,0.000953617680667096,0.00388084893349799,0.00512381368297168
0.0222159758869607,0.30007767814655,0.140503860777703,0.106818534395408,0.0157652773959352,0.0163131953260711,0.805289442974218,0.0376192823931883,0.0346640809810345,0.93972209231631,0.0132684142838801,0.628133260498385,2.25549790777244,0.0101336963337751,0.216611131243449,0.586789610150954,2.80131714503993,1.50145781532433,3.80798917146246,0,4.70123974026551,0.933734714900963,0.353919567718284,0.121039967445191,0.0188218412706256,0.148227439390091,0.0737002319221527,0.0514442094384896,0.126323559821611,0.931417192996201,0.490193841164403,0.026295643913112,0.0341344180856151,0.0357355116616354,0.342972420563965,0.434774080311276,0.00485611265074439,0.153621990331961,0.423565762790675,0.118578588344479,0.000650501382543842,0.46042363528406,2.84348046394143,0.0442291929574683,0.2906692016215,2.91983853848825,0.0922656067042107,0.0217401904143623,0.00174369469311519,0.0265923734255339,0.0128520380401755,0.0019341026743182,0.000758539843379369,0,0.0760239769861643,0.00287504691854334,0.00140893411885307,0.0120836323091507,0.00148726093939344,0.0083799905317055,0.00979418904339268,0.00444529778522321,0.0125317793147987,0.0132699118365247,0.112713576877116,0.0287550001046113,0.0193129432056615,0.0123382522933297,0.00647806523505832,0.0181698569238442,0.0104914017405476,0.0207647463875265,0.0022197600975071,0.0443148716552392,0.0161529684986996,0.00541084506012889,0.0516478699298886,0.23687585638298,0.101394056446984,0.0252559270875364,0.00646630979097184,0.0174523736873194,0.0332555152001092,0.0492890861511975,0.00287905056596345,0.00535094452639182,0.0232754627090196,0.0225535408127625,0.000586483131666815,0.0113269915271438,0.0196922578891308,0.00979970013821044,0.0244511585265605,0.0139319284917603,0.0125414812507809,0.0333567974285179
0.00625250922669774,0.133229743891516,0.0426290883839692,0.0413148746198123,0.00488568610354401,0.0203744141816975,0.194880784493941,0.0162503675564138,0.0132476745934427,0.29911002584457,0.00773809875415712,0.240836228853073,3.25811023471493,0.00164159107447936,0.0836800459541214,0.696746518026231,0.824711738144732,1.12420671249867,1.22244689749661,4.70123974026551,0,3.74731039399171,1.49575370845882,0.13979030899484,0.00269733475623241,0.025516546120726,0.0252723922636033,0.00694749704239096,0.0361865766165037,0.431408020456071,0.639031052222088,0.0864749078567406,0.0129387527690515,0.0333924869270177,0.18311670445686,0.334863913848756,0.00549528990632788,0.114085565531694,0.446798357139963,0.248099519065679,0.00539106489870839,0.186470768302422,0.85686223164207,0.0293601036972261,0.116553827251977,0.944645163328972,0.114356267055492,0.0599496024740399,0.00109826644543744,0.0148666854917455,0.0030550601694756,0.00155457755317912,0.000580272028350707,0.00121908347624344,0.0361482711194289,0.00144610346952068,0,0.0041128323002319,0,0.00590810680058846,0.0150900722818522,0.00191659192378701,0.0061610811280409,0.00767042401477055,0.0559050568483112,0.0200218931300787,0.0252655557636271,0.0166828341984166,0.0138786190252015,0.0305341095039326,0.00903505991310707,0.021357106482535,0.00182782931271429,0.0088514010002065,0.0143591046059752,0.00178045609946737,0.020431275522857,0.139003314905628,0.0797449615486984,0.0214776212648794,0.00443757307716271,0.0167276660298741,0.0137116079239365,0.0416081611305028,0.00133333469049413,0.00948845542123697,0.0227336117164932,0.0204223014101101,0,0.0037102690242996,0.010591860314574,0.00520446083250498,0.0142207858616934,0.00884366035743305,0.00804996417431432,0.0343494532426887
0.0214162397217098,0.104605276831792,0.107697513862994,0.0574472293665103,0.00238138580418496,0.00350901003279223,0.468490930270774,0.0162168403494776,0.00519784475040967,0.029151891574719,0.0031852292943265,0.0452311404786683,1.30998370644076,0.0026964064715463,0.0224745272588595,0.511970511497418,0.783968903820169,2.94060896688024,0.143244129739992,0.933734714900963,3.74731039399171,0,3.14208139684894,0.921116034511301,0.00519866458997755,0.0724535730345754,0.0252375971147918,0.0240380213644554,0.104075928318268,1.22090006263617,3.30100253424882,0.414415165138382,0.0238469330915101,0.0446486191480998,0.228543008983456,1.15202922884816,0.00666313410277839,0.132549140928701,0.728398463645823,1.13609411102677,0.00310523925475562,0.0493244887464254,0.16206861859818,0.008641517858963,0.0545779191157608,0.248405667528553,0.227658392619966,1.07108346908144,0.00866004640680221,0.0482478559385928,0.00754624083381728,0.0026447244911995,0.00102487525986325,0.0014817703496195,0.168611455542165,0.00729260263032281,0.00329739763214773,0.0473191475434859,0.00611325861929155,0.0584573282092822,0.163236656636829,0.00528641993570837,0.0670706699517366,0.118947387152125,0.221407589293618,0.254166911446568,0.115304808140915,0.151800900317245,0.161431311068861,0.494323289600937,0.130576764935796,0.190498854584158,0.00254971807609048,0.0359035922161755,0.0165210518703969,0.00573308381726447,0.0403348748914106,0.642265452411193,1.06369498352966,0.269806814969062,0.00959017009571637,0.0345099606637971,0.0834906175620136,0.396488763153177,0.00589819151920436,0.0573414067607434,0.144602808925586,0.159956579004911,0.00343236652534512,0.0121865932136005,0.105589334192588,0.0243229103824109,0.0222156766183638,0.0519487689808733,0.0419064411052475,0.460617190498994
0.0115643064080597,0.0657127090518823,0.0320930151620432,0.0183433269440982,0.00254887644104464,0.00235638014138364,0.111351004175112,0.010126015045344,0.00522468288542927,0.0334199338902324,0.00412474445959643,0.0353345984950035,3.49162039899581,0.00176615817318177,0.0286094519840071,2.37148514397664,0.169922863827877,0.337551749059964,0.105443514373112,0.353919567718284,1.49575370845882,3.14208139684894,0,1.23875439044509,0.00200187533997455,0.0241378727492819,0.0167394380533938,0.00515016634061193,0.039399706450402,0.814648713873376,1.50246235893749,0.339094001977214,0.0102755260358817,0.0485553144403429,0.23004742450657,1.93348532777647,0.00445713623169475,0.0848667403107627,2.19198726657905,3.29000676023045,0.00565628256204852,0.0380916027979025,0.0763196387099764,0.0113632400105322,0.0422980668108363,0.118011322301589,0.186784578168768,1.55634206605861,0.00612981825690696,0.0113227566461903,0.00406344952890094,0.000543204382181859,0.00134322219224933,0,0.0251590410576147,0.00183211778403698,0,0.0213521961087762,0.00110183742190991,0.0200631172397356,0.0624855113926285,0,0.0277202263717199,0.0445059227030669,0.0464601137731515,0.065949010580096,0.0268937273606836,0.0372979377877155,0.0609636147232237,0.161017208391519,0.109335289495797,0.170068591543301,0.00728301165344877,0.0107143831935511,0.00756710666890282,0.00400891700747317,0.0183146001534267,0.29042547475675,0.352271277620337,0.208952330927784,0.00707672555383878,0.0297087318008665,0.062342620057435,0.421899386058128,0,0.0383016732248127,0.112269853874038,0.149697394163439,0.000540381191848627,0.0011725255292733,0.0358854349321722,0.00388397057403096,0.0117809989667547,0.0127713379320768,0.018203804551207,0.832209466927671
