0,0.89873675961943,4.10288264411865,2.25825626968651,1.23650216650803,0.827664108707681,0.327573420670822,0.708934166579235,0.0630380893720858,0.0551193823528015,0.0662392761333951,0.0911410227212496,0.0356508025393203,0.119568613811491,0.120270874935258,0.0274744053742355,0.146575276139464,0.0403023204988099,0.0521295256675359,0.0686822422165076,0.0450358754835781,0.0373988300591304,0.0211695602153001,0.00753021224388576,0.9664258309296,0.135858422236267,0.625872542798126,1.4352962551854,1.16952451600789,0.164602363500178,0.0577054396968573,0.00519687302343393,2.10525340671806,0.610361723866632,0.197993514262542,0.0569189666916305,0.115237210736053,0.130954327945984,0.0508658081141699,0.00796812680336095,0.33916024964278,0.217023224599,0.0638842970547407,0.0963019207472569,0.0275688189945553,0.0394726709422557,0.00477536146573942,0.00674346926889738,4.02378403096071,0.127350541216765,1.50318842820758,0.140682965930639,0.0834315950162771,0.0630641985199014,0.116366722028757,0.126903162895895,0.00739584226786675,0.000910140398033679,0.0170219964000501,0.00918606142448126,0.00141812577487415,0.0174539198563703,0.00902841188753101,0.0012904041503049,0.0567389357796448,0.0188272536460048,0.0104590672436864,0.00427923043548751,0.00244110357644229,0.0106244953252849,0.00228015099561187,0.00474600795907373,0.579129482662119,0.0758152642714844,0.120396665838319,0.973300771447311,1.0359688411608,0.13017695082019,0.0552576195135079,0.00373077352905161,0.146844630476949,0.091529450887076,0.0409941781810509,0.0256890216035568,0.0268429223908664,0.0225191368872471,0.00755054942546285,0.00630038207311531,0.0524458700358128,0.0426866761911938,0.00421560012266464,0.0215200392283517,0.00261494074538639,0.00347723430252664,0.000427090744432368,0.00387503953614911
0.89873675961943,0,0.84801409178295,0.3813937282044,0.215454116687373,0.34131435332234,0.350998795592235,1.67679597127218,0.87055735902797,1.19785946431785,0.585384330108606,1.36406202319217,0.20713913240488,0.832556161880508,1.10194133079077,0.139645277764168,0.388261358775373,0.0906437541496277,0.418186330035975,0.446056278199256,0.112841712919524,0.0702777190092233,0.0530329738092425,0.0196216457007028,0.102968611881156,0.0614759650174879,0.191388303068766,0.107796263126348,0.129976058771136,0.0769117201094866,0.0373960403559746,0.00991292925045711,1.65201605138203,1.08722718345035,0.427987966602111,0.0797586494769313,0.447188368777229,0.551129486639676,0.087788043775882,0.0244526067012939,0.806511440066532,2.41166565568689,1.39563888873839,1.2885141095279,0.686032256567823,0.818330093382109,0,0.0249117774652971,0.117811732671632,0.0307696663334332,0.147594995265392,0.0286053834819872,0.019935542794932,0.0132574024231095,0.0498033668572701,0.024859537211284,0.00411423139724171,0.00203106685513529,0.00520497319407112,0.00477904644297919,0,0.00500767871485973,0.00426471283818827,0.00220852698085822,0.0335338728720268,0.0268454760965351,0.00685951031083307,0.0167666953816354,0.00147559680642415,0.0123391894966152,0.0041089523402523,0.00497418168699237,0.0499831151348137,0.0339334478359908,0.0332339862029479,0.0767505866782975,0.11176205409238,0.0730951792518867,0.0381648491128739,0.00235860748741983,0.0275687211950693,0.0487482444777263,0.0401543152008729,0.0382152291418142,0.00211120094110367,0.0172755050328842,0.0156856608361429,0.0129761248925287,0.0168626969501411,0.014376546312148,0.00234398578567985,0.010426884652611,0,0.00440833784631691,0,0.0139201474971531
4.10288264411865,0.84801409178295,0,3.38503380122258,0.224064994140007,0.375362818310308,2.33888483995781,0.318312497400266,0.0606235407769556,0.0867995626167578,0.0657385233161678,0.104840893728174,0.0668803621254667,0.107904632927304,0.146054772060126,0.0477427420438626,0.626587083668597,0.160409552683072,0.0967950964007365,0.128650250807372,0.0838839979478403,0.0827340186417987,0.0442211646848013,0.0385921576855875,0.385578405914219,2.30491344333402,0.523282207462643,2.78370593697517,3.12444601031868,0.783721424291037,0.248576698321263,0.0252766407486052,0.737075859509161,0.908786044062169,0.467316716378704,0.131858854511137,0.165185401863119,0.254621838233163,0.0867610377891378,0.0160108988285541,0.25133696247473,0.346971721972435,0.115885000068798,0.11681182290547,0.0316038701577509,0.0560424116582325,0.00591347610072898,0.0169936014151623,2.73040780558982,0.161014395577975,8.20430889563815,0.289655720820905,0.0912842804556019,0.11714452967768,0.669787096307396,0.0883895650272363,0.0293536536223403,0.00865730580150115,0.0255311336660101,0.0126918233849643,0.00517041108335628,0.0245651557664449,0.0152436283184951,0.00378801928036154,0.320901058432137,0.105109995004267,0.0367420016370506,0.0122260397677077,0.00828741983616293,0.0399851567983201,0.0143308308625749,0.0192128401634488,0.292901022078001,1.27678536393558,0.100490296438746,1.77011834866408,3.04765117707148,0.623987181512284,0.251797922875207,0.0141997552185913,0.122934605170214,0.103667336104778,0.0797760638153934,0.0879868039356281,0.0310148320640425,0.0512060362570315,0.0179405899835698,0.0233364096692872,0.0662924972575628,0.0674054693439424,0.0221803680808196,0.0278777160864136,0.00461951558369204,0.0158213390863177,0.00473907912681745,0.00943520766467223
2.25825626968651,0.3813937282044,3.38503380122258,0,0.94452747965394,2.16422116103225,2.19368789803341,0.180122751973783,0.0417931976772878,0.0632310831909796,0.0566844007919551,0.102352777727044,0.0753340489428406,0.0662388479691693,0.0895825397371087,0.0539329288053052,0.479441522407292,0.128211509972528,0.108087128159165,0.144085055964971,0.120469375573753,0.0612890583968978,0.0460993256480361,0.00713299515278452,0.0189556976022261,0.0833121568327385,0.0807178810601651,0.0555039428426309,0.0795643745088074,0.0426696438428046,0.0223966611966892,0.0051802603145408,0.388325169921702,0.365189067763546,0.208449274138068,0.0359729937962825,0.0794806106989437,0.112369887359081,0.0395156245298828,0.0141533163456108,0.182870108410418,0.227102490750516,0.0892642046143533,0.087227367579567,0.0256182435083807,0.0497245594668821,0.00119673522725122,0.0134416317846952,0.0867388409158118,0.0158296881965838,0.159095322069905,0.0325802510137303,0.0142197025192342,0.00573329718484096,0.0340143494028693,0.0132696811570761,0.00736876687745336,0.00132322806862453,0.000527072852223486,0.000394956392806473,0.000487901966941616,0.00420750336706383,0.00344822641447348,0.000900650411632578,0.0246591868623356,0.0212206357166665,0.00364292696534286,0.00524904871956238,0,0.00757052254241474,0.00704515806942851,0.00156187447751271,0.0126862827846995,0.0373476712244793,0.014266627076451,0.0455737849988497,0.0951220273221177,0.0384613227945073,0.0241692883901414,0.00123902086578124,0.0170832557222956,0.0237284694903456,0.0218918561876044,0.0237068157949951,0.00150445454366317,0.00844494562496233,0.00884144176355403,0.00471067575824118,0.0128529525151575,0.00844392756142342,0.00424218725125866,0.00250096066999297,0,0.00608240571237329,0,0.00621844267774521
1.23650216650803,0.215454116687373,0.224064994140007,0.94452747965394,0,2.56035572112672,0.178589922510722,0.267341428959845,0.0275869016145939,0.0288097503285825,0.0313827589408966,0.0502584137893424,0.0276733135661801,0.087982242501095,0.0471611365546417,0.0218810942754534,0.0473771185957043,0.018427980061318,0.0352015555653806,0.0399416191762681,0.0352584274088629,0.0111992944668073,0.00715323680771957,0,0.0323605442117934,0.00122972756386974,0.0413809323348728,0.0348612134220015,0.0238106459286639,0.00675059987827126,0.00382259853814351,0.00383361754635114,1.20073878761598,0.11942004953732,0.0411326612456494,0.00839739126950145,0.0464057188523656,0.050741377288853,0.0133164578515309,0.000680044752410652,0.437683893915518,0.101430431014389,0.0487652495961041,0.0467299388420474,0.016984844853318,0.0427168840187868,0.00609683153508606,0.00198828377327772,0.04095541165166,0.00419517522501575,0.0410608185883042,0.00574855737939433,0,0.00281394886195024,0.00520466777395283,0.00600128760466431,0.00338851187586181,0.0020428212019466,0.0096806510801275,0.000685452953757076,0,0.00143287002215906,0.00104527702269494,0,0.00394770468831939,0.00572237996233524,0.00266999613196649,0.000959727370579699,0,0.00249851510617137,0.000949754808083229,0.00437659398410384,0.0108807927796769,0.0121521212423147,0.00853782245520149,0.0261499682597047,0.0300577109841582,0.00799318987217379,0.00302984187269856,0.00191353056409635,0.00559963738863494,0.0135106415082707,0.00742842999274064,0.000562719813856798,0,0.00362576495878883,0.00377973982342862,0,0.00976253930391029,0.00509946951679091,0.00228149516160445,0.00145340667514381,0,0,0,0
0.827664108707681,0.34131435332234,0.375362818310308,2.16422116103225,2.56035572112672,0,0.488149278708974,0.255645258534455,0.170498733519255,0.0733199553763688,0.100224472684781,0.130222635651616,0.053937765089912,0.127484511021383,0.104265828631004,0.0403964901459369,0.15255684938833,0.062738453457003,0.0933990504261248,0.112570476844234,0.0857811768120176,0.0216605032943107,0.020549046088381,0.00317276765307076,0.0210903351311486,0.0155803474818866,0.0365700102196621,0.0243349524614806,0.0199163329349495,0.0162085510346822,0.00292685725127072,0,0.477295994123532,0.196027610576009,0.0889533978746764,0.010153157182754,0.0548803370323966,0.100788749820083,0.0149501444612945,0.00571363813793369,0.353744666834466,0.274882774475591,0.120898690485278,0.118207601385584,0.0480329262457982,0.0565290001764058,0.00239471743697323,0.00195717046178031,0.0233311684397572,0.0123173895096378,0.0558553355827218,0.0111247102089602,0.00785502819360483,0.00425295017446348,0.00753611334018716,0.00625983657384323,0,0,0.0118035126161266,0,0.000999039370963226,0,0,0,0.00717878584625437,0.00259140787777783,0,0.00103424387785336,0.00116139112891489,0.000728684790956689,0,0,0.0119045780633737,0.0295043436554562,0.00344006339351544,0.0194137875356904,0.0374720633653017,0.00520669489439619,0.000828262428679609,0.00231131392313536,0.00984089048814686,0.00838575544373586,0.00638853087367739,0.00680213485834791,0.00344709957882891,0.000983496661396341,0.0027355316414085,0.000987711188825985,0.0140524146250966,0.0048911112278192,0,0.00597082186561382,0,0,0,0.00114928337615221
0.327573420670822,0.350998795592235,2.33888483995781,2.19368789803341,0.178589922510722,0.488149278708974,0,0.186678916964008,0.184778791636151,0.156013968631635,0.0647147586332015,0.199445485820514,0.122208475179867,0.0753538984589567,0.150974816573405,0.0657641603281521,4.55277099271826,0.453767672581908,0.427805300146988,0.269007931255398,0.166624307412219,0.180192359112505,0.0774377756316565,0.0415622136847246,0.0286108551165788,0.98849404882772,0.0628360211090495,0.255578992425405,0.773639898386123,1.08187570262424,0.388394575979026,0.0348724345462133,0.200357197841426,0.288298430303551,0.208618479142598,0.111263595404543,0.0772116823072708,0.142510109094158,0.0580829512122511,0.0201721380856291,0.0863098634201282,0.288664413986431,0.145408280951331,0.124049337385902,0.0472575475834765,0.086616691252614,0.011457363984838,0.0277378535705888,0.0895513837248198,0.0205999889435566,0.476484616615726,0.0284502134969626,0.00385926977294879,0.00450509810658452,0.427831822585877,0.00783636511005006,0.000600147226520846,0.0070391680001315,0.00217955221182554,0.00540876023155211,0.00452891785550302,0.00259219749847658,0.0108547785157311,0.0039639892849402,0.291169423999195,0.127503096232896,0.0268063787824934,0.00582434378467566,0.0059698301911402,0.0635318269906848,0.00998487876451767,0.0321637828930196,0.0252205548891586,0.307449459186041,0.012916233377885,0.130352214650578,0.467485348770811,0.495620373608345,0.372190291472673,0.0242594505860412,0.0103953943104672,0.0168905184604155,0.0495480334101967,0.0879892655619235,0.0039272570030715,0.021424145257002,0.0178929331856756,0.0120161206105996,0.000741252257938196,0.00465747821105341,0.00792362438744925,0.00552940531668168,0.00378020654055165,0.00945340319143504,0.00224304025911416,0.0211586918730345
0.708934166579235,1.67679597127218,0.318312497400266,0.180122751973783,0.267341428959845,0.255645258534455,0.186678916964008,0,0.438979403764124,0.328200524774256,0.485321199948951,0.607877182927374,0.10860421962402,1.01743681967542,0.675875204349524,0.0916278261350139,0.147169467759153,0.0634767289934111,0.129947899301256,0.14050127513527,0.0758281366470774,0.0577373327876255,0.0406052595698858,0.00984962625111958,0.0815964712537253,0.0159801111392988,0.14306194828285,0.0641045252361592,0.0499939929609001,0.0331965654542935,0.0228263371433502,0.0196966275587229,2.17849708862176,1.0819757884154,0.175994751971341,0.049353154235543,0.753268001762791,0.402484419030037,0.0706630804099307,0.00981089152738156,0.437020087005909,0.839578829187028,0.250021309876053,0.663297551928927,0.17599755473603,0.165522867545315,0.000898217742359098,0.0222767575977531,0.0878160211492726,0.0119758834391086,0.0494384209755031,0.0100835851536033,0.00371886748147114,0.00627212382562076,0.0126432481926532,0.0141694897285574,0.00383380969959378,0.00126679377580874,0.000543851920585647,0.00238600135909499,0.00039599473848894,0.0023419008891834,0.00212341300594731,0.00344385709950178,0.0117678084333608,0.0119693440945688,0.00918573109976353,0.0009548485014035,0.00186050964924567,0.00896382083500685,0.00514301085668019,0.00249296240664165,0.0299235068698197,0.0127421613257642,0.0242440748005713,0.0438712170360778,0.0499807406494688,0.0206488659087518,0.0179820983627084,0.000776255414649006,0.0125380046748325,0.0214401803002547,0.0337576236842947,0.0150530211826607,0.00284531919202768,0.00456267709260313,0.00985734001880083,0.00662406802386125,0.011441872069144,0.00290384572392977,0.0019211674916263,0.00451094423598781,0,0,0,0.00565873114964699
0.0630380893720858,0.87055735902797,0.0606235407769556,0.0417931976772878,0.0275869016145939,0.170498733519255,0.184778791636151,0.438979403764124,0,0.771255194471706,0.700161574509812,0.744858988829711,0.0654428138078843,0.549144000394972,0.618252266156369,0.0717277220073636,0.146596411623407,0.0436598167283867,0.300480808766511,0.172044475891845,0.0450236684181469,0.0133877702455514,0.00821750583557047,0,0.0183997782501522,0.0188967608839363,0.0106230296772944,0.00753723272537492,0.00534703311664501,0.00530086066118474,0.005923354822176,0,0.192789945609583,0.0682211548815056,0.0462633885594463,0.00209830470610112,0.0841696304441373,0.20425818441709,0.0143736353163808,0.00410152314791155,0.334063730344378,1.11451233394919,0.469710675494872,0.663036239969661,0.320950045158734,0.44392197810383,0,0.00599090149582936,0.00370299770982938,0,0.00705992262461119,0.000602781360216804,0,0.00258520215824609,0.00193765144361013,0,0,0,0,0,0,0,0.00362362870345434,0,0.0031837121199374,0.00229695307544724,0.0029616010165959,0,0,0.000973069554654347,0.00274413377197635,0,0.00581322544413808,0,0,0.00506816166853025,0.00582325341547077,0.00967763293553035,0.0043866387996689,0,0,0.00272270980400004,0.00138620162051183,0.00114070833948154,0,0.00392289198948009,0.00385956792930875,0.000955444763016552,0,0,0,0.00295461990784787,0,0,0,0
0.0551193823528015,1.19785946431785,0.0867995626167578,0.0632310831909796,0.0288097503285825,0.0733199553763688,0.156013968631635,0.328200524774256,0.771255194471706,0,0.452752258211709,2.16064108691729,0.663340089022499,0.537690318866669,1.34843883905328,0.297063246136399,0.610078772335598,0.103173876219201,1.54460782712539,1.08310843220306,0.260926782367414,0.054603770554521,0.0363044609903277,0.0166156200394625,0.00346258173781668,0.0105818696488075,0.00722198129297963,0.000685877035867644,0.00633177527728077,0.0284454719428804,0.0119853388836061,0.00644946230913122,0.132144321587951,0.129011777557122,0.0879519569294298,0.0264384813629787,0.114071200457722,0.32670013110169,0.0371113464057502,0.0136654324638366,0.147700955857139,2.07656539104197,3.1352582091143,1.05535105484893,1.11719225252467,1.82420212557024,0.00338473238898002,0.0192756663016238,0.00466193902937539,0,0.0070499986484022,0.00223398663471855,0,0,0.00532351324003064,0.000899771948265959,0,0.0027816959851012,0,0.0039896278235682,0,0.00261947054418146,0.00142224569957089,0.00100507353054358,0.0123914296718374,0.0108479249124661,0.0048770892800765,0.00233729017491013,0.00436125012095306,0.00632928971512882,0.00100017691803522,0.00425434570357566,0.000990440616817509,0.00619190701791666,0.000803418884620349,0.00597934904696003,0.00394252573611361,0.0232422729176806,0.00925387240050156,0,0.00431082735091133,0.00220503340166912,0.0169674652669894,0.0071037965610638,0,0.011338840998641,0.00124724157953116,0.0110026483893057,0,0,0.00695289422900691,0,0,0.00362193263780371,0.00337652914850758,0.00469641330210917
0.0662392761333951,0.585384330108606,0.0657385233161678,0.0566844007919551,0.0313827589408966,0.100224472684781,0.0647147586332015,0.485321199948951,0.700161574509812,0.452752258211709,0,0.662362743108183,0.104549140988176,0.841227271305716,0.752971348444098,0.0901752262534486,0.083549755441136,0.0297641489564772,0.105658172420227,0.126890347516126,0.0399590536679838,0.0196602543731872,0.00998307892190162,0.00408569110290388,0.00147728214025467,0.00458101071732248,0.00445467975236524,0.0162043488894577,0.0119413824817568,0.00674720550724953,0.00140017166176924,0.00291682573488938,0.185719855797571,0.0780089285491664,0.0327229194388479,0.00782559025346609,0.107321401188452,0.162106418046558,0.00823239426685565,0,0.284694752838299,0.834675339815343,0.449251293513666,0.537226300391006,0.255561846640331,0.253849606998129,0.00419787171982433,0.0104650326018622,0.00621584800296386,0,0.00845901330806106,0.00460501977755934,0.008278714954848,0,0.000911890579625006,0,0,0.00258585996996574,0,0,0.00143730223700386,0,0,0.00385736256991859,0.00644316241065812,0.00178939248830216,0,0.00287283986012316,0,0.00145262417088769,0,0.0042925975883612,0.00650229008075875,0,0.00489061737377505,0.00380024017240284,0.00257257508176928,0.00547223849318401,0.0057436630580894,0,0.00096771314538828,0,0,0.00262033693355496,0,0.0016738290523512,0,0,0,0.00533465663069985,0,0,0,0,0,0.00190981203427314
0.0911410227212496,1.36406202319217,0.104840893728174,0.102352777727044,0.0502584137893424,0.130222635651616,0.199445485820514,0.607877182927374,0.744858988829711,2.16064108691729,0.662362743108183,0,2.36027789572837,0.819114991411722,2.92584934986937,1.74553579615103,0.504859205610936,0.168200272910684,0.79636331811743,1.43837801148691,0.468887083222519,0.129054479244593,0.101086181956416,0.0348460583646067,0.00685297084563216,0.010810854749532,0.0154249760533023,0.0131744901774403,0.0159253212493945,0.062649894570387,0.0386681065734493,0.0187233242941785,0.202484552054485,0.181734798348817,0.164003369767168,0.0404824494300942,0.125155985270721,0.473575078930481,0.0735109082615804,0.0205320467974459,0.162671873854461,1.88122576328547,1.81647652164494,1.08537398462993,0.882383426337634,1.17124098711028,0.00463607231047281,0.0320334235601892,0.00534922164231365,0.000968728899325456,0.00888067712586561,0.00201305738751536,0.0016301394755811,0,0.0104144977401538,0,0,0.00109676394542332,0,0,0.00173394987336145,0,0.00311772646610031,0.00293149624499048,0.0118330919988486,0.0154416978498681,0.00450322041116819,0.00196120736601046,0.00318178752463386,0.0205652973490464,0.00779585800139224,0.00676035347658082,0.0056182434095282,0.0118685699794792,0.00348311193301452,0.00624019897689353,0.026194567858869,0.0575755066631961,0.0264007402486639,0.00444417529029885,0.000709902125165467,0.0025147610442992,0.0285101574488506,0.0228230963347611,0,0.00876230389927091,0.00673787391297051,0.00329636775155505,0.000870391041652457,0.00338417436870367,0.00403808081706263,0.00298998599472133,0.00107062179741613,0.00514554657575624,0.00114593632850601,0.00988848872339332
0.0356508025393203,0.20713913240488,0.0668803621254667,0.0753340489428406,0.0276733135661801,0.053937765089912,0.122208475179867,0.10860421962402,0.0654428138078843,0.663340089022499,0.104549140988176,2.36027789572837,0,0.157749289312631,1.63272162613344,2.78530500250508,0.18828162246971,0.267550248246646,0.333707058605605,2.62673115470287,1.93524663507634,0.810216502083901,1.18946057763877,0.289550528653028,0.00174045733487331,0.00633686015678148,0.00897516134155886,0.00908239604670302,0.0106510741020599,0.128223670841778,0.196530176061309,0.0909077418661211,0.0585091961632577,0.0936621903574775,0.190450375761975,0.302608089853439,0.0813709971190146,0.226948285013483,0.254890755318426,0.10756212151512,0.0408073202200907,0.174232939697076,0.407848047136557,0.115434709380086,0.0861137815544572,0.222468038407445,0.0408513933870179,0.112653691054964,0.00208812828337714,0.00302093938990403,0.0121192309877606,0.00434583527775987,0,0,0.0165398834576696,0.00142293945281174,0.00169787662273313,0.000858876329489056,0,0.0015079713552959,0.00652248365862307,0,0.0065333247523106,0.00262362718273788,0.0253619155016458,0.0445964337333909,0.00624076491369535,0.00101206765460097,0.00416462369025763,0.0584524481314456,0.0200324875823216,0.0287497766220701,0.00315451755675378,0.00534103919250122,0.000896371650345257,0.0137906582947536,0.0140886742269965,0.0860758079801945,0.0824191637703221,0.0396872289527496,0.00319697092442191,0.00730706706339657,0.040955512365632,0.112570746401079,0,0.0303451236896734,0.0116715113572253,0.0192733544445814,0,0.00314291295691541,0.000818676607067075,0,0,0.00150146991806213,0.00832425113016802,0.0388560671813163
0.119568613811491,0.832556161880508,0.107904632927304,0.0662388479691693,0.087982242501095,0.127484511021383,0.0753538984589567,1.01743681967542,0.549144000394972,0.537690318866669,0.841227271305716,0.819114991411722,0.157749289312631,0,1.34409119857867,0.17135891101072,0.0916566218549177,0.0835521954603393,0.152149833148913,0.183893826082395,0.0835598122952927,0.0404868752635765,0.0518144028588922,0.0205345428637692,0.0138959057700193,0.0031333881222554,0.0236406487016377,0.0131798148731939,0.013165139071253,0.0220265407458776,0.0240749431942757,0.0125007571427667,0.449683211813014,0.391170540809338,0.183199398697063,0.0323011389385966,0.477558030712522,0.598263806417456,0.0926019948685377,0.0173989880983903,0.396068608546707,0.79201496896991,0.423860778345619,0.707331479177376,0.347987413935755,0.305963564201745,0.002146058086956,0.0339645988784544,0.0132483246703349,0.00214592649939455,0.0110996199099216,0.00120672486241865,0,0,0.00479409780533586,0.00150506931822747,0,0.00207032183719957,0,0,0,0.00472809126514634,0.00163330322128789,0.00300523780361217,0.00786942574482584,0.0139467281503357,0.00607718747527004,0.00308464917892587,0,0.0108060675011759,0.000958429421277635,0.00892060196194665,0.0110485906691373,0.00671206821001537,0,0.0179807270895446,0.00978706250279444,0.0250925043957321,0.0100979494458402,0.01063752732074,0.00179778830505495,0.0117932626869974,0.0205776547688312,0.020897189649656,0,0.0151485256179146,0.0199656554203322,0.00429401843207528,0.00633775218998212,0,0.00770408691013522,0.00657908245408256,0,0,0,0.0118375080568884
0.120270874935258,1.10194133079077,0.146054772060126,0.0895825397371087,0.0471611365546417,0.104265828631004,0.150974816573405,0.675875204349524,0.618252266156369,1.34843883905328,0.752971348444098,2.92584934986937,1.63272162613344,1.34409119857867,0,1.94141731721157,0.269508438680262,0.207796964344708,0.394300491557179,0.847999848048329,0.37445596604692,0.202566381595226,0.198620507626041,0.0926085262769709,0.0185198860001129,0.0147554708196213,0.0455998983474361,0.0118269047011747,0.0210988813474782,0.128360428094833,0.0937124168032182,0.0538712817444068,0.280757852895383,0.344902534442256,0.384138643592222,0.169737806118809,0.3712781488361,0.907088497256385,0.312149812352401,0.0634659403904926,0.172072828901396,1.2776376525009,1.14598735892595,0.854693826765051,0.584704031691273,0.688835305848898,0.01477328047622,0.114965559182159,0.00892055597401996,0.0120060279519861,0.019181507437175,0.00162348236756382,0.000993772416597496,0.000905477621805373,0.0167204682159004,0,0,0.00214002800385973,0.00398654611114355,0.00737259855515481,0.00500677524711228,0.00520770262997794,0.00710627495623082,0.00867052307100529,0.0255303437751315,0.055380535989602,0.000809800698823374,0.00303180690512438,0.00636809998726801,0.0447119086421146,0.0197137551807507,0.0291347710270033,0.0019723149615497,0.00709314859910586,0,0.00698519732309028,0.0192287573366551,0.0756937061367197,0.0708109053506899,0.0270641383297988,0.00422428419751208,0.00771260912695526,0.0345619510034479,0.0768608242788064,0,0.0268902982608436,0.0601989243650772,0.0150329035940746,0.00203219588440418,0.00401990887367494,0.00636188798667245,0,0,0.00436847925323405,0.00152465532313645,0.0265918871038805
0.0274744053742355,0.139645277764168,0.0477427420438626,0.0539329288053052,0.0218810942754534,0.0403964901459369,0.0657641603281521,0.0916278261350139,0.0717277220073636,0.297063246136399,0.0901752262534486,1.74553579615103,2.78530500250508,0.17135891101072,1.94141731721157,0,0.106486380254707,0.129785943475108,0.202239868168966,0.867100172746021,0.644286567360783,0.378033231202755,1.74353206973029,0.184049872541433,0.00557128101787586,0.00508178373305607,0.0197745108113928,0.0187199497912222,0.012287325119036,0.1197781307483,0.148535981071539,0.09302730147306,0.056279888313173,0.0944953061031057,0.168303562648696,0.442813886237503,0.088663954054293,0.378240317709506,1.85669386735141,0.478641195098224,0.0331442252064358,0.181631201963584,0.209249078211149,0.0840619718202087,0.057984237923016,0.167961071182976,0.0270785121240773,0.244353485159321,0.00466921596640733,0.00399766942133883,0.00650558254515908,0.000634272142745126,0,0.000872049692589097,0.0105225995319399,0.000618139730436187,0,0.00242437251077532,0.00303792868443531,0.00376384092062775,0.00336797355222976,0.00521694803236245,0.00255383558170094,0.0058635531262953,0.0173687490984822,0.0312383796765323,0.00515896713808092,0.00371942134272887,0.00759017802331989,0.0486355454873746,0.0188882316395641,0.0610734141107129,0.00240949335729383,0.0072257113827981,0.00274570430885157,0.00640951796228903,0.00557276042731109,0.06476564461912,0.0821139183379244,0.0349370462320861,0.00309687356695874,0.00737593450130915,0.051566972104381,0.158868430234644,0.00136465973876243,0.0377024539260429,0.0269517330138437,0.0256369746141239,0,0.00437911859425541,0.00251052134622398,0,0,0.00492707472757176,0.0121451876076599,0.0483146793296021
0.146575276139464,0.388261358775373,0.626587083668597,0.479441522407292,0.0473771185957043,0.15255684938833,4.55277099271826,0.147169467759153,0.146596411623407,0.610078772335598,0.083549755441136,0.504859205610936,0.18828162246971,0.0916566218549177,0.269508438680262,0.106486380254707,0,3.36653817398765,1.15155197661268,0.874674471173163,0.318016880526957,0.455958173269564,0.0934932980180774,0.110378306975316,0.0244250995454362,0.404261076655755,0.0349109474861172,0.144096097987086,0.382357737978441,0.955411931879272,0.900375021335551,0.0806379650916274,0.10070205637264,0.170922378906491,0.178425459933919,0.216500604420246,0.0534041480491003,0.175146790433416,0.0918796295009722,0.0252016102839232,0.057103283746748,0.472133972378607,0.569127479569319,0.180013694566426,0.129477627317794,0.314148314701315,0.016610333122088,0.0515971645193936,0.0498035882033693,0.0141966397823369,0.246706741118341,0.0176587828549923,0.00332254524492797,0.00240060582517539,0.364353219788171,0.00464649941682971,0.00231139989868616,0.012651361575714,0.00229922165082089,0.00812102379604168,0.00444214514484226,0.00247839212978364,0.0109881167911597,0.00302333766282494,0.408505848552598,0.205181757191895,0.0278787164475999,0.00987142697115512,0.00833140205757692,0.16341506368956,0.0230521697597777,0.0595053929953031,0.0212626753592764,0.198289568159556,0.00471267418741433,0.0845634335676444,0.285579768025876,0.667854697811521,0.694709278871558,0.0649523898800685,0.00485874304354221,0.0163212762384732,0.0756657524267892,0.196722599778563,0.00136662361424592,0.0399575258858507,0.0316024041573271,0.0288668169232867,0.00341315499054832,0.00840658132497235,0.01060201483374,0.00279401732420092,0.00269347070888649,0.00872247370047919,0.0128492314766711,0.0383407574977864
0.0403023204988099,0.0906437541496277,0.160409552683072,0.128211509972528,0.018427980061318,0.062738453457003,0.453767672581908,0.0634767289934111,0.0436598167283867,0.103173876219201,0.0297641489564772,0.168200272910684,0.267550248246646,0.0835521954603393,0.207796964344708,0.129785943475108,3.36653817398765,0,0.463089308182747,1.05786391339539,0.79295879783126,2.90877419574702,0.258259024858608,0.540460223663453,0.00505187013732873,0.100896425059568,0.0219153203083537,0.0206308899530451,0.097346577921493,0.601917004270188,1.23476915988881,0.403746613869266,0.0539490466392505,0.123766990536553,0.207345926153386,0.703716302423372,0.0602604815713096,0.212297110663619,0.271351217190358,0.088697217889208,0.0245205564099696,0.0879101046681347,0.147385220040256,0.0378138906072883,0.0338761324393334,0.0955378746828354,0.116667310401342,0.128955550954341,0.0115115873167748,0.00727539830707171,0.0561078732609821,0.00349582134302373,0.00183494031147041,0.000673548646861102,0.108268782159821,0.00253766090894312,0.00302141121680879,0.00807117132731555,0.00135381821850211,0.0149984513203257,0.00865927765346389,0.00109723360307731,0.0210537964702128,0.0106471670171974,0.116169897959564,0.162641556821002,0.0236414007495,0.0124153955087215,0.0133113954387366,0.162163806480149,0.0391276130182397,0.0968426372929514,0.0126425970067613,0.0480158302940496,0.00594959444768277,0.0283047151100984,0.0849813305966797,0.444461923881067,0.439544957633249,0.0755332406026685,0.0087056065183668,0.0117264369587061,0.0854703672593353,0.277670344231649,0.00238404381484458,0.0678439063860558,0.0744607409342009,0.0408493793532869,0.00132356105607065,0.00495624349509255,0.00752966586926052,0.0069034423934633,0.00175071454848416,0.00811782234989175,0.0156141353969252,0.0921977139429194
0.0521295256675359,0.418186330035975,0.0967950964007365,0.108087128159165,0.0352015555653806,0.0933990504261248,0.427805300146988,0.129947899301256,0.300480808766511,1.54460782712539,0.105658172420227,0.79636331811743,0.333707058605605,0.152149833148913,0.394300491557179,0.202239868168966,1.15155197661268,0.463089308182747,0,1.92374723273548,0.525570806335991,0.0961150268217427,0.0594944771646995,0.00938706956879129,0.00642852111467995,0.0246590931228976,0.0102683989305703,0.00576519023559985,0.0174345074988129,0.0314448306804433,0.0294100035712032,0.008789952139215,0.072749826148175,0.0975436514552217,0.0927125294810493,0.0184808294288735,0.066497695821047,0.175869659572754,0.0452917278389354,0.00329435385142363,0.0773862594668367,0.647420515643864,1.81709747970167,0.345031046360964,0.421444296885724,1.07456861338239,0,0.0104513955504996,0.00563632067191353,0.0013080268125451,0.0142707309185062,0.00370491751635303,0,0.00663429529157704,0.00968290063962721,0.00146739744446539,0.00304929535492021,0.00255499525335975,0,0,0,0.0015481749758875,0.00104596301524437,0.00161761141470532,0.0130356172303716,0.0106594170111399,0.00300132052663936,0.00204695216586641,0.00137455107569513,0.00604379983568705,0.00553497826404981,0.00512540182285438,0.00118616244594172,0.0114932134523921,0.000796357790552871,0.00442462441674008,0.00962035526253147,0.0257856821214981,0.0135835551161687,0.00473740482313173,0.00115803237649634,0.00335530575725795,0.00697462115800479,0.00719292057480851,0,0.0122226078556201,0.00508656265293473,0.00521843657172522,0,0.00104213290730893,0,0,0.00338597288879922,0.00187217381188587,0,0.000995569787117428
0.0686822422165076,0.446056278199256,0.128650250807372,0.144085055964971,0.0399416191762681,0.112570476844234,0.269007931255398,0.14050127513527,0.172044475891845,1.08310843220306,0.126890347516126,1.43837801148691,2.62673115470287,0.183893826082395,0.847999848048329,0.867100172746021,0.874674471173163,1.05786391339539,1.92374723273548,0,2.7229499529481,0.589184287292373,0.293410060012575,0.104660694666674,0.00417615932255625,0.0222467024193567,0.0177259333043437,0.0112387714340634,0.0302276994101492,0.113805470214639,0.0873903889885246,0.0356576057763891,0.0875308724191908,0.119050567649425,0.147550022072368,0.114659334961085,0.0829066156148529,0.244101457740027,0.124780026824394,0.024662527716617,0.0617566967177354,0.567249550734743,1.17723651952925,0.286881135993101,0.223436000275691,0.619170814155778,0.0162719271325514,0.0519515381106406,0.00835726571520182,0.0012862952893531,0.0214607936221588,0.00473006550049094,0.00217635842687808,0,0.0154761394624717,0.00182532432809342,0.00115082399731319,0.0106856240491827,0,0.00806695593332958,0.00208525624004402,0.00105225930698653,0.00968369702309241,0.00925440014839742,0.026818509276747,0.033408745695931,0.00520673698403733,0,0.00241101443380721,0.0432896272821675,0.0145603313442705,0.021510016441961,0.00365093709509646,0.0112144990759461,0.00556148183823591,0.00596046268005972,0.0277875071795217,0.0849782926732212,0.0678855454521078,0.0142227237918879,0.00575619514640413,0.00678469824154884,0.0363645237957051,0.0533682740214266,0.00243080280303978,0.0272984270905771,0.0328274614728924,0.0152973219999629,0,0.00156320822469148,0.00645325552618203,0,0,0.00652013193026826,0,0.0157119250487987
0.0450358754835781,0.112841712919524,0.0838839979478403,0.120469375573753,0.0352584274088629,0.0857811768120176,0.166624307412219,0.0758281366470774,0.0450236684181469,0.260926782367414,0.0399590536679838,0.468887083222519,1.93524663507634,0.0835598122952927,0.37445596604692,0.644286567360783,0.318016880526957,0.79295879783126,0.525570806335991,2.7229499529481,0,2.95679951859363,1.1153260844026,0.165332054948997,0,0.0256807269710897,0.00833004755298913,0.00396245103702603,0.0222255046915705,0.141935080780363,0.170874582285351,0.121645417979411,0.0691182622259094,0.0789837221421733,0.145977311414094,0.216345750357153,0.0726575609820136,0.186915505795607,0.180841936249087,0.0617110450793453,0.0226246114187412,0.132017471242071,0.165315339575902,0.0551624591244761,0.0500530896289882,0.0891140885304038,0.0277156448787547,0.0778140623684007,0.00577569373034033,0.00414386116910437,0.0105075916565179,0.00256477371955968,0.000915590101815099,0,0.0118152917236988,0.00431293331956276,0.00071660687680497,0.000831725801011644,0.00282676649029923,0.00178378224282095,0.00765996706788358,0.00289570033035536,0.00364045783531527,0.00358258499104148,0.0189442760691299,0.0211229082970791,0.00384189015335418,0.00518203742932494,0.00251411203964918,0.0498431687566623,0.0200340259230342,0.0356769446697535,0,0.0121421050844997,0.00256115577971672,0.00442231774250299,0.0186635782130994,0.0726407664670836,0.0856295818122138,0.0227297597039437,0.00169769325478278,0.0064702072454655,0.0330574119005815,0.0618797540020816,0,0.0208941490013669,0.0234790392886599,0.0134001036188369,0.000962928883384229,0,0,0,0.0012453476212309,0.000925403650213236,0.00083383964181688,0.0384975220820586
0.0373988300591304,0.0702777190092233,0.0827340186417987,0.0612890583968978,0.0111992944668073,0.0216605032943107,0.180192359112505,0.0577373327876255,0.0133877702455514,0.054603770554521,0.0196602543731872,0.129054479244593,0.810216502083901,0.0404868752635765,0.202566381595226,0.378033231202755,0.455958173269564,2.90877419574702,0.0961150268217427,0.589184287292373,2.95679951859363,0,2.23603762002852,2.01587998343196,0.00612532727868934,0.0515994265724174,0.0148751441823626,0.0230681764440241,0.0749524781401755,1.1022448572905,3.39706480568688,1.54037758519497,0.044952570450005,0.0745898037675306,0.315390330950909,2.32150474433151,0.0467582622735562,0.244633108475481,0.815496621241012,0.589588399859268,0.00836953727482688,0.0454492620398274,0.068857987728867,0.0352132721799524,0.0171661961909211,0.0507393878714804,0.203794852382586,1.47861967877851,0.015695107492372,0.00764093217651476,0.0351323880338995,0.00276498475739154,0.000859804580911868,0,0.099551014338176,0.00666813072738599,0.00129197854541122,0.00490866112187987,0.000314666533751139,0.00532709190790238,0.0122684146401791,0.00315383663737958,0.0196340183879563,0.025764025465158,0.121432817288083,0.160261158181107,0.010379342610774,0.0118200934835616,0.0276291198363035,0.421817877009595,0.104172487394151,0.23346465538577,0.00463432330553172,0.0265876423082432,0.00334034809603334,0.030706644770292,0.06585826577146,0.570120921355799,0.898288826416743,0.205978490838137,0.00174918938913832,0.0152268959982742,0.138954737877608,0.794450344120416,0.00218089444706071,0.0741484252446744,0.102301911215898,0.103682808989136,0.00245902041594195,0.0043536496571615,0.00668339069511067,0.00212392454255425,0.000815328672313129,0.00380963320690256,0.0250136513886057,0.256936630465016
0.0211695602153001,0.0530329738092425,0.0442211646848013,0.0460993256480361,0.00715323680771957,0.020549046088381,0.0774377756316565,0.0406052595698858,0.00821750583557047,0.0363044609903277,0.00998307892190162,0.101086181956416,1.18946057763877,0.0518144028588922,0.198620507626041,1.74353206973029,0.0934932980180774,0.258259024858608,0.0594944771646995,0.293410060012575,1.1153260844026,2.23603762002852,0,0.811304169305355,0.00488478585409141,0.00775957846983762,0.0122387923714585,0.00267626289559996,0.0151949078958213,0.293326136330596,0.531198086508605,0.292346980600271,0.0360656565106943,0.0695767886418341,0.225225973275878,1.42959463217576,0.0353729247807078,0.240012253034784,1.69848412216572,2.42493110390836,0.0155369096800183,0.0300660759593321,0.0426632130424319,0.0246483210696957,0.00999879567661483,0.0341637144228324,0.0833188573490588,1.1281367705813,0.00309205211416609,0.0026725649048881,0.0123815643294328,0.00165769231436399,0,0.00145836766153644,0.0188699028346748,0.000891299277673285,0.000481316076242935,0.00256419461598101,0,0.000408220620686128,0.00892370812315011,0,0.00565802355105151,0.012023820441097,0.0191273076871568,0.0471481112326762,0.00671074530837378,0.00262709303862844,0.00942418749357871,0.11554230282917,0.0620936559025473,0.0810215330755181,0.00201258490251852,0.00336498382606198,0.00188364606846294,0.00907341887507526,0.0226258419366785,0.16325954474235,0.175357266176077,0.0547625326141692,0,0.00547279638875216,0.0610736736100464,0.528834418524538,0.000889731199069724,0.033320378495805,0.075662305906618,0.0755050512563771,0.000905383820546043,0.00119546027082864,0.00347726118704975,0,0,0.00285935936851903,0.0103279400997046,0.11586746566266
