0,0.749363349614112,2.1325637555076,3.74951769444197,2.40735161501724,0.375343193368093,0.197527863847579,0.904512988984698,0.0487311462078699,0.0213124840638242,0.0367910625711582,0.028287757862174,0.00792477889132915,0.0419215939034079,0.0354367315120123,0.0072712952468001,0.049325009644768,0.0215543220422966,0.0148261995267065,0.0250057605707789,0.0094916409204223,0.0135612859113349,0.00520471651826017,0.00123293392876475,0.979528180954527,0.0764436493695795,0.612363353620109,1.99120100129129,1.31539116640991,0.0765866891460498,0.0166423131777462,0.000364815947154902,2.21411528283788,0.432796664264155,0.0759662582710411,0.0158014451915562,0.0357590527282192,0.0372030233298336,0.0166524611847344,0.00305519431608526,0.653803246584898,0.0958489577405567,0.0215305863431901,0.0708824823090807,0.0140970139583837,0.0113839010386423,0.000382270033058739,0.00103635521243654,2.43655083659369,0.125353494895202,0.552104701137686,0.0969219424657799,0.0390921335406476,0.0210264145190784,0.0406797599870299,0.107640538047488,0.00192382945918441,0.00163503087740007,0.00544610779717508,0.00330505953238422,0.000884183013050082,0.0038364549713735,0.00615146672250545,0.00119839360726175,0.0116282406820725,0.00508476273988916,0.000891015945587905,0.00154993532432741,0.0016388749090534,0.00341798928753355,0.00279093004697414,0.00157691688405369,0.426914336527806,0.101821789577414,0.558514876927728,0.853678014163261,0.623278919326139,0.0738598255372196,0.0164778838526122,0.000924376087595692,0.334102532859112,0.0876557380043415,0.0239056779063105,0.0108895468560706,0.00784100320062508,0.00679455059465428,0.00190816696418956,0.000739438074529216,0.0342173340657142,0.0141104636726086,0.00252141458982208,0.00820701347948646,0.00187701814597756,0.00174682195536638,0.000636084343466631,0.00182541544678984
0.749363349614112,0,0.397436925754589,0.464608402552063,1.66546099267196,1.30335059682494,0.993334861125208,3.97527472707915,2.18649803361307,2.04230390670062,0.713537798702529,1.52584288949432,0.145953964305001,0.304743462855022,0.407249056992621,0.0991811077976116,0.847908834735389,0.208707746981271,0.437029764367312,0.423326659807997,0.135552580934464,0.0805897986481298,0.0347149037453846,0.00758572324238763,0.0549435292471002,0.0846657923398601,0.563366752291451,0.135113429040733,0.247207063791233,0.109266154924565,0.0492615244507133,0.00473131571351196,3.9305178486591,1.38979741868853,0.347445641080175,0.0471516631140868,0.180199496803351,0.428863846892336,0.0556763119097004,0.0224337669486715,4.12986959136181,6.13168873277174,2.05877756051036,3.42713447080512,1.67654239167111,1.51527902145541,0.00294430291796,0.0110598810716938,0.0501396403989358,0.0438646895872177,0.0914497367198141,0.040832566504134,0.00649661029921421,0.0137832824657022,0.030106799665959,0.017356019463611,0.0019924080675693,0.00432897241875643,0.00133579043726769,0.0036265327750005,0.00471106626493343,0.00109837568342917,0.0137649375905717,0.00902918913991718,0.0166722489986378,0.00770301420311716,0.00443693650386305,0.00188942824491177,0.00565201797313616,0.00692716872034208,0.00146918745506085,0.0100426256471762,0.0228149115448933,0.0592439301183094,0.203973949071771,0.0597361028549942,0.0710970292362079,0.0843126314007182,0.0498876920873488,0.00524048628005995,0.0330991530421497,0.0412955499463979,0.0476498273365759,0.0149247988470693,0,0.00889079678502366,0.0139494340095375,0.00351367600610048,0.0117210952646581,0.00818031971529,0.00499335204921291,0.00169410442131204,0.00397713400971433,0.00425454831446621,0.000762039763650579,0.00396108145625985
2.1325637555076,0.397436925754589,0,6.66814546772511,0.237420240462623,0.229540937824685,3.38234180188977,0.100395665200042,0.021305141531908,0.00616310947440851,0.00668859767747892,0.0148372128710578,0.00934888464531146,0.00967007843386572,0.0193100243746297,0.00553371363910001,0.323642922624856,0.136398351968799,0.0436714973812133,0.0414799891940465,0.0248940503714582,0.0298184307708723,0.00627015147749205,0.00683688188179596,0.0832908019343296,2.9352444147544,0.159061378081027,2.86300825020536,2.54444376196286,0.450026975894829,0.0955218859416372,0.00541648934226054,0.155727470836718,0.211715240851994,0.107689620195022,0.0248000075850064,0.0165517873824391,0.0229587833289993,0.0104155234446889,0.00318434706837475,0.154503818749349,0.0725613871785266,0.0287537023534176,0.0269253403002743,0.00919901621778827,0.0186918879367744,0.000235777649453262,0.00269186953084716,0.666733922585296,0.106980139129699,2.15862951106239,0.126406047854412,0.0301096114438629,0.0226653948841579,0.390135911452602,0.0208180877776905,0.00555804919124258,0.00205472231309582,0.00102574807287414,0.00438528305227964,0.00111307416750481,0.00285393389449131,0.00310341187495772,0.00378295515200074,0.0927203731283255,0.01886345643472,0.00735737047604157,0.00364672359098102,0.00331930634060309,0.0037162653011381,0.00249606833912151,0.00428743221755956,0.024337155254172,1.3129864437344,0.151950731910501,1.1051190074897,1.03782537153454,0.315734048647777,0.0951639961793431,0.00149985256399389,0.0526826717649098,0.0514106015037793,0.0419469246687846,0.0115430851192199,0.00352398541389311,0.00500134519731233,0.00337016167490858,0.00110497887309309,0.0306809451912264,0.0194434014304172,0.00255109635141566,0.00654228156931665,0.00213912777500212,0.00289090562426751,0.00203994203403088,0.00190509536333516
3.74951769444197,0.464608402552063,6.66814546772511,0,3.29933007595234,4.6897836784774,4.46945174874449,0.107755552240784,0.0299429350640868,0.0336544954552237,0.0132934529503141,0.0337888088718711,0.0279668065732367,0.0102436443466613,0.0174555298678273,0.0273316610675657,0.38226013710133,0.125968438951897,0.122185613368461,0.101433063856043,0.0635563288146897,0.0474157772522618,0.0139706717047071,0.000612512787145376,0.0101630949531353,0.115723533990419,0.0824895956359347,0.855637034156252,0.284883604257103,0.0454296267761575,0.0163895439579074,0.00139507668288267,0.195022979889522,0.202409896190423,0.0955198150127738,0.0148431475367856,0.0180270713332734,0.0151074527416926,0.0064190815571927,0.00171552689449696,1.14446994092442,0.172531836109403,0.0742408549782647,0.0409683743419706,0.0128465689363897,0.0185036894584109,0.000810231147703809,0.00170589588393329,0.0426658470503616,0.0471946031097496,0.15047350527275,0.0512344309563338,0.0117775985659004,0.00866866922776049,0.0540148958757224,0.00428065083600892,0.00102484810405348,0.000404753075404496,0.00293428724550432,0.006380410040977,0.00165085524100929,0,0.00157304057444093,0.00270842574413566,0.0083116931084353,0.00471266530806858,0.0026698626747188,0.00104197894315445,0.00192151744189085,0.00226464742415637,0.000822159373502071,0.000295025569016782,0.00329260086686099,0.076761458720723,0.0699133638746565,0.0554221381995988,0.0809117553044383,0.0569416064010341,0.0173805427051874,0,0.0145533072313893,0.0283636202670679,0.0206775156946394,0.00405565727489655,0.0010146305454696,0.00625505044473953,0.00112130416862304,0.000866763530270988,0.0125831132660949,0.00928427238372006,0.00175058964618125,0.00410982955875268,0,0,0,0.000369069655539019
2.40735161501724,1.66546099267196,0.237420240462623,3.29933007595234,0,5.72609052500929,0.668187855717771,1.10019708475556,0.363654941090839,0.125083912683185,0.130381506322306,0.0766886559312671,0.0278183470179127,0.0537729317808059,0.0393765677202105,0.0279441923892025,0.106372945168318,0.0344567362086041,0.0845106985767168,0.0913106453470154,0.031054993783991,0.0191415569578218,0.00923329403960939,0,0.0162871974661537,0.069074644083392,0.113417267797728,0.127105980350393,0.167069291999068,0.0224377282606103,0.00550119462274226,0,1.21722958389583,0.176268044202585,0.0740784037826581,0.00996361839620601,0.0171718666218548,0.0321963472102983,0.00620736723374501,0.00055076946410694,3.67323680920318,0.584104300532259,0.123979216800286,0.449645952748965,0.098554837747626,0.0344923843786782,0,0.0006676775942632,0.0332198168960191,0.0250565457568314,0.0457579915287113,0.0177971306355671,0.0126721314792231,0.0102413643435332,0.0127379602206372,0.00623734411818221,0,0,0.0010858314296773,0,0.000690767039074947,0,0.00223339024877415,0.0042283573516341,0.00365525133419348,0.00145585969514861,0,0.000609333146580321,0.00203436497576667,0,0.00071255657305682,0.00224532172542369,0,0.0323132726381043,0.0588345694098801,0.0441710921006363,0.0436307247232568,0.0195658983806244,0.00312568170129538,0,0.0169249817721367,0.0107015373370674,0.0158824906201083,0.00296285289247335,0.0012312276294927,0.0053192383361006,0,0,0.015851516257976,0.00700716886962549,0.00212538528071002,0,0,0,0,0
0.375343193368093,1.30335059682494,0.229540937824685,4.6897836784774,5.72609052500929,0,2.03231298505998,0.604091787730692,0.571318438256188,0.239248053974152,0.118286377559687,0.153833563478274,0.0415296797165496,0.0326816629896902,0.0664979588723618,0.0284993690566573,0.244226807780823,0.0560220494418859,0.147649142314642,0.116345833726778,0.0642005078588243,0.021070863018679,0.0084056088179613,0.00122765956254689,0.00844866466120872,0.0340538469589348,0.0307049715287924,0.050637502062517,0.0603455513375289,0.0123364080372471,0.00944203309809283,0.0014061244097871,0.379360745855351,0.136123956985402,0.0474440172578086,0.00603249961566366,0.0279109906304428,0.0414360244331789,0.00405536943316923,0.000761047990594069,2.23112773037408,0.81620157818059,0.176129606799727,0.576586302747304,0.176075302093957,0.106883733478844,0,0.000831565901920697,0.00489038227227659,0.00430957342511789,0.029450888781411,0.00848058918395254,0.00449869577017128,0.00166436992640279,0.00684269869062504,0.00132743739115348,0,0,0,0.000616834724977956,0.00204553721712319,0.000886062657239714,0,0.00139364070483689,0.00147393643770244,0,0.00151014612080987,0.000965637203127194,0.00233415155046813,0.00126669655837729,0.00101437930953244,0,0.00243892363586255,0.0140119039430019,0.0444185544268527,0.0118735932399584,0.0173391297580424,0.0129523152033465,0.00641191103592824,0.00114823959633882,0.00553104757600804,0.0122900903654205,0.0118586651827224,0.00143245438436785,0,0.00202948260761787,0.00484216349289257,0,0.00705269148236164,0,0,0,0,0,0,0.00101890857869748
0.197527863847579,0.993334861125208,3.38234180188977,4.46945174874449,0.668187855717771,2.03231298505998,0,0.400897458004773,0.345589668605264,0.35432953402179,0.0799150024706836,0.233590048488724,0.058453362065301,0.0273467619120401,0.0783621249584968,0.0433056751004712,5.89855664539853,0.944147057622401,0.689619135164883,0.269408272849218,0.124111422946734,0.171750770658799,0.0193412861580091,0.0231001692096621,0.00908737563932153,2.6103744431058,0.0707149691287423,0.283363521471104,1.0630177769486,2.4569529283765,0.75325897395372,0.0371251946950536,0.156135848046175,0.309831357889941,0.150096283150766,0.0690071491885352,0.0316171399485923,0.0581486291156503,0.0281142339288561,0.0128801940222781,0.368816566922118,0.815308600293663,0.312585467601682,0.363398557892169,0.174045544683652,0.182905622569208,0.00825007208298994,0.0105550945139646,0.0432957164375119,0.0464878642391178,0.602939028317374,0.0400281801581312,0.00589446472587797,0.00725484294550984,1.44655095118861,0.0106422087743624,0.00160596460521006,0.00319775302446416,0.00542943188630688,0.00464711357463895,0.0062502576905527,0.00014033906209771,0.0107603412692738,0.00606246935123262,0.641325053212744,0.0874870593177014,0.0152464388001166,0.00832383316027611,0.00974434898720027,0.0235281431189878,0.00443092522860347,0.0170231115677875,0.00297787726593554,0.978704626924722,0.046706520633377,0.171845973637195,0.596918099422805,1.16610091044099,0.646111876631869,0.00837547599158719,0.0184659963085364,0.0458174055297422,0.080945040898788,0.0357964555399035,0.00129772887363083,0.0111950291343247,0.0148980668729795,0.00792715312759075,0.00649284438603608,0.011498290741935,0.00604237789461989,0.00603339488442425,0.00212738959303926,0.00492779295754557,0.00651545743766442,0.00885888139703575
0.904512988984698,3.97527472707915,0.100395665200042,0.107755552240784,1.10019708475556,0.604091787730692,0.400897458004773,0,2.2800681368398,0.698017508772685,2.52050881259331,1.12390383797273,0.0686713296910445,2.36642507183883,1.0583460857206,0.101347743624116,0.226637365104778,0.088757033858195,0.104839447438921,0.134652545208544,0.0480585028555661,0.0713194729862497,0.0487792726372406,0.0218196347334796,0.164144604427589,0.0259256791974077,0.957055978093322,0.0874908236164223,0.114550806967621,0.0985660468766103,0.0477390333911305,0.00598875136982072,4.33129739748912,3.60807521425189,0.494119633417193,0.102707276023446,1.57232018900767,0.818839150638173,0.177895323036128,0.0402270792051181,1.25480744385497,1.30316025856288,0.409955288549403,2.64586002424504,0.340590008037058,0.274587821509122,0.00198108962727747,0.0256107082675528,0.110054458163659,0.0484111839446713,0.0263661307636923,0.0127743559040695,0.0101220219329923,0.00472055453767901,0.0141266145632416,0.15953229324853,0.00169468584981392,0.00184322982222681,0.00431036342692424,0.00644404772364923,0.00403055938660677,0.00614390521428976,0.0170507556591678,0.00816526476105695,0.0116388988931617,0.0101538520396864,0.00437276993807718,0.000731921935863879,0.00289627795251186,0.00954882705882525,0.008436335497832,0.0117661479758235,0.0594176876252342,0.00916942906884092,0.435247193205738,0.0548381930056594,0.0529418004501196,0.0663171153047844,0.0333933759446576,0.00573717154689883,0.183665112891701,0.248733545962784,0.0535549537264428,0.0239073099129094,0.0423563239776541,0.0284991760163312,0.0154452714995854,0.00617243472308085,0.011117825419426,0.00571528451483923,0.00379721719216322,0.00513949328442014,0.000853396267611668,0.000378055477226941,0.00717752019945894,0.00770770284640519
0.0487311462078699,2.18649803361307,0.021305141531908,0.0299429350640868,0.363654941090839,0.571318438256188,0.345589668605264,2.2800681368398,0,1.69786417046191,2.18270575692508,1.7760478940422,0.101366030212596,0.801190463444192,1.00656896568006,0.111228685278993,0.338717022133119,0.0554097681943984,0.214951231952212,0.217466027928394,0.0641719109801633,0.0261285709940682,0.0185891089888137,0.0140046833609946,0.00498604998195917,0.00250066943607519,0.0329202677266546,0.0123383946337799,0.0068785815452893,0.0359282729534608,0.0151327635140031,0.0036531477966717,0.341157778709862,0.250584424105123,0.160891637743774,0.0153557862300317,0.332362361339464,0.451188344412261,0.0726109807216694,0.0187687341586501,0.755421016231792,2.04702522143963,0.876177557088519,4.2470117867739,1.15851095936691,0.799318850815335,0.0158067735690097,0.0103089551379773,0.00149465381080415,0.00360566730653432,0.00588438108129891,0.00135934637228702,0,0,0.000712316143933051,0.000906742521648241,0,0.00552696389616691,0,0.00259192178018289,0.000691941095168729,0,0.00685306705469092,0.00535578273787816,0.00192161844663487,0.00270236436775634,0.00541816841444942,0.00231110122801954,0.00362664154980682,0.00395672599893188,0.00206597348307904,0.00839436320939937,0.000974178726477704,0.00277445516017614,0.0129947550971506,0.00718883322051771,0.0014747744586901,0.0300464372791902,0.0127178922002016,0.00295376740882441,0.00120637605998117,0.00287675979740859,0.00754624737787434,0.00190450683870819,0.003382640123161,0.00553394815684716,0.00599388805876303,0.00428837578171389,0.00182632083665052,0,0,0.00147148012292282,0,0.00258350969609304,0.00557600016490101,0.0041125673433156
0.0213124840638242,2.04230390670062,0.00616310947440851,0.0336544954552237,0.125083912683185,0.239248053974152,0.35432953402179,0.698017508772685,1.69786417046191,0,0.920720713964901,3.42097452363228,1.38459018927479,0.203133381102676,1.27572896719134,0.583276045654191,0.788865596010936,0.104437392588826,1.18803858347483,1.62916437580759,0.401305312917427,0.0950240759196301,0.0955969922138171,0.00833642397836719,0,0.00940273221304519,0.0130360893084217,0.0095094100137525,0.00455463366256093,0.0403781784919654,0.0394593621548327,0.00934114708127368,0.157631845460883,0.138245885543523,0.143998644742882,0.0176257338184277,0.0607401408775264,0.342941919480119,0.0422738054486167,0.00583195583622687,0.159531288755017,2.26716231067815,3.32523615040712,1.83347456576602,1.08252436208472,2.37188213177467,0,0.0122490048493399,0.000767254591037393,0.00284268464533318,0.00315638203451041,0.00149274390896525,0.00106394551877816,0,0.00319402909874676,0.0029768088912187,0,0.00118721341033341,0.00103149942262627,0.00207028343427812,0.00323552606904531,0.00268421135737856,0.00808405727398609,0.00979108623666178,0.00134085872567121,0.0020501049962127,0.00353771538038072,0.00633597935915137,0.00665685156828191,0.00279485330282079,0.00328850748050277,0.002670390229476,0,0.00379196270851923,0.00667074213195995,0.00163039689080367,0.0030648289738768,0.0310267491019928,0.0250032297791787,0.00148873791401855,0.00362115017195835,0.00700336702840032,0.0172983544006956,0.00842045591090786,0,0.00373681841168059,0.00501883433916564,0.00211393639860032,0.00307648136724373,0.000720748233630213,0.00228290005559095,0.00387886820789624,0.00101604382971456,0,0.00251397978346979,0.00440722047510755
0.0367910625711582,0.713537798702529,0.00668859767747892,0.0132934529503141,0.130381506322306,0.118286377559687,0.0799150024706836,2.52050881259331,2.18270575692508,0.920720713964901,0,2.55569995961311,0.169521404712964,1.66208873498715,3.46676808368055,0.206450842320925,0.0970381458775515,0.0367304220571865,0.0907100137764115,0.165446914099554,0.0545843701014891,0.0532469082644781,0.0493663148811711,0.0181663114150422,0.00526890244052955,0.00981626103939638,0.0275355329256705,0.00440070231893271,0.0120087198008604,0.0320565877955138,0.0227786286899545,0.00788873227556797,0.246215077375139,0.217756290395672,0.209452485968872,0.0544610903673421,0.331165644844056,0.485812192921084,0.138700090427695,0.0422584769722159,0.250335794097253,0.455261126917137,0.328600383273594,2.19920191875553,0.310931234264421,0.249228865117453,0.0101221012045394,0.0278912801272064,0.00162017950128013,0.0016869815334292,0.00232594802805115,0.000394739971862068,0,0.00275958614186009,0.000873459199502415,0.00108377810656521,0.00381415924654577,0.00217595822298441,0.00236158872587433,0.00431504223806156,0.00465834519581299,0.00190925983232421,0.00984505914210182,0.0154086564162771,0.000502575745912868,0.00326309279133025,0.00276532658246487,0.00308927283993725,0.00465428261881452,0.00424341648178914,0.00139595114456181,0.00447827528266397,0.00452515175972312,0.00668897890468505,0.0186437679354268,0.00310445516866786,0.00479740668351943,0.026803549841483,0.0190597758264963,0.00124625967580774,0.00692409498874268,0.00248531583206157,0.0277637866660773,0.012311469409879,0,0.0119518540757817,0.00722434366095433,0.00275125177909522,0,0,0.00134149768815253,0,0,0.00258169146547275,0.0120173298477677,0.00726702719315728
0.028287757862174,1.52584288949432,0.0148372128710578,0.0337888088718711,0.0766886559312671,0.153833563478274,0.233590048488724,1.12390383797273,1.7760478940422,3.42097452363228,2.55569995961311,0,1.88228555439993,0.665465758554092,6.66355848509461,1.05871853375195,0.456581049832532,0.115139047955147,0.426634786809047,1.18400193851501,0.446038440074145,0.173100754507256,0.162182901325719,0.0261757618186447,0.00224658638413353,0.00626073707230557,0.031003953910671,0.0116618997873034,0.0135121190459416,0.0665746644048521,0.0599113775953547,0.0137978470014078,0.140436989267474,0.206632204780369,0.240934854923493,0.0817979139773077,0.101747088549821,0.49794490392706,0.159592248250408,0.0468014575446956,0.158769248739015,1.1550282539084,1.44014062318497,2.30759056397651,0.632672914190295,1.0665451846731,0.00493911436977876,0.0412506184865033,0.00225063735123776,0.00777186404539859,0.0013632303611643,0.00286826525265434,0.00078791142232473,0,0.00394829511748485,0.00434649323927672,0.00156005755482988,0.00918447574833594,0.0010982021652238,0.00541785471279493,0.00832059893655634,0.00111700525547875,0.017661979915909,0.0150811296716258,0.00569433767513474,0.00752269299140449,0.00314489236876078,0.00550679000849724,0.00439430166152074,0.0107619575866869,0.0107953938046758,0.0127118037192825,0,0.00113528340437995,0.0151816315135059,0.00460832701427977,0.00287924866986077,0.0472606091533274,0.054730852272008,0.0103545870023109,0.00162839290982487,0.0115666335335925,0.0237961316457764,0.0211657453413435,0.000794701029467881,0.00891819043546183,0.0108467833783682,0.0121586776838542,0.000484269024270255,0,0,0.00223959578676043,0.000927964767492948,0.0018150587395912,0.00637344716858524,0.0103428535376087
0.00792477889132915,0.145953964305001,0.00934888464531146,0.0279668065732367,0.0278183470179127,0.0415296797165496,0.058453362065301,0.0686713296910445,0.101366030212596,1.38459018927479,0.169521404712964,1.88228555439993,0,0.0478582797316081,0.843969992202283,3.14014042907762,0.103202500795522,0.0669022969975806,0.197531165855127,1.98660459368862,2.36546125429046,0.659690417370233,1.1168638668047,0.0534739231576308,0.000628624549096256,0.00170521479574428,0.00818977854960993,0.00578272467263069,0.00682870598453664,0.0737055041890868,0.0763397621510546,0.0372139651613093,0.0234431090874535,0.0530499630372866,0.126236224235592,0.113332506818418,0.028052691440906,0.108832095668287,0.216969509706663,0.056503650464564,0.0221676965483987,0.135431075207818,0.302420281076453,0.100340548172501,0.0694391192109663,0.198861536165572,0.0170295141860967,0.059757995891587,0.00155685289344154,0.00376280080011178,0.000661765934247931,0.000458584822961081,0,0,0.0031929270982219,0.00248659242301608,0,0.000552950177680516,0.000909439154186675,0.00713741568923065,0.00809908535099869,0.00387505077571454,0.0159174994620121,0.0118686022442739,0.00215176997199844,0.0036590023760502,0.00396363592209874,0.00312088713704239,0.0112096921830776,0.00813182430261659,0.0124594322937134,0.0190029565950039,0,0.00211579013665972,0.00431105338875416,0.00129844765582642,0.00260431628375923,0.0304917714004064,0.0421395480677112,0.0093070262814661,0.00293363877423666,0.00732804634423304,0.0146857637200112,0.0305824229811141,0,0.0104143703258161,0.0158383838077526,0.0127531776196481,0,0,0.00356560021657357,0.000625191493112569,0,0.000982529052667713,0.00746343997802106,0.0129068139844853
0.0419215939034079,0.304743462855022,0.00967007843386572,0.0102436443466613,0.0537729317808059,0.0326816629896902,0.0273467619120401,2.36642507183883,0.801190463444192,0.203133381102676,1.66208873498715,0.665465758554092,0.0478582797316081,0,1.55630498428431,0.13355266633177,0.0248990074425686,0.0235947836381549,0.0191335286838678,0.0647279767179882,0.0290024044687748,0.0344291625662302,0.0390712791024496,0.0379375816786156,0.0268344759960529,0.00221180829819169,0.1095520932458,0.00458068966599767,0.0109258716269088,0.0515730373887449,0.030699829048764,0.0133418324171789,0.266351488904824,1.2513933050501,0.73289430437111,0.145307676570857,1.33892728234238,1.64268233109756,0.410106523134527,0.0684362625394822,0.0640309020225849,0.130380207273639,0.0767412614836064,0.81006741282076,0.0550427450607206,0.0617988794408362,0.00554474441089203,0.0243485929382766,0.00742439903983873,0.00630232903742957,0.00163466763552436,0.000325574096124173,0,0.0036381923204391,0.00673645189347721,0.012878297021379,0,0.00344821494256897,0.00310206430455104,0.00114402651915093,0.0035615230574234,0,0.0146865775161671,0.00832127005552546,0.00290034360335783,0.00430901390962662,0,0.00140603439819477,0.00829193510752276,0.00382884879508784,0.00847101710184322,0.013150375457995,0.0112905769415639,0,0.065463487716808,0.00641322657016426,0.00338490058304264,0.0369138402847877,0.0241143704279026,0.00854108334383097,0.0157950619123056,0.0363889500503696,0.0307392277523606,0.018519401975807,0.0329814677714987,0.0132028042498003,0.0227167556134545,0.0164868639766907,0.00130067565755443,0,0.00342322404754081,0,0,0.00122036892006114,0.022774338402724,0.00833364343801762
0.0354367315120123,0.407249056992621,0.0193100243746297,0.0174555298678273,0.0393765677202105,0.0664979588723618,0.0783621249584968,1.0583460857206,1.00656896568006,1.27572896719134,3.46676808368055,6.66355848509461,0.843969992202283,1.55630498428431,0,1.68721527447079,0.118072741631056,0.0947512747159088,0.144102120689173,0.534428941413363,0.238940560899108,0.206581342403793,0.262174792115175,0.0985323090820941,0.00964552190415954,0.00407960209861606,0.07280154063915,0.0113898477895004,0.0234186361635331,0.161957100333831,0.133553606560996,0.0331420970782338,0.14780112336983,0.880586106301294,1.16211170380702,0.465910360648915,0.574907813239745,2.41312537911283,1.18209777704434,0.233708120332079,0.069908067799329,0.294580861451712,0.382975127021624,0.881323585390992,0.14779741140488,0.292379112683079,0.0308296268727279,0.129985786184519,0.00507173005692913,0.010970467902019,0.0056890971023053,0.00324681457225456,0,0.000584144187926794,0.00523955920051099,0.0104165641693675,0.0038188592643698,0.00306892530198817,0.00572847141581097,0.0166824396314124,0.016074661625704,0.00712480944365101,0.0387561151601157,0.032517092268884,0.00937724339133722,0.0210295789818127,0.00890273359070162,0.00487808165269669,0.0140876115639169,0.0209948084033924,0.0201997181400696,0.0519713826084318,0.00406159022392849,0.00863111084992365,0.0373004563798372,0.00283313165696134,0.00765457910553692,0.136065733101278,0.097625607407975,0.0265894526964385,0.00612156138888146,0.0198134302754906,0.0695668736525813,0.0600013137877288,0.00364499602949943,0.0358220883761971,0.0397175233543094,0.0184871993778444,0.000922295267506527,0.00222391783241636,0.000898380699526365,0.00686298391218099,0.00105104165680268,0.00394741004300253,0.0141493169081297,0.0393704163859108
0.0072712952468001,0.0991811077976116,0.00553371363910001,0.0273316610675657,0.0279441923892025,0.0284993690566573,0.0433056751004712,0.101347743624116,0.111228685278993,0.583276045654191,0.206450842320925,1.05871853375195,3.14014042907762,0.13355266633177,1.68721527447079,0,0.0485006518064968,0.0560377303829357,0.117723917711155,0.798379904841652,0.891570292431808,0.426746446517948,2.05371825378723,0.130927570115425,0.00389385210560167,0.00350801135363031,0.0145716148682776,0.00368536964917313,0.00319849510525479,0.106258296518323,0.098268079852592,0.0605673978534751,0.0300981970968395,0.0915043934112605,0.351835757898743,0.394222645213167,0.0598939712562738,0.325779904427237,2.01303014282373,0.746558179746457,0.0343843383505694,0.0561345834968809,0.152740109151665,0.0716949335067094,0.0342984769614538,0.102210905829728,0.0271019055918302,0.205059565206319,0.00289151055047202,0.00684976129850212,0.00183668462900243,0.000385633794044795,0,0,0.00210370565834955,0.00252513813155786,0.0015492325299305,0.00219270227685863,0.00389132478497156,0.00714234424208128,0.00832106216214266,0.00462553228534895,0.0136088917018067,0.0242657019286902,0.00405875666310667,0.00550618423716197,0.00156499719357783,0.00290166498057302,0.0056389158699123,0.0122844230371289,0.0179043769538672,0.0445680308562657,0.000447164353626385,0,0.00645963069264374,0.00150102399728332,0.00172821564957988,0.0491109017933271,0.0505309737572188,0.00905333387385066,0.00122456816764129,0.00588416939377898,0.0243056514815296,0.0574619378606635,0.000961395839466035,0.0175549155430223,0.0255096469442648,0.0270316951062651,0.00300288591153164,0.000776563206498139,0,0.00615095572160904,0.00152800790836068,0.00216666210913651,0.0115699128684692,0.0365265339240191
0.049325009644768,0.847908834735389,0.323642922624856,0.38226013710133,0.106372945168318,0.244226807780823,5.89855664539853,0.226637365104778,0.338717022133119,0.788865596010936,0.0970381458775515,0.456581049832532,0.103202500795522,0.0248990074425686,0.118072741631056,0.0485006518064968,0,5.42152229569862,4.46932670970737,1.04569432020085,0.291123281400509,0.425002098216851,0.030292276120827,0.0170844247355286,0.00542258226292225,0.36694168929589,0.0266262774938284,0.0546298985910694,0.232954994444353,1.44138713360953,1.19892467138292,0.029146831259509,0.0824334438621971,0.206562166702295,0.153956387966424,0.0825804334929183,0.0258224164303128,0.070534750233161,0.0320386561035964,0.0135966808994872,0.0876464664889391,0.893231699799573,1.05916913159753,0.375929243876568,0.231066013520956,0.462779970525596,0.0114190297264742,0.0151086938920432,0.00978004162593423,0.0221288710173894,0.0893142037114145,0.0137954868703383,0.0020292292040173,0.00240701092949338,0.483485984348269,0.00672179796599055,0.00153550131537208,0.0106095228799581,0.0030518793677636,0.0085077795223843,0.00823045251911346,0.00122593583839561,0.0152221639161132,0.00992683737430535,0.624196098620487,0.151460230912122,0.0200729602843295,0.0119559023415859,0.0175904360666866,0.0305331442120956,0.00565130172351513,0.0190855380747007,0.00225612051795629,0.17665501260471,0.0187216477115023,0.042267506974246,0.160340635735087,0.608627385580156,0.83126778061214,0.0143484730760248,0.010769273896641,0.0344576062005761,0.0735136212563931,0.0391063995359009,0.00371710704876176,0.0100617367372332,0.00689530994552723,0.00759494058789945,0.00548124726499076,0.00554954229626031,0.00695920764686752,0.00190473295451787,0.00220361691482531,0.00552123089819364,0.0147506386373432,0.00965230354904017
0.0215543220422966,0.208707746981271,0.136398351968799,0.125968438951897,0.0344567362086041,0.0560220494418859,0.944147057622401,0.088757033858195,0.0554097681943984,0.104437392588826,0.0367304220571865,0.115139047955147,0.0669022969975806,0.0235947836381549,0.0947512747159088,0.0560377303829357,5.42152229569862,0,1.44893357653849,2.12827219800661,2.09885965155559,2.67658738809134,0.041022488533743,0.0775323705972891,0.00235911132322039,0.184529362381337,0.0269510239147863,0.0236793159460104,0.133167711915295,1.25128946050423,2.15760923941942,0.121156694494482,0.0377321340082952,0.139107217887509,0.199948415734433,0.15456523639656,0.0297904351823618,0.0749280680011349,0.0593787991979105,0.0334231764272702,0.0330054043298321,0.13419711948003,0.36198690227032,0.0686363796770512,0.0499904480894589,0.08636575636814,0.0178135604027475,0.0518762831713371,0.00526754418943041,0.0196049208528096,0.037403936228878,0.00558965701220911,0.00120299511472477,0.00362780914558516,0.102017111019482,0.0107502937972618,0.00302674332790658,0.0254120977804507,0.00523915916307433,0.0232815584269287,0.0218573979182541,0.00570831338587509,0.0259276134900565,0.0198400282942251,0.182365165128701,0.129881884263636,0.0148598961630554,0.0210253397217441,0.0210311832307311,0.0725590854016702,0.0196110326632336,0.0485507643769308,0.000542228333095703,0.0794169803244108,0.0338188872616439,0.0171670687526145,0.070854306930924,0.446200321891861,0.905760117576253,0.0307029516995191,0.00800690769408455,0.0299409220481549,0.119169267038679,0.0860034779449401,0.00286144313897933,0.0280018172836932,0.0473717375616301,0.0208642132897165,0.006831564725015,0.0102474488521443,0.00958597996936111,0.00918967608358947,0.000727177401541521,0.0103747612501714,0.0296235319339406,0.0292761109456744
0.0148261995267065,0.437029764367312,0.0436714973812133,0.122185613368461,0.0845106985767168,0.147649142314642,0.689619135164883,0.104839447438921,0.214951231952212,1.18803858347483,0.0907100137764115,0.426634786809047,0.197531165855127,0.0191335286838678,0.144102120689173,0.117723917711155,4.46932670970737,1.44893357653849,0,2.85873887326595,0.721803585053843,0.210892171651425,0.0279038038675482,0.00337549201928373,0.00106313726435352,0.0120374058443115,0.0205267827275227,0.00447392337988353,0.0105115977941065,0.0481526714321683,0.0378202320171014,0.00588969112118568,0.0350994383711915,0.0810681705822795,0.0728070859525396,0.0124122203638793,0.00914286060199297,0.0377344904445795,0.0170388064252842,0.00647825473461427,0.0847578564404264,0.660003151811083,1.47032627265055,0.312228977085754,0.240568448992982,0.73705292492194,0.00113873272706813,0.000947725703103794,0.000584613724062221,0.00299039227217596,0.00752214240712053,0.000724665000495308,0,0,0.00642617954644656,0.000903800321818693,0,0,0.00138766953949977,0.00192778603972786,0.00260961882781946,0,0.00899641689901955,0.00535351044619217,0.00737019746829271,0.00692079654766407,0.00270143444526265,0.00721681307878836,0.0036742129060391,0.00389214860247202,0.00349661306613983,0.00338603806738135,0.00653309141958645,0.00161920010075386,0.00910188489829138,0.00446322199199337,0.00911118806216497,0.0394204875955161,0.0279539018883321,0,0,0.00501464622643804,0.0226876479219542,0.00876418353574105,0,0.00644330528909024,0.00216057411001296,0.00104583246938445,0,0.00303473906111595,0.00295919173215411,0.00303548156060399,0.00350094317906442,0.00104545547666299,0.00273280622896444,0.00228849530370141
0.0250057605707789,0.423326659807997,0.0414799891940465,0.101433063856043,0.0913106453470154,0.116345833726778,0.269408272849218,0.134652545208544,0.217466027928394,1.62916437580759,0.165446914099554,1.18400193851501,1.98660459368862,0.0647279767179882,0.534428941413363,0.798379904841652,1.04569432020085,2.12827219800661,2.85873887326595,0,4.83972165711296,1.41166520381935,0.275411893492465,0.0324988418009645,0.00590049299351694,0.0150775521524926,0.0217022006291691,0.00956913373254485,0.0111779104166498,0.176321142798625,0.141108132173987,0.0247319339306551,0.0439971349864805,0.128241856610172,0.194619516109483,0.0991305444320265,0.027467575841994,0.141570804085014,0.12604648701598,0.0355271765604427,0.0518900574791889,0.475050052091432,1.39233825033924,0.232138723648279,0.213984323865995,0.584872788691607,0.0104942382097757,0.0408352742809614,0.00178499774034468,0.0117874893281392,0.00369273071329178,0.00260178490176863,0.00124735090065137,0,0.0126632028986075,0.00943657573096879,0.00318638678713521,0.0128308538463856,0.00389867575061292,0.0137900917871194,0.0193320630375006,0.00320503236308016,0.0374268550701151,0.0258147836514599,0.00889357063311298,0.0222565273741455,0.0106130340095819,0.0130826939487287,0.00926893902417344,0.0228815761678133,0.0126187492736871,0.0208908459715895,0.00181477786373582,0.0133001890188713,0.0203713558536261,0.00333444492451852,0.00825979584432665,0.103194626741505,0.100974814716202,0.0129703234387504,0.00357337504476845,0.0160500642496745,0.0585926220450117,0.0333354996424551,0.00195209347277746,0.0240336863871403,0.0338072596679834,0.0225346610517113,0.00219237524585976,0.00214034469234345,0.00821832856129527,0.0056292285372025,0.0035983756285192,0.0064617290111917,0.00888620509867523,0.0168853124161515
0.0094916409204223,0.135552580934464,0.0248940503714582,0.0635563288146897,0.031054993783991,0.0642005078588243,0.124111422946734,0.0480585028555661,0.0641719109801633,0.401305312917427,0.0545843701014891,0.446038440074145,2.36546125429046,0.0290024044687748,0.238940560899108,0.891570292431808,0.291123281400509,2.09885965155559,0.721803585053843,4.83972165711296,0,2.80895837917391,0.519624392135123,0.109136764422622,0.00054457454336209,0.00848091241685917,0.00408033136637462,0.00297173752679897,0.0133508095140652,0.164136919867549,0.261483397480165,0.0624864275219032,0.0213269585662784,0.0749294245399994,0.105836899745992,0.161484326043397,0.00926224320843308,0.0693260480802474,0.0929132161446266,0.03850710248505,0.0390357212618354,0.0929209784861718,0.346912575763456,0.0570458722590812,0.0525187365709277,0.107858003773759,0.0344580665549424,0.0459774271274432,0.00140239961779003,0.00235369906792378,0.00366277907098258,0.00183837299792471,0.00203691921162297,0.00101492232766864,0.0055179775964327,0.00527661358894671,0.00346371533213387,0.00185590985706251,0.00281177078803217,0.00503945628810184,0.00944799011020311,0.00407451260710655,0.0221557308543935,0.013629539417923,0.00556104676493016,0.0113117242089272,0.00106621035347018,0.0035166704360042,0.00948160966792779,0.0209125621793131,0.0170146195785887,0.0255492695330416,0,0.00433899876897605,0.00699023598998468,0.000979677932029521,0.0096312539019523,0.0653572151368084,0.0979572601061759,0.0195529593241314,0.00431638808943181,0.00507113964156753,0.0424975726958649,0.0432043765325865,0,0.0138229456505808,0.0139651613787579,0.00789006631865595,0.00178021205039018,0.001642333901756,0.0018685169600056,0.00165835760716801,0,0.00265107972463907,0.0206921474381639,0.0168685449454761
0.0135612859113349,0.0805897986481298,0.0298184307708723,0.0474157772522618,0.0191415569578218,0.021070863018679,0.171750770658799,0.0713194729862497,0.0261285709940682,0.0950240759196301,0.0532469082644781,0.173100754507256,0.659690417370233,0.0344291625662302,0.206581342403793,0.426746446517948,0.425002098216851,2.67658738809134,0.210892171651425,1.41166520381935,2.80895837917391,0,2.7302187020278,1.60352220067543,0.000396875468980566,0.0256687813660115,0.0174315357227089,0.00932636700190599,0.0354704556042178,0.834919490502895,3.90850665113169,1.28681803617409,0.0216314288866465,0.0823293587352105,0.211790857651787,2.01423202165663,0.0174858426907627,0.138084498848547,0.722554982762398,0.584309474279806,0.0134894254357073,0.0468039828765647,0.128831544246885,0.0389588625967709,0.0178937349496935,0.0477648796158388,0.294051595151155,2.18945956550002,0.00587467645654293,0.00919273579731585,0.01092254242802,0.00368405942442922,0.00245494001895308,0.000800684632703547,0.0549691988378553,0.012152795843762,0.00109933193677184,0.0121327223747232,0.0092177091892281,0.0247161419055653,0.0248102392722553,0.00745007916852436,0.050682172889569,0.0498590667527686,0.0921594079065981,0.0896957804486412,0.0101780354614827,0.0169841514316349,0.0303232960154608,0.232443036586634,0.104877811910401,0.252938348635098,0,0.0167458151079231,0.0072949974898327,0.00430231925075383,0.0267578942390836,0.342001681817571,1.26868843321691,0.177485068746805,0.00710603315889372,0.0195902126124354,0.0984903849983063,0.303765852241951,0.00252450955667086,0.0353653330625014,0.0664656240322893,0.121516990745857,0.000720839458077436,0.00720747721491777,0.0072365317942873,0.00371564157931487,0.00124387055604563,0.00481926759025076,0.0529963087187176,0.289507626869561
0.00520471651826017,0.0347149037453846,0.00627015147749205,0.0139706717047071,0.00923329403960939,0.0084056088179613,0.0193412861580091,0.0487792726372406,0.0185891089888137,0.0955969922138171,0.0493663148811711,0.162182901325719,1.1168638668047,0.0390712791024496,0.262174792115175,2.05371825378723,0.030292276120827,0.041022488533743,0.0279038038675482,0.275411893492465,0.519624392135123,2.7302187020278,0,0.515518427375377,0.000404559960898505,0.00260515428237654,0.00745307324873103,0.000686081712421009,0.00141972721059638,0.12536688743455,0.351081226147075,0.195575638223394,0.0106608863152243,0.0620112627588023,0.154264473724432,1.3247371784931,0.0140256861167115,0.147635454822136,2.29146484624303,3.80436450648688,0.00248336461751402,0.0145786613815106,0.0365588430512716,0.0199786306022037,0.0101827813373262,0.0200205980625087,0.0706727696039955,3.3292365201538,0.00119624482269353,0.0029976525284223,0.00188067484063322,0.000904699307127527,0,0.000581496293192152,0.00274524779642654,0.00320629898886067,0.000405725292214894,0.00277198435614327,0.000655185277555911,0.00737713213045136,0.00401656077604703,0.00341293397671968,0.0222371135018253,0.0203322237904056,0.0041263823573491,0.00676931480577273,0.00139321020675641,0.00231518543928224,0.00574994439751521,0.0377664531774453,0.0382993694701549,0.0857672637308735,0.00029186860617986,0.000879400046067028,0.00395487643199829,0.00041699866034413,0.00219531860335505,0.0619143168571499,0.11049433061479,0.0473320434971544,0.00513807716934743,0.0096706671253606,0.0219447534554457,0.147175595908927,0,0.0120966934491371,0.0358740195180593,0.0896747355271071,0.000586416154568836,0,0,0.000387529359450817,0,0.000743334199167389,0.0104607300964713,0.175873961912836
