0,1.99797977157968,3.61064356322794,6.8325594750796,3.95221221869638,1.40629103314545,0.796536986928026,0.431677506745447,0.00616007378732714,0.0106401630848805,0.00030110850048645,0.00789584552208591,0.0116817936267831,0.000585746908838152,0.0196075699739244,0.00892413907535939,0.230663290422235,0.060909461828133,0.0350826509276862,0.0352518941475379,0.0159648529157375,0.0252479468241182,0.0300269381270919,0.0185423819590641,0.9840358764727,0.164526960682469,0.951616775563853,3.55112524807311,3.72409702669139,0.196828627349564,0.0584990436519722,0.00488721003374252,5.46067097143676,0.196225738581942,0.116889869783253,0.0545529034399774,0.00859575568323134,0.0383187832554812,0.0150071885565292,0.0168504423800029,1.96603730436907,0.535313298335667,0.0490015120653271,0.0364822729497923,0.0238320858284644,0.0173345193896421,0.00653221850561383,0.0193694752875047,4.64889805155287,0.0498169703951223,1.79618385900832,0.345256715407552,0.0621988922258496,0.0169094670187882,0.117792820176783,0.00317692272146529,0.000600820436477634,0.00518738107742819,0.000126149207415147,0.00120319007406305,0.00540789996619365,0,0.00104073392043656,0.00182056448130737,0.0802480797568308,0.0346959313911098,0.0278084884913979,0.0200506508988207,0.00820855312407742,0.025146845449258,0.00963018643774007,0.00488498862559815,0.26838927984243,0.223669929599094,0.253808448351818,1.83380606179872,1.9670724942361,0.13226295023079,0.0316717152430273,0.00190787369661583,0.0442082517420162,0.00604034665540964,0.00535062416844058,0.0143292701870685,0.00037331086008169,0.00228754985248341,0.00285560185222647,0.00936645347332651,0.0237853661050144,0.0214478891061545,0.00790935805997132,0.0041568732866299,0.00201916214410232,0.00566763396695735,0.0018566638826168,0.0213178666119611
1.99797977157968,0,0.565161083849758,1.54833659596938,3.72878945896643,1.57526719631071,0.665380023266159,3.90848464655915,0.0423793045580811,0.90117370595559,0.000857149780962851,0.744442796191269,0.337116318902731,0.051277659475657,0.522402722133773,0.209484437848448,0.319483724511546,0.155814428984016,0.0967839099046935,0.681193530395202,0.269614621011988,0.132177315510459,0.304586790699203,0.278327292604855,0.13670377756753,0.239692187081544,0.621103462019957,0.263923670624346,0.651523906348874,1.09290957869399,0.578790521608353,0.0310887767646173,18.6330751926097,2.2685761155875,1.92992357341391,1.35408559416982,0.295394430293836,0.44989453080414,0.494469468815652,0.243193015276271,6.1230379052439,10.1344195637684,5.35208664184813,4.04271211942458,2.92138124150077,1.61971123398129,0.181128434685079,0.151636607122732,0.067502715242382,0.0335371711958336,0.16288848286165,0.0698766854220672,0.0119500116869809,0.00913425078740677,0.142688428851168,0.00889794066653071,0.00158473344916527,0.0270949277020099,0.00160153815424093,0.0187741075981618,0.0734386643159187,0,0.00170362751793614,0.0233335560244845,0.149481160668378,0.130125458080057,0.126318775336637,0.123549372339263,0.0860879579453145,0.130269571161098,0.150353172963397,0.132536439940894,0.0465038725461293,0.117459163027604,0.15321314906683,0.0819565396694862,0.339071866768292,0.486250434202487,0.12802474785278,0.0307574158988147,0.0134562644301107,0.0128366750981575,0.0440862136249788,0.233941051131876,0.000997929302879119,0.0115105086241811,0.042346933872415,0.146442035828242,0.0099123166327862,0.0273685680001689,0.0226964978439005,0.014794856299364,0.0112597979949556,0.027940103349149,0.022936323814688,0.278157505257256
3.61064356322794,0.565161083849758,0,17.6263016264847,0.622646589193015,0.891958049193471,7.02268719969147,0.0808219449275208,0.00297388406055189,0.00294782282269985,0.000310605625932422,0.00846801003933664,0.00799842080034999,0.00194541722722347,0.056994845879263,0.0179910702791282,2.06039417910467,0.679489871366308,0.180636503256227,0.1769971553947,0.0510069383911872,0.104888057334308,0.0393510343019695,0.0287236775152911,0.0620961392262159,9.34164749712295,0.210715018917331,2.37572047661621,2.8684452111522,1.24910728795622,0.261567675480637,0.0132466873189669,0.670665501803314,0.157658484090318,0.176146066123715,0.0532472461393732,0.0161735054129723,0.0552024348245537,0.0210421466128727,0.0187698194193693,0.844674323737617,0.404067440350113,0.0479553793792086,0.00742891711759957,0.00570930031831543,0.00702966995436367,0.0179666672617819,0.0283805845369688,1.52178007542777,0.0373479138446741,6.32612664544801,1.03763175252146,0.0924365230976611,0.0506399332091641,2.39177434431473,0.00664994116645057,0.00277775353616758,0.00972696109352333,0.000434866499916434,0.00327231212817193,0.0108466616295232,0.000572500640576314,0.00237894573783316,0.00331538430130054,1.20764750285468,0.431974600571141,0.134846347884161,0.0647335457053564,0.0489445556052848,0.135745999805748,0.0247165783389295,0.0254109082080297,0.0418305271881794,4.58229461916641,0.132633332048977,1.28973992072388,2.26062796855949,0.613020467486833,0.194404352027489,0.00730295071508894,0.0345784395271854,0.0175497496002525,0.0101470821430654,0.0175874810618713,0,0.00467953429533256,0.00315339468343459,0.0137644647884502,0.0224706950637849,0.0500557334280627,0.020649143736587,0.00419935029947072,0.00107474502263508,0.0127412648291844,0.00749101854136867,0.0542620892976953
6.8325594750796,1.54833659596938,17.6263016264847,0,4.37343322834909,6.54848855072035,9.25761212659338,0.105870268215686,0.0145770849755474,0.0209263050816405,0.000681831150283779,0.0159540901681906,0.0383793768478679,0.00132938153550069,0.0345681747529344,0.0151068146371365,3.60076429179709,1.10897109061441,0.679540401985294,0.430676948653654,0.120158694981073,0.149714271506374,0.112458722650426,0.0743256722769828,0.053290872428593,1.22706478600478,0.139294659481567,1.09405176165343,1.90747301983614,0.791049617545008,0.254819372682345,0.0253237775758992,1.39020458606744,0.101829616704127,0.154858921173023,0.12860982331609,0.00652925806664597,0.0308480852077231,0.0429146452143333,0.0538147970552852,3.02117951406481,1.69124283294756,0.164407192949965,0.0542862389395233,0.0283346094025231,0.0368364825193305,0.0385522763043201,0.0773693405307358,0.385855573918725,0.00546491989242107,0.918226261908237,0.193167262319819,0.0186809276507282,0.00956812445597716,0.325340096136624,0.000924487115231371,0.00100800651306451,0.00160658281994388,0,0.00250315790588225,0.0027095040967691,0,0,0.000701623467535634,0.208883149687495,0.118758335932292,0.0305898172397172,0.0265589161435863,0.0238283556551503,0.0583408613651325,0.0236349149435789,0.0287452329157067,0.0161694089634969,0.611867385286255,0.050310685230297,0.439753625033099,1.21388892147593,0.352760724844442,0.109942871400773,0.00972686117252353,0.00776769998024426,0.0036950289596116,0.00368659494862034,0.035108626259687,0,0.000350259681926975,0.00395432027228345,0.017680779313529,0.00145263137149675,0.012233478463831,0.00760007826944513,0.00121356029643418,0.00053098600730063,0.00594328160815297,0.00880281361999106,0.0926703161642431
3.95221221869638,3.72878945896643,0.622646589193015,4.37343322834909,0,3.42486633714986,0.935899024580325,0.807319992066351,0.0358373543915664,0.05874347484613,0,0.0273704853125181,0.0315691027127691,0.00107744520831102,0.0187698721373471,0.0153880957172197,0.4205772161071,0.11242588301103,0.117369429524225,0.11535856594943,0.0524285725699435,0.029730220465229,0.0490693133219195,0.0471138669034043,0.0780709996447775,0.157001045960822,0.153974862792616,0.294775793261862,0.579357506424453,0.198188487061422,0.0770550875609933,0.0170673467955407,6.35042534778352,0.148859916407551,0.136019504832496,0.0785966176246953,0.00706496013405151,0.0169205738624375,0.0316608908565068,0.0281579064161568,5.96762419002966,2.28758946841049,0.30222963981644,0.33843270665662,0.307838785182057,0.0753279542055578,0.0294698479059547,0.035115590114675,0.0429595228339046,0.00558256352032599,0.116324297766741,0.0316485270658513,0,0,0.0394352131570396,0,0,0.00326749566017624,0,0.000555397458805635,0.00958898951041087,0,0,0.000650244348115836,0.0344910454044614,0.0319958384694875,0.022419416869266,0.0142251510308341,0.0112446491801391,0.0166390267793358,0.0174382687768176,0.0185332766884028,0.00743810356878483,0.123901920376289,0.0295450393725504,0.0995150307998391,0.3406748513777,0.103878768310315,0.0330702486322489,0.00326345402775075,0.00232217881086115,0,0.0111900548574779,0.0208270266590207,0,0.003551654106612,0.00447472177113432,0.0180851682012399,0,0.00356482981644447,0.00355876859527003,0,0,0.00662436644949528,0.014239877888917,0.0412555312588828
1.40629103314545,1.57526719631071,0.891958049193471,6.54848855072035,3.42486633714986,0,1.61554372065273,0.235740483669682,0.0747171841060897,0.113051897193611,0,0.0518580419546136,0.0575097725429628,0.0104110132705369,0.0287215065272214,0.0157238408082794,0.634955350600933,0.196340805835904,0.201698942188415,0.195595157059657,0.0696241486012197,0.0535847286029364,0.0855895237855842,0.0546423631988166,0.0207142238262639,0.199216539319615,0.0772393256593219,0.12479168951371,0.291958086070343,0.212229227478729,0.12238495824684,0.00970806376229483,1.21272013077069,0.0795632258507431,0.218374767479903,0.125495583574848,0.00238370944641114,0.0258030682622287,0.072927194768307,0.0793777945962949,2.09631743878935,3.04717466431306,0.632142397044674,0.622951677611919,0.476408586989911,0.193357165236348,0.0334970534846059,0.0483698290913696,0.0304517908101064,0.00219018893080269,0.0992282061096374,0.0140687757969814,0.00694942351441845,0.0045384846419726,0.0400675156920559,0.00102716336651704,0,0.00337743496984567,0.000885094502459383,0.00368927518725815,0.00787172714579587,0,0,0.000640827894097383,0.0474475128634928,0.0230133104912425,0.0306968008445978,0.0165533143966098,0.0103699599665202,0.0312652881692362,0.0282063066719977,0.0243966263366658,0.0118822559249735,0.0853406693582999,0.015792125640467,0.0502092232997537,0.196074311186157,0.115852982688163,0.038703261410602,0.0107729689038947,0.00186038236081237,0,0.0134588260510974,0.0472647311731503,0,0.00524656369322554,0.0095060838056041,0.0230476065502174,0.0021462161956497,0.000932107447826347,0.00387049723493872,0.0040180583089815,0,0.00435497770033976,0.0223295984854537,0.0725419176138425
0.796536986928026,0.665380023266159,7.02268719969147,9.25761212659338,0.935899024580325,1.61554372065273,0,0.186031128864785,0.0838657179672005,0.0762561912825811,0.00020978269641779,0.0507472024727661,0.0537051833632477,0.00236828318933708,0.055433568847709,0.0175807423953921,13.4471360219537,5.02134790614012,1.85889600911017,1.324815877687,0.374364093728484,0.660629764972379,0.124708633801985,0.0845728785502071,0.016608009577094,1.90475956064779,0.0707210702466936,0.149813795527192,0.669260066369896,2.95732219241516,1.09349951747319,0.0471996268306876,0.650115590851369,0.121501685977906,0.236575987112216,0.187849110401616,0.0130257236144988,0.0605640422854249,0.0523616897094625,0.0656364899067657,0.488609507748725,1.73046115625009,0.52181604371813,0.385563205197763,0.374737256611481,0.133204742675942,0.0448294124802809,0.133306372971939,0.0403608293936535,0.00692285591781853,0.425133792109551,0.0532815818827247,0.0034452926456138,0.00568397879896143,2.32649848475319,0.000786872879224625,0.000228123486648765,0.00574189354106851,0,0.00588220846970317,0.020289201532625,0,0.000300489249096203,0.00489691837152323,2.15311629765363,0.859766472551077,0.107465460029776,0.106777534917866,0.0579263537121667,0.365054330295122,0.078946173728342,0.0541690031259807,0.00656364056080621,0.509778250803718,0.0172437260923748,0.0308468362949388,0.386507428827053,1.34802317653214,0.646953265186668,0.0245405624977084,0.00188034981750179,0.0048083703397097,0.0121784249429848,0.075130689257708,0,0.0047660908115422,0.0113221766860203,0.0366834662558525,0.000868873198048056,0.0128210595112136,0.0110977893979231,0.00107312960734707,0.00192904078693012,0.00835156004183096,0.011263360295069,0.186585307931066
0.431677506745447,3.90848464655915,0.0808219449275208,0.105870268215686,0.807319992066351,0.235740483669682,0.186031128864785,0,0.0879187566067743,0.0443602520259942,3.87274962221332,0.111754894260244,0.0428137305661157,2.2190569420025,0.30099770364474,0.143270069533034,0.248695185004874,0.0400756973127296,0.0543291912024457,0.0723239880905019,0.0386019345758763,0.0291022080334026,0.0420255786364692,0.0402892807822829,0.310964159657908,0.0610251938271301,0.937563904659722,0.0825288813921871,0.153930500020518,0.198634852143658,0.0870910904781389,0.00393093935209712,7.17363555996929,3.21052846652276,0.596381766182009,0.145410044677778,2.63923651273152,0.413075813037193,0.135808861704453,0.0454570638931365,0.463376329419653,1.47872575006777,0.240975839806453,0.876317393739298,0.187174509818862,0.0856190280604777,0.0121409009214881,0.0179273454667191,0.0906453816918426,0.0538503298516895,0.115033472096796,0.108906792032079,0.0281066434609874,0.0383512944254072,0.147190859698986,0.00686830378062843,0.0116242322361454,0.0325638580048704,0.000613737964670558,0.0241146474575236,0.0320528597107722,0.00245176298551955,0.0095261134388913,0.0186622717624966,0.176259448621763,0.0537807056046944,0.163608047583504,0.117789310474662,0.0398841428148809,0.0616278824342844,0.0536241363142221,0.0203160043649896,0.122489398071098,0.0653640820311075,0.381148556084378,0.0574097684594167,0.117281359827799,0.177235959917558,0.053974725324572,0.00295619685333048,0.0390683832196083,0.0518278253442929,0.0411708492374514,0.0552953263540976,0.00226372963092637,0.00916708043409709,0.0210953298426445,0.0441173245737864,0.0171385919100741,0.0538302308280653,0.0489905903405492,0.0124783460028035,0.0109541309927303,0.0424357683285929,0.00298843451962017,0.0612049816497875
0.00616007378732714,0.0423793045580811,0.00297388406055189,0.0145770849755474,0.0358373543915664,0.0747171841060897,0.0838657179672005,0.0879187566067743,0,0.0536999493108312,0.0357956017524866,0.0558329249440032,0.0320027413876602,0.427180341982584,0.0230754132935497,0.0157968300118073,0.225809368328014,0.0159430081532974,0.108985346125985,0.113555643520022,0.0387235706351537,0.00876577035653286,0.0218227995281975,0.00631867545289505,0,0,0.00153269533335262,0,0.00140941592032238,0.00391191879698414,0.00832867128011255,0.00294525191669787,0.0247614251457233,0.00123486645876222,0.00862165696806584,0.0152687759259321,0.0896893930062389,0.0117826049922765,0.0213313256581167,0.00646030457239571,0.00879381352319486,0.8489164484929,0.271669980664641,0.198294796904503,0.22225230045451,0.089805249481201,0,0.00445786159313773,0,0.00150339469301927,0,0,0,0,0,0,0,0,0,0,0,0,0,0,0.000378487612641615,0.0022073807279452,0,0,0.000715727082195403,0.0013109007730458,0.000814149156516989,0.00278215202724429,0,0,0,0,0,0.00216159592239687,0.00245693750221695,0,0,0,0,0.00311103473105323,0,0,0,0,0,0,0,0,0,0,0,0.00442817480518609
0.0106401630848805,0.90117370595559,0.00294782282269985,0.0209263050816405,0.05874347484613,0.113051897193611,0.0762561912825811,0.0443602520259942,0.0536999493108312,0,0.126438568552988,6.39833080421732,5.54784213345931,0.368305073338311,0.750516831960491,2.73076279826758,0.210396540302204,0.0743023260689661,1.21333767448024,6.23696082266357,3.07743878518936,0.593832497072598,2.44168773260967,0.331742239989994,0,0.00180826846851298,0.0146563102356338,0,0,0.109672524197733,0.250687817899695,0.0353669599456354,0.0647436801370309,0.128390641101298,1.42556381821965,1.32276597727697,0.270771888892856,0.47160470671222,2.9050615972196,1.77596987256562,0.0474683521156266,1.84840454047861,3.8080520997394,3.23748571836308,2.04100634431972,2.45331654149476,0.188592394827709,0.23039374692872,0,0.000868252076226983,0.00231073534839865,0.00204292375410302,0,0,0.00404076323209162,0,0,0,0,0.0022566834756266,0.00580682718246545,0,0,0.000858153848336894,0.00559307695320893,0.00568209954106631,0.0152410961890539,0.0138778615392691,0.00728279588327896,0.0184769276759104,0.0240914648239666,0.0867113586584123,0,0,0.00803516685516568,0,0.00175101252429417,0.0325385663435776,0.0208078541046104,0.00781293843379038,0.00113952519700893,0.000944356599221666,0.0122436738226287,0.108659714554746,0,0.0030326100128239,0.0100807954533979,0.0709189137819221,0,0.00411724840122739,0.00467698720198334,0,0,0.00180197610273977,0.0135595433641213,0.202464818530689
0.00030110850048645,0.000857149780962851,0.000310605625932422,0.000681831150283779,0,0,0.00020978269641779,3.87274962221332,0.0357956017524866,0.126438568552988,0,0.216399881246841,0.0591753642874567,4.4154908648253,0.393831921271724,0.0548435951311584,0.000288486736936266,0,0,0.0583996606239099,0.059261247316644,0.00763648876464909,0.0464413247492232,0.00304276907200928,0,0,0,0,0,0.00216275431320391,0.000450148533908519,0,0.00685357327627888,0.0181353981223124,0.0180072609590293,0.0125392807239445,0.0244315852222396,0.0194446570055109,0.0256303539696498,0.0319205819036107,0,0.0024484969946531,0.00374783792084954,0.0728818814617158,0.00640899479952101,0.00464797255299344,0,0.00439210098961965,0,0,0,0.000563208746476154,0,0,0.00192125236091161,0,0,0,0,0.00103132264226951,0,0,0,0,0.00400777117942364,0,0.0012122898223953,0.00265497189562024,0.00133184213152082,0.0006935457949226,0,0,0,0,0,0,0,0.00187445868505165,0.000419838984638744,0,0,0.00260783013064921,0,0,0,0,0,0,0,0,0,0,0,0.00143339611483664,0,0.00245048961456042
0.00789584552208591,0.744442796191269,0.00846801003933664,0.0159540901681906,0.0273704853125181,0.0518580419546136,0.0507472024727661,0.111754894260244,0.0558329249440032,6.39833080421732,0.216399881246841,0,4.57886503596525,0.816566649955492,2.99572062012003,3.09509496702231,0.0595321434540899,0.0337333458750202,0.0830491424967918,3.01761414904611,1.733924482451,0.432687562666333,2.05929227027506,0.293415412241603,0.0100486247239514,0.00484208853331869,0.0172199956472853,0.00150687120068186,0.0101179316957497,0.129386300108827,0.228578985775352,0.0348350585012474,0.088545831321216,0.393274809545728,1.9714404057633,1.45134402575337,0.280190939399395,0.996258091531808,3.47155438926446,1.68088534140377,0.0419552347739785,0.68511719689003,1.35292737554149,2.06047581058607,0.853467386134392,1.07871611512217,0.0969608763598904,0.202653216503223,0.00192396011747172,0.00310320590493068,0.0127214676974577,0.0157714127987132,0,0.00167554969408353,0.0335548182716823,0.00415685549326105,0.00154452153033141,0.00859182987939074,0.000764851229416413,0.00424136104143951,0.0125399462106262,0,0.00337437213396341,0.0113990313331481,0.0513062892141313,0.0271202776350887,0.0773849513632981,0.0788157698541786,0.0323927945114819,0.0305602791920032,0.03984753700556,0.0612073359608168,0.00280650159151664,0.0046521126314574,0.0249239624425978,0.00226536955831336,0.00590501656079956,0.0606452945532737,0.0358513289274658,0.0143527719381722,0.0011188678898038,0.0115279287564272,0.0159785286067153,0.107901434404983,0,0.00385598204305816,0.0115622718260192,0.064898370541792,0.00207497463146604,0.00596575254735182,0.024373327446604,0,0.00307729095707983,0.0203924843626129,0.0130210702313223,0.17615204763902
0.0116817936267831,0.337116318902731,0.00799842080034999,0.0383793768478679,0.0315691027127691,0.0575097725429628,0.0537051833632477,0.0428137305661157,0.0320027413876602,5.54784213345931,0.0591753642874567,4.57886503596525,0,0.254401390282922,0.482619392220335,2.09695358470097,0.0906349022454406,0.0689696586055449,0.212808702650621,4.25448202491012,3.53079795536492,0.910929068128945,3.57948997190039,0.394968482712714,0.000840071006809939,0.00518687767166997,0.00543572964225096,0.00208060144547557,0.0035109655879463,0.11586032343833,0.26118195036169,0.0710335233431376,0.0635054763740543,0.145928169735324,0.908471739014079,1.47897039266962,0.16710318339695,0.290442446543274,1.901559076106,1.77144611609055,0.0286361019969608,0.41597223029686,1.09749820895411,1.16845393820536,0.445019438259704,1.26188346981691,0.137713748354756,0.368744484195001,0.00014439365521334,0.00166893223816485,0.00653439451530683,0.00253265059783336,0.000844678913958143,0.000710716210038043,0.0101006121493718,0.000813587042638855,0,0.00505106913117387,0,0.00328627907917878,0.00591339693792005,0,0,0.00658792645629425,0.0227638707059524,0.0122211033169593,0.0328123894370009,0.028568774559579,0.0130593077562877,0.0353626866045354,0.0373580570478775,0.0686220546097711,0.000669213700311783,0.00552809545403982,0.00483713758965001,0.00105474109500936,0.00685925574836747,0.0242670649334143,0.0340629003545356,0.0141433988729923,0.00103922103789528,0.0025520315937792,0.0154497784500193,0.133638803418378,0,0.00231176769793506,0.00761864088746966,0.0688141060230997,0,0.00193236115041123,0.00723769441835864,0,0.00352400402290698,0.00156457325107273,0.0141472642124131,0.281757949807517
0.000585746908838152,0.051277659475657,0.00194541722722347,0.00132938153550069,0.00107744520831102,0.0104110132705369,0.00236828318933708,2.2190569420025,0.427180341982584,0.368305073338311,4.4154908648253,0.816566649955492,0.254401390282922,0,0.8237868142621,0.165490557709881,0.00391396545373397,0.00070925980196479,0.00601477351404528,0.12661770842981,0.127351441240344,0.015403814472428,0.114373405925925,0.0181472805227151,0.00201668987177123,0.00420443317208574,0.00762415284293466,0,0.00277038199276597,0.00691493525146325,0.00354376864426244,0,0.0442903493353773,0.139832376626481,0.068336241630044,0.0333530418539917,0.381864481821112,0.226840517724077,0.135627337441438,0.0725114079985046,0,0.0104440414745665,0.00931820139976303,0.981712420316863,0.0131507703200444,0.0226433745672887,0.0129240945073688,0.0128478723664117,0.000706683985326209,0.0020475677776004,0.00411306149275709,0.00437746722940285,0.00252086424914386,0,0.00928503384503149,0.00564002690372455,0,0.0014569120855648,0,0,0.00481162041967997,0,0,0.00125549075564826,0.010577830086069,0.00538091633432249,0.0251590805817335,0.00759445530164392,0.00447064986684545,0.00289273090207453,0.00473454242803717,0.00540144432984957,0,0.00339293008644458,0.00848400272717822,0,0.00257492295142311,0.0109494920377366,0.00238229075735691,0.00120266029346913,0.0015746132186526,0.00772696116187659,0.00597320500537926,0.00682913126142727,0,0.00177279623721459,0,0.00673698946817149,0,0.00370697320874047,0.0155762158637884,0,0,0.00793914792976277,0,0.0107041127222747
0.0196075699739244,0.522402722133773,0.056994845879263,0.0345681747529344,0.0187698721373471,0.0287215065272214,0.055433568847709,0.30099770364474,0.0230754132935497,0.750516831960491,0.393831921271724,2.99572062012003,0.482619392220335,0.8237868142621,0,1.25184101517955,0.065393768763273,0.0348456126714833,0.0144342865542026,0.25392446739858,0.177449772188895,0.0649510115396236,0.329264261332878,0.0584812219766411,0.0105395863971831,0.0912997056637174,0.0752875241122021,0.020877607100971,0.0472168254998379,0.16582148605765,0.0918976305449749,0.0148389864755454,0.25906779798121,1.22532699029064,1.63141903352546,0.526769027200559,0.99540858434802,1.68657774298874,1.81839086444079,0.403133256250469,0.0439409946134198,0.124712073158585,0.113589943593699,0.651092424012629,0.0493993355331489,0.0706149121463002,0.0362062180400431,0.0427375052943234,0.0196131845124628,0.0490109593560884,0.0754785022434776,0.0569867083908914,0.00679311939327747,0.0174848325448496,0.185627360494888,0.0176731832879756,0.00460800393802495,0.0426281710410862,0.00886284422706837,0.0349641624613807,0.067667330106209,0.0105355248482125,0.0205952352600368,0.03125289608241,0.330230056879969,0.178158705050602,0.551294049972054,0.390057873814122,0.194417246137057,0.0997920740245093,0.058656100304287,0.0455660111639865,0.00985351796075576,0.107076332288834,0.118101284406121,0.0131337238255862,0.0484018875806226,0.213712124080377,0.0706763000556923,0.00728447878003934,0.024854704812396,0.0529392964963439,0.0464653777187628,0.0577404058642979,0.00926166701550751,0.0338880679610105,0.0415184718809485,0.038806107130236,0.00682559500406508,0.0465317341112195,0.104272431651991,0.00929632090884142,0.022158700184063,0.0526582297409328,0.00228474795640832,0.0631410074823967
0.00892413907535939,0.209484437848448,0.0179910702791282,0.0151068146371365,0.0153880957172197,0.0157238408082794,0.0175807423953921,0.143270069533034,0.0157968300118073,2.73076279826758,0.0548435951311584,3.09509496702231,2.09695358470097,0.165490557709881,1.25184101517955,0,0.0379917138999824,0.0147778593355041,0.027147606320636,0.900901955010129,0.654796343430245,0.18485128529459,1.54149290397839,0.185757119507266,0.00720325581658583,0.0150134786950728,0.0473374306829853,0.00682579304303044,0.0178940850736676,0.0711735389312972,0.0896296672532229,0.0202158702898904,0.1359981756209,1.07753471869114,1.46317942851527,0.793232451445757,0.189683832648197,1.1311708342089,2.9391971369879,1.67303857935309,0.0210794336011333,0.102239551322537,0.300991935088138,0.595075501019494,0.143819043053615,0.33510112511375,0.073955145598298,0.142824384094503,0.00717064616893456,0.00840996284722679,0.034334070667349,0.0259389621446119,0.00182857734936206,0.00566246976476677,0.0461027454843615,0.000537179894019708,0.0026685153289423,0.0147944380455369,0,0.0130645523828426,0.0263532989813509,0.00224874423692289,0.005449884509643,0,0.0783440144909349,0.0264550679927989,0.129786189594069,0.0991206473831248,0.0371250982504601,0.0342633874098706,0.0242933232750012,0.0345578072187984,0.0142952454038329,0.0184158811859029,0.0303131704423954,0.004195561669923,0.0244994332744638,0.0617751479337453,0.0173434171019791,0.0164245434930037,0.00524576905766516,0.0279531216056317,0.0173068979182813,0.0945423766623684,0,0.00740696028805127,0.0161197785088422,0.060215124314795,0.00107974991455023,0.0233261433473025,0.0332863569854328,0.00188483631914216,0.00314576750234143,0.0204691738234719,0.00547621746804428,0.125752541142384
0.230663290422235,0.319483724511546,2.06039417910467,3.60076429179709,0.4205772161071,0.634955350600933,13.4471360219537,0.248695185004874,0.225809368328014,0.210396540302204,0.000288486736936266,0.0595321434540899,0.0906349022454406,0.00391396545373397,0.065393768763273,0.0379917138999824,0,14.2850924067802,10.6482803754901,6.24803293877793,1.83620571156875,2.06999838662814,0.180391954278018,0.111755424029936,0.00503766825083705,0.603665391972628,0.0467786742299372,0.0436945372176785,0.187622459627535,2.31653774175856,1.87838043385743,0.104954651304571,0.327132501981728,0.0767703404506329,0.253914932500516,0.192399785757941,0.00996678133338191,0.0460218885951925,0.0672886374271524,0.0866938646575053,0.179095783362388,2.85173133887481,2.86111725573931,0.638622459071712,0.359059900003994,0.579223643809439,0.0535610863922906,0.228589422867777,0.0100201011103012,0.0035828433815327,0.0910819409480418,0.0129969827255146,0.00186672984959328,0.00166203850846452,0.901942694584313,0.000329830162731134,0.000339624257357948,0.00442171328310002,0,0.00483468114491566,0.0149665674176526,0,0,0.00466131928312266,1.66267989962231,0.996739970035851,0.0689524436711023,0.0851908906717517,0.0705424968504065,0.582674530238795,0.0989644692548541,0.0691128770556517,0.0025401690932797,0.1322745573727,0.0131931643910012,0.0109314387463638,0.116267905679993,1.17436279600999,1.0882201202785,0.0551090892203567,0.000359122812998054,0.0018338457380432,0.00900466389549326,0.0968567373908295,0.000372820598589917,0.00322530389336154,0.0162674627147971,0.0497496251855688,0.000725992734876495,0.00624505477660962,0.00866162140527304,0,0.00130782741659404,0.00470131554933675,0.0172132148190084,0.280852325566169
0.060909461828133,0.155814428984016,0.679489871366308,1.10897109061441,0.11242588301103,0.196340805835904,5.02134790614012,0.0400756973127296,0.0159430081532974,0.0743023260689661,0,0.0337333458750202,0.0689696586055449,0.00070925980196479,0.0348456126714833,0.0147778593355041,14.2850924067802,0,4.15204444423865,7.14393994518734,5.92700165983432,6.38165111781236,0.161970352394846,0.157318044404821,0.0026899297058776,0.174460397109321,0.0115815845456007,0.013246772439607,0.061350281241967,0.740111871748866,3.23000182883763,0.428023331013369,0.148952247374098,0.0349103026612317,0.17534932982718,0.165023532689408,0.00832270585216632,0.0310454822503845,0.0366603273876246,0.0617207943514222,0.0806225213795844,0.394207002979394,0.648761864428442,0.066418309388263,0.0325222269244634,0.0965066121048814,0.107572652785895,0.482687993358808,0.00484860861543105,0.00712611996036915,0.0264268695439983,0.0047738401883392,0.000626544903221699,0.000670441732337681,0.209071419162317,0.000279944058435257,0,0.00807023724707162,0,0.00290712445897129,0.0181274794247137,0,0.000683242759973224,0.00335731577763823,0.552290171163594,0.581321207407298,0.0565974909843676,0.0852269710662728,0.0763436864830441,0.618100764063872,0.103053303584338,0.10171149955343,0.00117072562831561,0.039461303282577,0.00462561284123326,0.00457983227503801,0.0469017292427192,0.373462503497841,0.725104732619397,0.187175757609742,0.00124332965028046,0.00437319056217115,0.0134986164585034,0.0876177121651536,0,0.00154725014170451,0.0122739050876762,0.0568108909293258,0,0.0049216086787234,0.00450947226926304,0.00222084281743081,0.00183435743452907,0.00461167651660973,0.0348934889692738,0.51165412741787
0.0350826509276862,0.0967839099046935,0.180636503256227,0.679540401985294,0.117369429524225,0.201698942188415,1.85889600911017,0.0543291912024457,0.108985346125985,1.21333767448024,0,0.0830491424967918,0.212808702650621,0.00601477351404528,0.0144342865542026,0.027147606320636,10.6482803754901,4.15204444423865,0,17.3673228982002,4.3684917277335,0.697044831592066,0.168692152519332,0.0653064134908976,0.00291010232718535,0.0308138396874221,0.0183240253237167,0.00578481250824646,0.0120112917322486,0.127663418625964,0.253157531794729,0.0737805403648225,0.0570828933686481,0.0158430106322205,0.0598533346401011,0.0750172821408046,0,0.00900070642317923,0.034289869137812,0.0622758581741958,0.0657350010102508,1.61587075295891,7.9997540534944,0.386890356044021,0.234422351033841,2.10557425163809,0.055198033723082,0.137143353374551,0.00100137256864418,0,0.00480583571470969,0.000470813102181219,0,0,0.0173648119381124,0,0,0.000972137992180204,0,0,0.00296375176446038,0,0,0.00061961376803088,0.030115765345858,0.0415246373604206,0.0129681865651438,0.0111799393985205,0.0133131089124694,0.0622075311388103,0.0262800613469361,0.038672593980666,0.000831335040544001,0.00295327691938514,0,0.00206978384594517,0.0108131868761979,0.0491704435503838,0.0625296937206916,0.0329716750665606,0,0.000582438725523368,0.00432521578538,0.0272949684975916,0,0,0.00590129151897139,0.0147147351793772,0,0.000525530399945552,0,0,0,0.00148165133599802,0.0085062093530226,0.141892271231754
0.0352518941475379,0.681193530395202,0.1769971553947,0.430676948653654,0.11535856594943,0.195595157059657,1.324815877687,0.0723239880905019,0.113555643520022,6.23696082266357,0.0583996606239099,3.01761414904611,4.25448202491012,0.12661770842981,0.25392446739858,0.900901955010129,6.24803293877793,7.14393994518734,17.3673228982002,0,19.1254212107325,3.52529036626735,2.36874993158067,0.362202731241032,0.000717102399329012,0.0283515098607378,0.0179096162547057,0.00479879213889211,0.0106308548408099,0.231844272011674,0.81260705573998,0.271517410577972,0.113596123674914,0.0850036360196292,0.764112594771513,1.20083401913201,0.0687443678238274,0.164604711024953,0.968801762291051,0.995424314836325,0.0656764990742245,2.13422642651813,9.22672890295941,1.50869203049408,1.12790363345559,5.13145637305162,0.21564269006153,0.656942979816287,0.00157469764733195,0.00310942108219353,0.00494549580194958,0.00189867219382316,0.000967033308066287,0.000946073551450599,0.0262799208675965,0.00102497709134065,0.000940451511952489,0.00128297084430325,0,0.00122267081213267,0.0157790350453203,0,0.00209243186444123,0.00403141769191478,0.0641798650943312,0.0749293032112541,0.0364249054249291,0.0389144309446997,0.0213912646072612,0.176091947099315,0.0775853242221948,0.118667539700069,0.00312017525767583,0.00784957174803935,0.00755479804342221,0.000849988666951823,0.0123414352336796,0.101900747573781,0.149116691414021,0.0735976682368819,0,0.000605664754269375,0.0120857106607604,0.126073089591619,0,0.00213095340440649,0.0135155583064526,0.0804730180002353,0,0.00533348303106235,0.0025873826788754,0.00421841069230711,0.00369362159187488,0.00397913053942106,0.0235356721385013,0.531714232364704
0.0159648529157375,0.269614621011988,0.0510069383911872,0.120158694981073,0.0524285725699435,0.0696241486012197,0.374364093728484,0.0386019345758763,0.0387235706351537,3.07743878518936,0.059261247316644,1.733924482451,3.53079795536492,0.127351441240344,0.177449772188895,0.654796343430245,1.83620571156875,5.92700165983432,4.3684917277335,19.1254212107325,0,10.1117567747226,2.52182587949319,0.32704693236424,0.00203515210793909,0.0108248373136339,0.00482987436336516,0.00248952081523088,0.00969313469782896,0.118916382235972,1.18595302826119,0.524917672987828,0.058732809023972,0.0587564335762227,0.35486858901748,0.586304864864342,0.0542308641320816,0.109071937361783,0.517982204715205,0.732894785078382,0.0305009537085698,0.810084140775955,2.69425298944941,0.692476263728772,0.490130939110174,2.0445168451972,0.255185114736996,0.989878249738104,0.000703650130869939,0.00152386808183836,0.00456022700029549,0.00196116461510683,0.000855756069238434,0.000384432506667989,0.0180796389656068,0,0.000498031697012867,0.00116230924139571,0,0.00192008387072908,0.00644081402718103,0,0.000549199489372321,0.00261322488548607,0.0491245696871423,0.103075764500044,0.0349425209831036,0.0271676970412705,0.0304019205476889,0.258125176449243,0.0527628311523657,0.12019308881062,0,0.00707448182792809,0.00505678617842907,0.000341109211066601,0.00465940507395889,0.0829428303126921,0.228140586907807,0.143133850426454,0,0.00538314730361176,0.00713861452454122,0.0948805439374741,0,0.00190817944983882,0.0124313215621973,0.047631871339206,0,0.000463379758437445,0.00312043544129852,0,0.00224985437680167,0.0050637487911559,0.0224075321012218,0.706475628354829
0.0252479468241182,0.132177315510459,0.104888057334308,0.149714271506374,0.029730220465229,0.0535847286029364,0.660629764972379,0.0291022080334026,0.00876577035653286,0.593832497072598,0.00763648876464909,0.432687562666333,0.910929068128945,0.015403814472428,0.0649510115396236,0.18485128529459,2.06999838662814,6.38165111781236,0.697044831592066,3.52529036626735,10.1117567747226,0,2.33743956616557,0.899966516695714,0.000392400696439664,0.0501635529920514,0.0115663794660464,0.00519076045641666,0.0236341441899529,0.298702710468802,8.9257369306857,4.9514271724448,0.0806167953955252,0.0408697009631949,0.162614653724872,0.399180364249986,0.0177399899426384,0.0364596370762003,0.191290095942042,0.432400911780761,0.0189716716833894,0.249816515011779,0.472959313012303,0.143180107670927,0.069249959306124,0.303388690371245,0.23789505179235,8.54082660669171,0.00244083496469255,0.00178700547393375,0.0165572863253003,0.00551387046700118,0.00089019010552582,0,0.106911927700742,0.000585987781592232,0,0.00528169686659773,0,0.00508563246952737,0.00930914765129469,0,0,0.00310346891829574,0.395278827060775,0.535483131307419,0.0559499923777827,0.0691325305273093,0.103512177190913,2.13898394285513,0.176025307005315,0.202722456783131,0.000243648754574693,0.0128882314417657,0.00316215881343396,0.00046162296366813,0.0134867678857183,0.179051216523138,1.66726781682519,1.08875128392482,0.00201939749465429,0.00255245215373374,0.00949230349617822,0.13284697856259,0.000272610133418245,0.00114080659560812,0.0146310423837659,0.0779230052978657,0.00028975865088008,0.00136519410589334,0.00294260697306742,0.000275393479065925,0.00163306753721199,0.00215340563501378,0.0439460132706177,2.82718226833185
0.0300269381270919,0.304586790699203,0.0393510343019695,0.112458722650426,0.0490693133219195,0.0855895237855842,0.124708633801985,0.0420255786364692,0.0218227995281975,2.44168773260967,0.0464413247492232,2.05929227027506,3.57948997190039,0.114373405925925,0.329264261332878,1.54149290397839,0.180391954278018,0.161970352394846,0.168692152519332,2.36874993158067,2.52182587949319,2.33743956616557,0,0.791752681107865,0.00631301372073322,0.0071727947822342,0.00988680374578678,0.00529720259803591,0.0155420229700217,0.16499386391024,0.427681060827254,0.181162550215904,0.103158484291806,0.147868632969569,0.568377357515133,1.92618271680484,0.107058383189228,0.251425133833633,1.90476958139535,3.71903028891936,0.0398043214634118,0.375215768107045,0.589980876654911,0.472311288031327,0.191498510375162,0.505674368813023,0.209984173704793,2.0680204390129,0.00383516651009175,0.00359517928047252,0.00788100723339029,0.0039371162467996,0.000353467892654585,0.00268150966446973,0.0118623397028196,0,0.00181584694884829,0.00549537615161122,0.00063032713867299,0.00972912862998387,0.013305512188448,0,0,0.00528502960331443,0.0169304579509298,0.0122384389791932,0.0188056272756655,0.0254471644961723,0.0111803476986822,0.0882734830440506,0.155155107391734,0.243445190856325,0.00159208008505794,0.00368717058522405,0.00792703887190554,0.00556317791762179,0.0106475013676679,0.0668782324253151,0.0840294155682306,0.0306402148501676,0.00389874734360379,0.00526828171225707,0.0313134374362207,0.380914399019659,0.0013790696832159,0.0065302426836228,0.0302115249451743,0.263800459371918,0.000393781675939231,0.00614443569612219,0.0118349547057421,0.000754599730515039,0.00129547222660503,0.00578888813656447,0.0253047592656277,1.07145195525709
0.0185423819590641,0.278327292604855,0.0287236775152911,0.0743256722769828,0.0471138669034043,0.0546423631988166,0.0845728785502071,0.0402892807822829,0.00631867545289505,0.331742239989994,0.00304276907200928,0.293415412241603,0.394968482712714,0.0181472805227151,0.0584812219766411,0.185757119507266,0.111755424029936,0.157318044404821,0.0653064134908976,0.362202731241032,0.32704693236424,0.899966516695714,0.791752681107865,0,0.0022254075127954,0.0120584583607569,0.00822779106256707,0.00817734021407158,0.0155224050374725,0.396245490460053,1.32899068610666,0.933031997484078,0.127273818603394,0.0481752537283879,0.721845471418977,4.74292471798445,0.0389576734978513,0.0535987787314911,1.2196200174591,1.43949108368395,0.0429704539022158,0.243190816016672,0.345333028912973,0.227685049565483,0.124651077511652,0.19666119743007,1.78045845855945,2.06861791312206,0.00235057123009658,0.00597001541739522,0.00452707634678215,0.00113172494349461,0.00301257961927126,0.00228161504984958,0.0131340633814527,0.00112932502374473,0.0029867108430911,0.0196991987837379,0,0.0216867282313449,0.0343386875736515,0,0,0.0338942211344495,0.0257512791179842,0.0384177854188121,0.0172206630384765,0.0191770597793663,0.0436207327431498,0.356058841869693,0.577138513192269,2.91322193494059,0.00125903930106719,0.0143538201706065,0.0177343072065726,0.000453697304341527,0.00878621400368841,0.123260221772353,0.292335931195068,0.293557405588188,0.00630433144000291,0,0.0662147442418289,1.48410952755241,0,0.00588347430701998,0.0797986843690957,0.760608693785391,0.00243003114841316,0.00554948839129599,0.00557421568348707,0.00886389795892776,0.0152459585010283,0.0197351441466972,0.424305523953311,3.49459282970932
