0,2.01799047147646,5.99030724695777,8.97709891675642,5.40135071631375,1.73678424406455,1.05036647801636,0.900458147179327,0.234487968999536,0.0488463584110331,0.221771428109483,0.0762163292085346,0.0301389903124945,0.0415536215643873,0.0276125564558932,0.0130705424479707,0.276738753036738,0.0888087622611505,0.0415594098283018,0.0557343752339049,0.0241712717503717,0.0319710520244563,0.0100215708416022,0.00852122009273134,1.56466667652322,0.189479413957465,2.11898407872251,6.995178560844,3.68611786708834,0.23318657212072,0.048670668720866,0.00343184516407827,4.64574761211079,0.410869691693402,0.106621940829926,0.0363670370618365,0.0328611274150201,0.0438324708005971,0.0410558583884304,0.00427068396418972,2.0118557392054,0.496323089516756,0.0809810314368085,0.194306100972208,0.0524758878407607,0.0534103604531662,0.00391484215712281,0.00335798873458826,8.9431898057497,0.189426062856786,1.13683234420886,0.156559730230832,0.146733314375703,0.0308462786412431,0.0380910123443183,0.194646824450184,0.00819265180667693,0.00292636025706984,0.0102178673286638,0.00368851523951849,0.000812622783924244,0.00756497070254145,0.00507300104355578,0.00261529860041635,0.0113633321941608,0.00484236391981557,0.000739313635929299,0.00450426605231322,0.00163155333429773,0.00401129979736895,0.0119958617032233,0.00197020312209386,1.23269901978823,0.0611994860772405,0.9974336073556,3.00440311717483,1.40005688969073,0.10447187587699,0.0241674161572797,0.00270978773630415,0.559210540158828,0.306363330836367,0.139652081114446,0.0607296455015945,0.0434421475020011,0.0447781040788454,0.0206160255630712,0.0234066647410639,0.0268847993202301,0.0184205330054836,0.00542471910286798,0.0146444169433558,0.00711574808983582,0.00619090862700041,0.00195705142959726,0.00984010121269629
2.01799047147646,0,0.635333732769486,1.95172751318601,0.567016747239951,0.522416584053516,0.720268458962077,0.752583270612892,0.440043099487853,0.304461632788535,0.511691569661827,0.37143553168485,0.190405046269189,0.176479974147594,0.223603385480809,0.0966636340333776,0.444091859350553,0.121355084772985,0.187568663589463,0.174228606971294,0.0508341488871013,0.0557154321081293,0.0427089938901037,0.0266245742083684,0.334530571618003,0.156360781795134,1.22924864166401,0.652269154431693,0.982614983048155,0.292379722599645,0.064154099180485,0.0172742259521094,1.29186953586282,0.939071617831812,0.559541186725973,0.104930485233455,0.123263029020266,0.253509805347736,0.182048486827089,0.0253404973878026,0.469441646670921,0.602391747233924,0.268879196989231,0.392965255186646,0.171966225513381,0.259768606876359,0.0109867098791527,0.0153787634311008,0.231754330943681,0.0762531553212279,0.0756394649710523,0.0501116651566368,0.0462414920461146,0.0260877734311239,0.0260585560607874,0.0590251532964281,0.00539568664194358,0.0107251760035822,0.00804451248762011,0.00167547815816502,0.0054841536420784,0.00882571643176165,0.0126304874019156,0.013951330217735,0.0105641819383491,0.00289729173137868,0.00270795768589496,0.00139572805258572,0.000477836994141192,0.0138944233411109,0.0136178001191439,0.00463423671886522,0.197287122352137,0.0489157291430983,0.403665235262072,0.236734338288623,0.39211952421768,0.129569439628245,0.0489542977011482,0.0118557904657301,0.144480683980191,0.122688500868738,0.130560862188743,0.0892573267380782,0.0170370008852401,0.0716212000906454,0.0405327537021267,0.0285348329450296,0.0115421583649301,0.0147904988204114,0.0074820301029413,0.0298899601393364,0.00171093167210353,0.00875408695575437,0.00776539637556922,0.0336434452686006
5.99030724695777,0.635333732769486,0,8.02209378184747,0.141320460977478,0.229238178125372,2.51560538497685,0.0563892979112677,0.0391060518778394,0.0177282435486963,0.0256685229994683,0.028273819361643,0.0335607505837479,0.00325895102499036,0.00945195539006741,0.0197063973827572,0.917488370935235,0.379565155313834,0.085817072006606,0.103917261703977,0.0478685094059946,0.101361173603942,0.0153611481762658,0.0365642818505938,0.134803292263028,2.63690863843791,0.442144704132391,4.672283361972,3.11387763299379,0.922556345290753,0.172635144107145,0.0263273513705024,0.244323518913526,0.0917499541093253,0.0839965518295779,0.0448072263266506,0.00658884338099973,0.0210912737397538,0.0580230340076963,0.0115788488750774,0.187731896979038,0.24475789763679,0.165919668928103,0.0394990840738865,0.061743552111698,0.0646810182877722,0.0143446594629196,0.0086232668954505,3.03479008404051,0.223393811163353,3.04890779722163,0.559540008266818,0.189897861207191,0.0853141538098147,0.219833426882013,0.116043819501243,0.0184593324754027,0.0115181778752002,0.0181457804322419,0.0077000637654206,0.00636626936319953,0.00750385518112617,0.0143327622437524,0.00533575308040943,0.0415388089063199,0.00943539054048007,0.00862269648811247,0.0065406357192178,0.00545373633040502,0.0123447281134518,0.0114399576229726,0.0136120512405518,0.105505683552385,1.47677766113833,0.349994208007634,3.46342878144907,1.61952565501274,0.32878809379578,0.0870238797216629,0.00865548389587963,0.200929650803665,0.259115870392584,0.249963630978241,0.0816588780561942,0.0114756840399247,0.062661971584449,0.0299170111647328,0.0189040789046922,0.0606039945761486,0.0372874579485348,0.0179967771293882,0.0260727072333554,0.0278709610344708,0.0146372597754862,0.00874414672167251,0.0112759916188232
8.97709891675642,1.95172751318601,8.02209378184747,0,4.20370682451046,5.29007708579294,8.7364786432189,0.356715347773982,0.240546703879913,0.115509536479078,0.218136225159841,0.108921375206787,0.0911646780653065,0.0294083241834047,0.0542322306413497,0.0388303209582944,1.94296423698441,0.349924585190335,0.288755153008189,0.177208044254827,0.0751761062020921,0.0835636796970036,0.0233162889515059,0.0316680333628956,0.230013936079948,0.974276684162086,0.915429589022543,2.41628640769912,3.21538090356721,0.818216871470455,0.139101898799831,0.0212582880745002,1.02739157170258,0.523301791481102,0.416007499189422,0.100606417091849,0.023419457183268,0.080043677696267,0.123575651371064,0.0156654656008699,1.59265152370892,1.40971116915729,0.504427055410957,0.257088289032684,0.230846386858493,0.203022321809929,0.0135030260226209,0.00971099210914315,0.340871450091726,0.098286635098506,0.227778448417136,0.0946606728522899,0.0777280282057124,0.0157187388945657,0.0561418238585681,0.0589420083403489,0.00919744248338683,0.00940602458361355,0.0042056105473838,0.00191159956877389,0.00595806217162481,0.0055830276537699,0.00782021559123922,0.0112870983255865,0.0159460559340049,0.00811698836264958,0.00217260695273705,0.00568657750961021,0.00406665925329375,0.0157075431400363,0.0163649665394993,0.0112071794820881,0.172209008529511,0.131764293306736,0.354585138052193,0.385381873833132,1.02104207421874,0.301860296037997,0.065029633396724,0.00563078669555376,0.121071399425523,0.150423726658828,0.145293828961256,0.105377872458325,0.0205101051667759,0.0609795058299711,0.0390645681721208,0.0250748323698012,0.0161071568785221,0.015265813023797,0.00695513211631065,0.0191662879352019,0.0146499047914835,0.00852550825113953,0.0081300534798571,0.0147382251877199
5.40135071631375,0.567016747239951,0.141320460977478,4.20370682451046,0,3.06643958777279,0.5434150602012,0.573556322634999,0.474523406480769,0.0259034827440461,0.26786516126806,0.0292456442850905,0.00711694251932841,0.0351016649269487,0.0160594757071226,0.00945373011959139,0.0727943779236288,0.00972026131716305,0.037872954779831,0.0250671638483737,0.00496409800262063,0.00236103921023877,0.00229989017090324,0.00657911160337479,0.0743725899902065,0.0173630208115495,0.384897261079547,0.352092448905841,0.295141724840618,0.0166967083101472,0.00339041550181077,0.00129936514421979,1.61055402856984,0.182220929977425,0.0563407103997949,0.0139716523169115,0.0108257557935312,0.0201244547274066,0.00750373930620828,0.00462918777112133,2.2177216284761,0.72933908489516,0.0530147423967093,0.385873270506616,0.062308424529476,0.0503027245343197,0,0.00106534332676025,0.0571002318590266,0.00857987649422052,0.016512497624363,0.0071209655941365,0.0113817378557312,0.00692252972373475,0.00204802554166925,0.0109080782672372,0,0,0.00440427057402748,0,0,0.00203511190044137,0.00108154848373362,0.0044754282774441,0.000489117222403055,0.000684991319998496,0,0,0,0,0.00133733281368419,0.00199902352615977,0.0786513338465088,0.00319557519443903,0.145260178108002,0.0731270717353631,0.124874909407459,0.00192223652826451,0.00238149839058783,0,0.0279420875415862,0.034156349783581,0.0226975781856626,0.0153369677918893,0.00676529000027704,0.0173038157647799,0.0135193849134354,0.00135340462112596,0.00667708074877255,0.00075529004405004,0.00798956475001347,0.00892529865166791,0,0.00292500276588835,0,0.00116439977137284
1.73678424406455,0.522416584053516,0.229238178125372,5.29007708579294,3.06643958777279,0,2.38831800739406,0.40498884084109,0.523631145608815,0.0366916109119525,0.124234996310498,0.0390560441213703,0.02844737433854,0.0159768523527808,0.0233999457947242,0.00998303614512718,0.161746641406477,0.0206749275657097,0.0694649727564053,0.0437506175950602,0.0176906613353006,0.0068950643833454,0.00703999008897715,0.00123616133016471,0.0418124691898596,0.0228466035088384,0.268067553843013,0.166632477794337,0.205083021784084,0.0376523516026183,0.00151801307169211,0,0.488311662656927,0.165598415336754,0.0968201731593676,0.00849929185835172,0.0163438608177709,0.0211720435102776,0.0119547376857042,0.00224530372577414,1.37582093832607,1.25043452309617,0.120342338014334,0.422711670070355,0.0771850331644419,0.096825436465597,0,0,0.0329193955124179,0.00634553350688581,0.0180908294860946,0.00724773269120801,0.0173706706046202,0.000890923707922445,0.00229737448005775,0.0133395977229654,0,0.00230275498696685,0.00123130937572569,0,0.000911895153193759,0,0.00324678685189855,0.00207758771927008,0.00290213970067506,0,0,0.00105162031589512,0,0.000714065249081811,0.00163680708636548,0.000980649561342639,0.0470028283124109,0.00564310224229378,0.0807838185183048,0.0517370261514327,0.135063096376422,0.0202428767321749,0.000495365796878502,0,0.0174862234673816,0.0313783186357967,0.0264686895706842,0.0210063332352362,0.0136279691438935,0.0236793645212692,0.0105881668552955,0.0057247860778567,0.0189603413670003,0,0.00106413307382489,0.0034983675457903,0.00976680986284728,0.00122664900572363,0,0.00427168579740604
1.05036647801636,0.720268458962077,2.51560538497685,8.7364786432189,0.5434150602012,2.38831800739406,0,0.209730826109171,0.179968957557296,0.14807377510581,0.0777977877683211,0.14181576847612,0.102407757760275,0.0122669528754633,0.0397549175802018,0.068590767710458,5.97520835756118,1.82790636159854,0.637710312633763,0.365210312445873,0.168188509434102,0.517006975014199,0.0631800694923805,0.136061405677186,0.0714257550069228,1.28265270163781,0.254132695605971,0.517684007445904,1.73761061680643,2.53698647073499,0.84430784034227,0.113255047216458,0.250853393187872,0.223232690798785,0.246137177455147,0.195525143582892,0.0156333080005059,0.07693162790407,0.1585616033514,0.0416275959735107,0.330915761914193,1.4571135489827,0.623871513758059,0.150886724719662,0.156655775917128,0.295152230670788,0.069298406438624,0.0469125249549707,0.105041378247066,0.135914094633081,0.195281132484386,0.132123338438946,0.0364441623485059,0.0330364041065367,0.877047941506694,0.0583166773879276,0.0262422578311608,0.0186959285315933,0.0141964273510995,0.0224315745454281,0.00902613296189499,0.00446700389522168,0.0208588865683764,0.00837503934105681,0.340914914196656,0.112947452828396,0.0271454795541081,0.0289971921095731,0.0245449307369718,0.0792054767306036,0.0224965695939916,0.0469093009762452,0.0573664444080564,0.23578557273449,0.120978549506382,0.121230799967577,0.703648558483611,1.23013946222549,0.585072176342391,0.0554280294695105,0.0556960195631692,0.0842155761940998,0.14030792225482,0.0861394759018935,0.0141500927244363,0.0568910590301563,0.0258948233300004,0.0253394103886393,0.0184721629472897,0.0609767075682022,0.0538059708120031,0.0330782840332397,0.0314412308767178,0.057064186785853,0.0294141993761505,0.0437477604544949
0.900458147179327,0.752583270612892,0.0563892979112677,0.356715347773982,0.573556322634999,0.40498884084109,0.209730826109171,0,1.2801723539706,0.307899485086337,1.99656114328619,0.643313727945048,0.13519339921314,1.59461976568657,0.5964513713639,0.108797433825655,0.0712145516434774,0.0128878370581506,0.0329454503567992,0.0813981563091296,0.0260545407003342,0.0177134437019067,0.0333382421647919,0.0113236255489838,0.112112350226253,0.0198528472778471,1.11321526994049,0.0820036704934949,0.0823882845376824,0.036035913985888,0.00783714260538523,0.00721888276820345,1.6778929725215,2.48578594272685,0.207552561313678,0.0531860202546203,1.56931423016588,0.818460669694625,0.119226000805902,0.0143115430816894,0.40873047441904,0.533453638803572,0.0857256862671957,0.94404798356966,0.0837924204143938,0.112631113197808,0.00340847242377884,0.0104121850991683,0.107518027369442,0.0291022415808915,0.0123930884426604,0.00600379660772692,0.010208776593569,0.00126864459743588,0.00200130378385068,0.0662948175531666,0.00426871195505202,0.00195926838914877,0.00073032645251131,0.00248789051437111,0,0.00379561314122207,0.00516339709267326,0.00423452119352068,0.00191353284726423,0.000652480277787831,0.000497396735945621,0.000444474035975861,0,0.00146175179076394,0.0051083684851249,0.00572954289782338,0.117266609880831,0.00448662376257228,0.233804383355134,0.0598234193884856,0.0778754052644212,0.019674113145603,0.00469899943829131,0.00425072863141898,0.0986574406563209,0.10077208844935,0.0563016337968434,0.0602519266728382,0.0326713867026569,0.0256114675905688,0.0231617254026444,0.0173981896466946,0.00350239693667569,0.00734049631871013,0.000536498594382803,0.00363682247267723,0.00167932642545145,0.000532003061942642,0.0027463900936259,0.0077166261223123
0.234487968999536,0.440043099487853,0.0391060518778394,0.240546703879913,0.474523406480769,0.523631145608815,0.179968957557296,1.2801723539706,0,1.12019613548054,2.87103592880842,1.00273908810979,0.139691675673301,0.882107003279096,0.51095064184778,0.0828180438417208,0.201284319685579,0.0110382677493671,0.168534288841195,0.105304037609054,0.0239383722431658,0.00569023099263392,0.0108105965234774,0.00434843886182266,0.0233887892342302,0.00458444515648002,0.165958919993288,0.0426547802686636,0.0381590365633943,0.00952990522453767,0.00217842328359591,0.00360455423425883,0.326512551776995,0.709955673448574,0.200505620161467,0.0123779509771047,0.501470829368406,0.588825941898478,0.070025711368034,0.00101794746748392,0.415642726660519,1.12627543040342,0.177544780726475,1.47680719853064,0.307663200358736,0.648413118684958,0.00344317772950242,0.0056129813200415,0.0141524440444636,0.00485693875694413,0.00400873880956208,0.00396087034714171,0.0018852253369112,0.00487662525037019,0.000932163510216148,0.00678989037096267,0.00616298447750377,0,0,0,0,0,0.00133309614399973,0.00497609079599552,0.00101758371733811,0,0,0,0,0.00165496925854081,0.00106242786742164,0.00401752924042109,0.018475595170042,0.0026162677455905,0.0600295107109406,0.0123765725667194,0.0285418814947508,0.00698626906247203,0.00124348888163997,0,0.0198475377873893,0.0226503560572838,0.0238270572010697,0.0132850792918454,0.00843795304602896,0.0115409862690685,0.00963546148580162,0.00752272623172826,0.00456230953516379,0,0,0,0.0114070888144868,0,0,0.00118969874472255
0.0488463584110331,0.304461632788535,0.0177282435486963,0.115509536479078,0.0259034827440461,0.0366916109119525,0.14807377510581,0.307899485086337,1.12019613548054,0,1.34814434963703,5.03403593728813,2.64964906868586,0.426895728663632,1.80366133728481,0.441638989297914,0.361310940738199,0.0444655809917876,0.517951814259969,0.922638453378219,0.131616881319748,0.0428122417115594,0.0828400289511504,0.00544815067934966,0.00125042722752478,0.0100616371336748,0.0418751459594635,0.021908373372911,0.0225797308933648,0.0179280476825596,0.0128846227823587,0.00689418279397794,0.118375611168113,1.07275248805703,0.628121413105329,0.0407119935812909,0.241387629649835,1.35624746049257,0.163725569634926,0.0145762357414475,0.035059556226286,0.701054486225106,0.617013220353835,1.42364914971107,0.721844338594361,2.5685433369754,0.001837469409858,0.0114904068704559,0.00526181865242336,0.00566454346243733,0.00102045864906819,0,0.00628792813945686,0,0.00416482984686042,0.00185220572246243,0,0,0.0071469752155997,0.00396192047241972,0.00241765858407415,0,0,0.0089665502925218,0.000655634179054503,0.0036683630212094,0,0,0,0.00145409071753615,0.00378689701175118,0.00267201615569584,0.010635322656877,0.00690436432752101,0.0263995806646332,0.00612789948937557,0.0225706685052095,0.0212743419258042,0.0046546960641756,0.00640121672084262,0.00789976741272489,0.00786879759760094,0.0221941583861808,0.0244739717056652,0.00283358448665467,0.0315244525757675,0.0184974997973394,0.00907486418383917,0.00509283308978314,0.00342379285856201,0,0.00726973050548751,0.00316495373230419,0.000995596330867848,0.00213961204478762,0.00500121944676753
0.221771428109483,0.511691569661827,0.0256685229994683,0.218136225159841,0.26786516126806,0.124234996310498,0.0777977877683211,1.99656114328619,2.87103592880842,1.34814434963703,0,1.90529368529991,0.276996119667196,1.92602475402211,1.25058302296384,0.181462014019323,0.0840191792596057,0.0102075834750645,0.048112815114422,0.074333683972168,0.0336222319700769,0.011565290259272,0.0306851023097611,0.00315967706947989,0.0221554308647939,0.00511294343390967,0.20000142197023,0.0386891577945063,0.032567580960406,0.0178433179492985,0.00734960673982458,0,0.420144863236467,1.09475648648769,0.2397584183687,0.0229265004335452,1.14773647848074,1.45345344150574,0.0910454633191232,0.0116447788110823,0.242080020698592,0.387833778722274,0.158772797325736,1.71696184176191,0.229035008567268,0.659275969637024,0.00304364080895937,0.00596472717586154,0.0166569108117011,0.00512576388379671,0.0015478216290882,0.00361226367915496,0.00336768413982647,0,0.000872422002330578,0.00665938043297972,0,0.00153940291809093,0,0,0,0,0.00164483787689117,0.00118856816732268,0,0.00168120630335916,0,0,0,0.000264325484092109,0.00449089519254553,0,0.0227775395042116,0.0108484834215198,0.0619245869449626,0.0182047245109829,0.0400632515665786,0.00749976214083889,0.00309163164644234,0.00157672981083407,0.0188379047921267,0.00680216612761559,0.028411071984451,0.0195783326256538,0.00969646338674372,0.0198165466334954,0.0201638676064049,0.00609060401911138,0,0,0.00337484924207899,0.0126960939944321,0,0,0.00271650211936333,0.0031468586535796
0.0762163292085346,0.37143553168485,0.028273819361643,0.108921375206787,0.0292456442850905,0.0390560441213703,0.14181576847612,0.643313727945048,1.00273908810979,5.03403593728813,1.90529368529991,0,2.4706558549845,0.963874198852704,3.36528367175588,0.845687256760526,0.188321556659422,0.0300645282847543,0.156968207097551,0.659325652072098,0.113240671439668,0.0628375377195167,0.105280482017733,0.0147020910140219,0.0105186026707589,0.00605429154331642,0.0860287548256119,0.0180377099833693,0.0120301813032153,0.0485353088708467,0.0183556991710991,0.000581342447695934,0.126542794073896,1.39782666847226,0.699003288377722,0.0608456613324517,0.525578722570879,2.5859740965516,0.304049170004676,0.0260044247077377,0.0456616716934766,0.30272122629316,0.34545681189951,1.61689544638032,0.618305673290587,2.17959343137769,0.00565655292988276,0.0114413140073333,0.0084524068783468,0.00659561638583882,0.00237681242855895,0.00134881132340823,0.00105228138450911,0.00328738315916617,0.00391107090314927,0.0112737720966054,0.000885628507744964,0.00332482537454437,0.00323165774100277,0.000550197235874295,0.00152479578457976,0.0036943482413455,0.00349089896384963,0.00518981619744183,0.00471271256853649,0.00404916550665664,0,0.00114089295881425,0.00181911961305441,0.00316073767152852,0.00644325289050508,0.0062962891018245,0.010024342137131,0.00726542842483049,0.0378968581082716,0.00635721899866298,0.0207356809537378,0.0293970877939064,0.0118670245652706,0.00516162799314129,0.0059050889669237,0.024461700586681,0.0179276071689841,0.0220239450569561,0.0115171410756809,0.0316375855957883,0.0138448743473366,0.0148772287995769,0,0.000949173651614066,0.00149319058673984,0.00447866814591337,0.000851977762381939,0.00181663113372305,0.00123935822354515,0.00691368793055958
0.0301389903124945,0.190405046269189,0.0335607505837479,0.0911646780653065,0.00711694251932841,0.02844737433854,0.102407757760275,0.13519339921314,0.139691675673301,2.64964906868586,0.276996119667196,2.4706558549845,0,0.17205851517212,1.20467106237713,4.00101659475459,0.195253693341632,0.169088695095943,0.225390300780492,2.15469538313213,2.26710211320405,0.879089214672839,3.57109898108361,0.0921838563297516,0.00250927784659405,0.0325600371977547,0.0401673708342373,0.011854191945886,0.0400726797913743,0.247123513073799,0.143869876159433,0.0566094097856694,0.0579418353257854,0.478765000226337,0.617949979718322,0.225535214980321,0.129774043360989,0.777082302434792,0.693986396791318,0.139232934669073,0.00789914865551089,0.172764583369957,0.446827855670539,0.405887100956743,0.341646238428085,1.28913090815427,0.0544816218103339,0.100755146388205,0.00618711503416746,0.0239088627298346,0.00558211348997778,0.00388086703386209,0.00357167717445467,0.00366120130218528,0.0331609291145021,0.0141253992875304,0.00552750162386095,0.0173398121920729,0.0111111475291111,0.0175375845095208,0.0073991840273982,0.000828473716262296,0.0249238223698147,0.00235275796227422,0.0190847408374875,0.0397696888843507,0.00470563604862495,0.00699110960340961,0.00663974947889252,0.0225349240674662,0.0100077908310488,0.0189157563980983,0.00264502582098484,0.011344596876712,0.0190963195695079,0.00555987034355442,0.0299326492189595,0.172971533576359,0.0957016007915204,0.028870570244964,0.0135039047539507,0.0180280208250866,0.0574431660884372,0.0522663685454977,0.00564812359940164,0.028071005195381,0.0183913772113141,0.013157827666532,0.00502510570506304,0.011922610108483,0.0117170216459958,0.00740949315794641,0.0225580397789622,0.0501723659679348,0.0126671119476547,0.0328284776375585
0.0415536215643873,0.176479974147594,0.00325895102499036,0.0294083241834047,0.0351016649269487,0.0159768523527808,0.0122669528754633,1.59461976568657,0.882107003279096,0.426895728663632,1.92602475402211,0.963874198852704,0.17205851517212,0,1.3055158721267,0.195918659265675,0.0135805546087884,0.00806733998314206,0.0140248963641373,0.0499347392192737,0.0248668219572194,0.0128101265084848,0.0257709090009405,0.0166220073449105,0.0242904588180623,0.001548075749494,0.12862710325162,0.0145287789839606,0.00781560908893232,0.012101699730188,0.00301878621300083,0.0134889622527961,0.158974896443371,1.00620319260114,0.234041111059632,0.0323380000617351,1.5583631461802,1.42668357288169,0.198142842682631,0.0146519566172379,0.0266207110878381,0.0320127980559363,0.0838917734814562,0.787893307027729,0.0630292012660698,0.167019198515631,0.00509008261044636,0.00862656756814574,0.00594871896561759,0.0023787385577408,0,0,0.00127958499951158,0,0.000349562365416254,0.00571595128808348,0,0.00595033564251789,0,0.0010468599042979,0,0.00369575382952009,0.00191465391698059,0,0.00034085325290303,0.000624009219554744,0,0,0,0.000436186108203573,0,0.00416593120011302,0.0196574460760372,0,0.0266835425044926,0.00898264671693281,0.0164987966513716,0.0126260599669259,0.00279099583484282,0,0.0213458129941924,0.0107767901455517,0.0216943236539721,0.0194281692301277,0.020269560977315,0.0128144947452816,0.00520220313699737,0.00547388571903384,0,0,0,0.00657082521291508,0,0.00185544616966044,0.00376312451840166,0.00260884890608062
0.0276125564558932,0.223603385480809,0.00945195539006741,0.0542322306413497,0.0160594757071226,0.0233999457947242,0.0397549175802018,0.5964513713639,0.51095064184778,1.80366133728481,1.25058302296384,3.36528367175588,1.20467106237713,1.3055158721267,0,1.70727117687854,0.0631749792779655,0.046682527360026,0.0686337826863807,0.332111290338051,0.122805415487748,0.0654526290126357,0.114775058149052,0.0241095491264008,0,0.00827099957042834,0.0457858945290779,0.0090379589793288,0.0114962837635997,0.0397380378203206,0.016998003808304,0.0159675339762267,0.115604158128165,1.25418204478661,0.697099726798026,0.0750557721700121,0.954629174413573,4.16347325214586,0.746990353435513,0.0510480937768346,0.026346417242089,0.0762838347561434,0.2270425358344,0.885228509739807,0.277082516537707,0.845202010239926,0.0111352788694387,0.0335984362487965,0.00720513258839363,0.00343797589797384,0.00304419775197307,0.00152910006047014,0.00175101601937572,0,0.00311810875358089,0.00927846504995677,0,0,0,0.0042936871743903,0.0026385063361325,0,0.00303823975032964,0.00709772120231267,0.00123730294469447,0.00598372302086472,0.00146541847466065,0.00263732786362697,0.00497602673990977,0.00286330695550653,0.00723978880412729,0.00937328675552118,0.00440269124973287,0.00676989531786168,0.0235124279597564,0.0162908017271642,0.0175367288020054,0.0325403002422068,0.0147600437923432,0.00783355736734964,0.017449212626086,0.0256090211245346,0.0302791802034228,0.0218757595782912,0.0203519825460969,0.0236896235690035,0.0173152073460393,0.0086141037818708,0.00298914971798764,0.00193445813084846,0.00176478312340432,0.000942762368569883,0,0.00383472917533886,0.0037807657854174,0.00986592681210621
0.0130705424479707,0.0966636340333776,0.0197063973827572,0.0388303209582944,0.00945373011959139,0.00998303614512718,0.068590767710458,0.108797433825655,0.0828180438417208,0.441638989297914,0.181462014019323,0.845687256760526,4.00101659475459,0.195918659265675,1.70727117687854,0,0.092776954933896,0.145862336249618,0.0960953121628655,0.533327310441749,0.425666532205209,0.287039450294789,1.40959294981113,0.120432955978718,0.005383445259501,0.021471573936849,0.022096820441049,0.00647171233244554,0.0259638094929768,0.164178209143266,0.0983896489168473,0.0588242366113978,0.0247504306384439,0.236786439628665,0.292132917007423,0.143522592496555,0.175527621924601,0.822675797676827,1.57127903182668,0.151793788750196,0.0132750135051576,0.0504313441238496,0.215382276531415,0.141931086419566,0.0977374234913497,0.305871635394906,0.0689034716781862,0.104093915273992,0.00279712032267387,0.0194677192074201,0.00305917896214963,0.0015753716038875,0.00258687159564841,0.00113760065047117,0.0239110419720714,0.0049868504566852,0.00238317882051109,0.0109156989693205,0.00433335043291362,0.00745022416440751,0.00255888413614272,0.00143410766771997,0.00725442186489311,0.00696191324682638,0.0106144271662881,0.0163297266249016,0.00485879884326612,0.00839651029097832,0.00448539053813587,0.0183227903103149,0.00807829720369279,0.0193219465718329,0.00274730972515647,0.00611321923338699,0.0144126952230824,0.00266415154872288,0.02839922880903,0.117181619485851,0.064750487284748,0.0190037742678356,0.011815599676614,0.0224948113441157,0.0359221818540902,0.0412060214188457,0.00803832838616961,0.0172485386060963,0.0143155757556283,0.00303794188575074,0,0.00518058956471541,0.0183639699483949,0.0220816189336479,0.0147081061761592,0.00905553363739879,0.0177756029313292,0.0274299206295172
0.276738753036738,0.444091859350553,0.917488370935235,1.94296423698441,0.0727943779236288,0.161746641406477,5.97520835756118,0.0712145516434774,0.201284319685579,0.361310940738199,0.0840191792596057,0.188321556659422,0.195253693341632,0.0135805546087884,0.0631749792779655,0.092776954933896,0,2.97639317614217,2.48643943347631,1.24244958957161,0.634104502003276,1.01596751970767,0.132759232563384,0.269684965381803,0.0338813963995602,0.569420926752428,0.125025425750578,0.233998256764787,0.808896400449348,2.34803594023674,1.38372010296585,0.148828739936212,0.106181204877854,0.202434109026905,0.230945616405094,0.271558911518829,0.0188043168308571,0.095312005101661,0.187186625575125,0.0609473167669725,0.0678215532317625,1.6940963049617,1.39364877050527,0.0848100007360877,0.195926317825255,0.638504059392615,0.120585000388098,0.0894247404163659,0.043682091279843,0.116897586214475,0.0572133288969611,0.0551686633507049,0.0184455741432271,0.0233420443415989,0.567838892610751,0.0492354830897683,0.021174379176254,0.0303853967212371,0.0229564210037865,0.0290098367041122,0.0139511311377772,0.00685179369910216,0.0197753140397361,0.0099084931264734,0.509639373331613,0.179573684520034,0.0410856356980124,0.0468864894010586,0.0491651617332648,0.150616218724383,0.0220780765711586,0.0767301210864244,0.0255322693282598,0.102483360500677,0.0697648489255965,0.0518187715218124,0.363804599745077,1.5856482031155,1.08955238001775,0.106521484597551,0.0351855508002673,0.0611577013402818,0.134343548733933,0.0971280207379867,0.0146952118302374,0.0680588993901445,0.0274198279671241,0.0150113549787444,0.0137887006976124,0.0507155469829821,0.0645507588807207,0.0404438247464966,0.0425029336643643,0.0670055707639438,0.0362033850681277,0.0632657141207053
0.0888087622611505,0.121355084772985,0.379565155313834,0.349924585190335,0.00972026131716305,0.0206749275657097,1.82790636159854,0.0128878370581506,0.0110382677493671,0.0444655809917876,0.0102075834750645,0.0300645282847543,0.169088695095943,0.00806733998314206,0.046682527360026,0.145862336249618,2.97639317614217,0,0.427550442330125,1.49988282155378,1.53426640776445,2.85882521366291,0.27714468046703,0.862181493189045,0.0237797630030979,0.406114104666313,0.0984291830422522,0.124512423393194,0.506291723699025,3.15870643382521,2.32544518620633,0.567981837539226,0.0380253166340088,0.0577336711407834,0.178488441813829,0.701931578692063,0.0113322137382796,0.0853176673365189,0.316089931635595,0.13810310692267,0.0166361677602089,0.0476861625086286,0.274817179802677,0.0120051236451308,0.0317539380917418,0.0933887790982315,0.622754761108826,0.237461729589434,0.0188629796326769,0.0645314643214474,0.0254183534765578,0.0179925656762425,0.0172235410285548,0.0111144702167182,0.248687132773307,0.0298646271694172,0.026880107606854,0.0497241625951898,0.0230983471664035,0.0446752920298885,0.0323620703358133,0.00875504458634308,0.0457119934005364,0.0318023223483562,0.250369252677061,0.196973732163491,0.0448018476510402,0.0529225272783826,0.0751079969960819,0.200663919403242,0.0300933845237807,0.186723501925725,0.0139713934355685,0.0631188623840042,0.0480628766695528,0.0276819854928008,0.27880539863359,1.95698685549427,1.27166616394627,0.278041273916824,0.026921058980982,0.0442679918302854,0.150209391583812,0.118464220962034,0.0132008824476748,0.0555616861974079,0.0457385420853481,0.0449916446432051,0.0147075540433281,0.0374150071284132,0.0748296180547732,0.0704846827446057,0.0761541819911641,0.102643200592062,0.123321403299804,0.132167864309138
0.0415594098283018,0.187568663589463,0.085817072006606,0.288755153008189,0.037872954779831,0.0694649727564053,0.637710312633763,0.0329454503567992,0.168534288841195,0.517951814259969,0.048112815114422,0.156968207097551,0.225390300780492,0.0140248963641373,0.0686337826863807,0.0960953121628655,2.48643943347631,0.427550442330125,0,2.64520370442148,0.913994504256979,0.236107504891873,0.0703602125523998,0.0402976017627663,0.00539977167920019,0.0614767363089236,0.0638821759814723,0.0332836402013788,0.0856596751236098,0.29540108664421,0.06531206589777,0.0264570217502605,0.0210560338210269,0.108181477788973,0.188239858462592,0.0583604141029867,0.0278960426003385,0.089355997797228,0.0998054747299142,0.0177077128764882,0.040433264671784,0.601637897361568,2.2147222203383,0.0824275596417579,0.155280617497027,0.617474989194075,0.0293809165106973,0.00847104821685186,0.00589884324351193,0.0173770748019911,0.00806506405165885,0.00912289890227813,0.00413001709401378,0,0.0165867127772849,0.00507193680121977,0.00143468158910326,0,0.00521680596765783,0.0079235190944098,0.00820257816138975,0,0.00924143125608617,0.00845462815072749,0.0154296713092267,0.0101045243827616,0.00390064324632208,0.00393804064670823,0.00243270998487717,0.006911290221062,0.00516440318638162,0.0123317280597907,0.0131802416043333,0.0190205895062728,0.0311289844065397,0.0163956179890584,0.0768339983012709,0.130086775585459,0.0515201100330123,0.00958375789782601,0.00368981945261081,0.0131930026443376,0.0449589986588518,0.0225337765255641,0,0.0218347010467489,0.00376069276968706,0.00416837920134399,0,0.00534664693080118,0.0101217171804542,0.0180055372264516,0.00284730549812971,0.00520039692701342,0.0215072240150391,0.0107368278446755
0.0557343752339049,0.174228606971294,0.103917261703977,0.177208044254827,0.0250671638483737,0.0437506175950602,0.365210312445873,0.0813981563091296,0.105304037609054,0.922638453378219,0.074333683972168,0.659325652072098,2.15469538313213,0.0499347392192737,0.332111290338051,0.533327310441749,1.24244958957161,1.49988282155378,2.64520370442148,0,4.32096866578663,1.43811720957912,0.449831218466234,0.255094803879595,0.00808060680404628,0.0684722784544206,0.0365785961616387,0.034201903491086,0.139713576942713,0.853683269489119,0.525063935900349,0.111880851884946,0.0592598931715433,0.20708379312581,0.321537559379136,0.300229264474784,0.0400223172452055,0.267142951927985,0.37863466715918,0.0901686608843989,0.0317458067910881,0.195695715660014,0.962443277058015,0.121091936497297,0.189190141261951,0.565357140145017,0.242400885853688,0.0751231563376073,0.00915013636312077,0.0460750420563549,0.0135299433214636,0.00918221057927792,0.00611144638894173,0.00550530132946449,0.0722199162655396,0.0198890385949466,0.00941283712978419,0.0243070048915212,0.00549731811733364,0.0169165940261632,0.0202557943566133,0.00670953629772023,0.0212707641842469,0.00906788733057327,0.0553009369306491,0.0332778356900216,0.00706300832549816,0.0197625584292848,0.0104540647181558,0.0446042566286504,0.0229584212724429,0.0432293822661047,0.0125100898273098,0.0258562159994965,0.0550496224366433,0.00957086214798416,0.0742553411444719,0.467339694247843,0.202570534020356,0.0632356313440775,0.00791120649389948,0.0222031644711348,0.0808187531777964,0.0946819850811446,0.0115507750896147,0.0362011227292677,0.0167050884044646,0.0166913086939973,0.0054439677760369,0.0195025864557864,0.0273192021548039,0.0129378029096171,0.05261917665429,0.0362059267508057,0.0242456854364849,0.0441540129148088
0.0241712717503717,0.0508341488871013,0.0478685094059946,0.0751761062020921,0.00496409800262063,0.0176906613353006,0.168188509434102,0.0260545407003342,0.0239383722431658,0.131616881319748,0.0336222319700769,0.113240671439668,2.26710211320405,0.0248668219572194,0.122805415487748,0.425666532205209,0.634104502003276,1.53426640776445,0.913994504256979,4.32096866578663,0,2.47854208240962,1.74380790292082,0.325422277343212,0.00182921131957403,0.0350526730840778,0.0367247922871878,0.0230330744283591,0.0659864893773537,0.791777278225889,0.74876467472168,0.20075202813611,0.0307290498113644,0.11393059191261,0.153286801938067,0.368829327320744,0.0157383687118141,0.11784138520393,0.282934453401295,0.102871551056416,0.00535377378695957,0.07565907947882,0.419984684039895,0.034524278867849,0.0515539775085442,0.186852737674596,0.368569789347371,0.11000625832407,0.000657345704543899,0.0312628908349076,0.00333953325256646,0.00291983723963551,0.00168450971440693,0,0.0504323682548317,0.0120228739744909,0.0166399334935706,0.021741368925435,0.0104454659770068,0.0208937193518695,0.0145137484280036,0.00480142927469798,0.0097817310518423,0.0143496713347518,0.0498021155706869,0.0689226029515541,0.010115620022483,0.0292593574307113,0.0269148541072151,0.0691711259329819,0.00824467301085566,0.0607450359671085,0.00401218494263426,0.00706716080379172,0.0299347144972023,0.00186475767830436,0.0333646020922573,0.492136777269309,0.264762434155115,0.0700432388212197,0.00741860714939347,0.0139865022342887,0.0707248758909261,0.0522212495082612,0.00966670793755954,0.0246938004856929,0.0201643814279122,0.00533148336406239,0.00376474455285225,0.00590386883544704,0.0323635265070762,0.016229756101266,0.0230839040688356,0.0228104829098708,0.029069201691338,0.0428451532848312
0.0319710520244563,0.0557154321081293,0.101361173603942,0.0835636796970036,0.00236103921023877,0.0068950643833454,0.517006975014199,0.0177134437019067,0.00569023099263392,0.0428122417115594,0.011565290259272,0.0628375377195167,0.879089214672839,0.0128101265084848,0.0654526290126357,0.287039450294789,1.01596751970767,2.85882521366291,0.236107504891873,1.43811720957912,2.47854208240962,0,2.9751208419757,1.71923568263136,0.00603156333742067,0.0748385456827958,0.0269413690455389,0.024369673658137,0.133283977374637,2.13117126039997,3.23306374055266,1.22302997258178,0.0159942641592137,0.0731456314911666,0.196557260095543,1.48882618665892,0.0221742517146182,0.131508490965544,0.547838023311763,0.639106726816168,0.003784628250483,0.0359679001066764,0.170440162435491,0.0125620535636104,0.0243861850625189,0.0668930966052087,0.907512342948663,1.95678822540819,0.0111779694971058,0.0616275156129261,0.0148995665527519,0.0134304231211794,0.00290947195979784,0.00559134462332763,0.16978375700344,0.0272025966822125,0.0122785515799274,0.0495015454696805,0.0175095065000263,0.0420014419426379,0.0542945338796565,0.00645946733041929,0.0555146476790416,0.0238378966477287,0.177603713121963,0.177570848732506,0.028893515900212,0.0559720698462958,0.0737343044678043,0.373324198353107,0.0736607628781683,0.445750473028445,0.00431327735170211,0.0216412874854448,0.0222643084032778,0.0093476739913949,0.0797230304387037,1.48244644084655,1.84556085841157,0.622071123690023,0.0126947891738312,0.0306008619830769,0.125482404951958,0.203060968006268,0.00551050875432411,0.070043256426029,0.0562388735286786,0.0701709345188116,0.00298757365756124,0.0152314323041215,0.0625622105980069,0.023696742702699,0.0441912761665803,0.0900661261179339,0.265782302232363,0.50076040190545
0.0100215708416022,0.0427089938901037,0.0153611481762658,0.0233162889515059,0.00229989017090324,0.00703999008897715,0.0631800694923805,0.0333382421647919,0.0108105965234774,0.0828400289511504,0.0306851023097611,0.105280482017733,3.57109898108361,0.0257709090009405,0.114775058149052,1.40959294981113,0.132759232563384,0.27714468046703,0.0703602125523998,0.449831218466234,1.74380790292082,2.9751208419757,0,1.5494529159253,0.00300545883702555,0.00895673426490239,0.0196909489804546,0.00518276569731871,0.0180918917924391,0.41354624614419,0.493645986517509,0.390013884972611,0.00446302684302147,0.101889575576235,0.190745380396394,1.83545889901596,0.0435465094441526,0.240693247175341,1.5342314543229,4.10287450496468,0.00372096231560308,0.0341088451988176,0.131500286416547,0.0254634804986962,0.0318377947933193,0.151038731052941,0.397301424894152,2.12347943084144,0.0023785102430144,0.0178352542317797,0.00122556161699184,0.000264076754879217,0,0.0012953442047671,0.0201031373969461,0.006955735639406,0.00287896450934923,0.0166551314615632,0.00129786051948927,0.0215266235970717,0.0264714787798582,0.00395919711447076,0.0390239437635427,0.0326987256315491,0.0205544015665912,0.0246339127067538,0.0154530634522211,0.0153518761761804,0.031573630398552,0.0712676235222632,0.0543391704814338,0.397385444278445,0.00100560286863825,0.00491534083761211,0.0105900112174354,0.00203857400616788,0.0169840287358833,0.32369565542573,0.332159314557058,0.249667465813435,0.0110946932689782,0.0123708454721714,0.0583870378451874,0.338843700932767,0.00957404614010267,0.0600720700192124,0.0419260058362861,0.111156836096618,0.00572545400567975,0.00310518015442219,0.0141893220026575,0.0108017224566268,0.0108683646345908,0.0533280120318231,0.234275822630283,0.429488090735935
