0,0.47567512948056,3.80505099217774,2.38948028041449,1.087186119816,0.0968324145540205,0.111081325531228,0.662914415003933,0.0473685590685121,0.0184971295094921,0.0310201451138388,0.032379333645729,0.00454055333040998,0.0180298846586064,0.0181542050818768,0.00877191234552017,0.0346751075190188,0.0178013091278459,0.0111164375369932,0.0147152942815845,0.0120092230601878,0.0113113090164206,0.00593966790777184,0.00142184204490461,1.80566812214003,0.147653712666706,0.830440246395991,5.76790849924344,1.74733246287116,0.107046394104123,0.0358085768849085,0.00209134379776204,1.81326247221855,0.311640244546521,0.0377899947946143,0.0217800240642295,0.00857049613054459,0.0288359328927663,0.00760327002887147,0.00384818671148665,0.239317476301689,0.0455482461812888,0.0122043219060003,0.0342802274837838,0.0111291286087032,0.00584713298706422,0.00088545603907427,0.00372156800585918,4.19343515501097,0.190323454727626,1.31185241620042,0.0777500316626084,0.0538852394239531,0.008567995012763,0.0570671556825721,0.129594197269874,0.0063896037198059,0.00472738740731257,0.00600893724727122,0.00820684165181305,0.00283679371021429,0.0130561883230425,0.0146816575211775,0.00284499166492721,0.0239713216370619,0.0139856794355773,0.00352949436033029,0.00307021674539069,0.0039613252959452,0.0116800927267074,0.00560557272789154,0.00310807105134753,1.25407976707927,0.122584843357526,0.392228180566015,1.98786375165979,0.663640028743155,0.0902995496742821,0.0347998714345342,0.00173449540019102,0.558774693478341,0.137723395986585,0.0390090627200787,0.0214250138200881,0.0063131900650973,0.0155983899983418,0.0036883110367288,0.00704554828767787,0.0440329023423649,0.015834598043096,0.00422940363361982,0.0127520395441294,0.00477744297484823,0.00426842221582203,0.000115102308058087,0.00364448812420544
0.47567512948056,0,0.441930201251406,0.523204741955615,1.31901423010892,0.460476163254429,0.49632692296796,3.53495833893466,3.50395000757648,2.63259603742731,1.52793330443139,2.1771641330886,0.145387513861799,0.220864808185433,0.428172528898794,0.097517739301989,0.564880430307644,0.277260871586534,0.772957318085542,0.593470050408138,0.199874207404591,0.105124593512119,0.0607718936286598,0.0119385165084615,0.147709563818141,0.123924007062321,0.797560459289361,0.282536664399956,0.435631262830479,0.09160981160549,0.046052086446209,0.00494152613993108,3.04649168219658,2.41208718977214,0.259698959213913,0.0679728485862571,0.183216102835308,0.322203172453675,0.0389158362097556,0.0281105213368275,2.33251030395605,5.17091748239533,1.81394922446223,3.16306431890776,4.09752790051591,1.42760232990915,0.00200820867637133,0.0221640063874216,0.0936425112696776,0.101667361524175,0.129401861256267,0.039816695933207,0.0280575695088768,0.0102631812333432,0.0461320252483248,0.039067609186026,0.00483325762601111,0.000384198684579246,0,0.00961791173122138,0.000536595439157628,0.0038776339493527,0.010473760094334,0.00330570439729928,0.0216258695402699,0.0168738729712501,0.00507189756487299,0.00911728193710972,0.0036905145386814,0.0117229891605113,0.0033587967411732,0.00428265055227098,0.0771038783015834,0.0958709448604206,0.216434006801037,0.119652685752063,0.197107461660335,0.0579055323675109,0.0274877728592158,0.000462835612607404,0.172148670235114,0.120927978501074,0.0716082783302019,0.0124872884974796,0.00186775356241831,0.0282101026348679,0.010660278801293,0.00710305979882685,0.0339304457375723,0.0120614788193214,0.00965822993166376,0.00489839402818432,0.00380345904372043,0.00521118986780691,0.00139942070065187,0.00455133064859881
3.80505099217774,0.441930201251406,0,3.68905723551693,0.203264505745527,0.16622684659206,2.12539159016611,0.111677804704366,0.0547278149834545,0.0265033291947855,0.01224637563864,0.0240911805447113,0.012450212836823,0.0070836929427352,0.0113251768714048,0.0136914824906681,0.246522799489602,0.0800456072413845,0.0385011226635459,0.0293835317922543,0.0329436975860009,0.0259623884594693,0.0110615100475127,0.00714534557832699,0.186311985845912,4.83412978390575,0.116444325628924,5.9584237936102,2.47179685975016,0.459757046610209,0.157908546939588,0.00260892553038027,0.176319607066366,0.219390644862664,0.108347682915451,0.0474664794138211,0.00494271776713885,0.0263579548763658,0.00494277164731784,0.00315458940967654,0.149930577529586,0.12590246454258,0.0228082259637599,0.0332474496658955,0.0198208679078215,0.00978743574558794,0.00419947145799285,0.00595043747339259,1.00371853361105,0.431761110418713,4.79563113409891,0.207767136284988,0.10261337792719,0.0340213242708583,0.557887256752852,0.12946733932969,0.0121023838629681,0.00898354118789084,0.0107000689094127,0.0151395419817717,0.00974778327186936,0.0104851460775231,0.0190180216114642,0.00452494495098061,0.150141205484964,0.0692692980412772,0.0139333177737035,0.00874267007486016,0.00715377558862647,0.024130330575438,0.00429896069942412,0.00864214397184986,0.148680207887129,1.83130503717597,0.107062950548936,2.56392339345634,1.25726702426183,0.336112828672698,0.105858740226695,0.0054119922152901,0.251126072813687,0.328315379854745,0.0978014956272797,0.0353498653536851,0.00566056443134598,0.0258522115990118,0.0070293056517451,0.010114609490543,0.134850856104506,0.0430351169122416,0.0246699779808952,0.0203166525943655,0.00817847300232327,0.0127443890501822,0.000918164411127673,0.00392857772935538
2.38948028041449,0.523204741955615,3.68905723551693,0,1.38255832888761,2.22311407394918,3.62303785685885,0.192131451677532,0.111808124410478,0.0567100305470829,0.0302550483906234,0.0363038348232575,0.0235718341746019,0.00703043257861714,0.00984770350494146,0.0110448531873998,0.396193653935511,0.112975882177107,0.0664761708880957,0.0706198432041102,0.0796304691760249,0.0361055488851376,0.0185368942420463,0.000923984745461235,0.0203078415115182,0.145579614823264,0.0909833990519636,0.345826082066305,0.361756062703791,0.0501325646094129,0.0231201600502325,0.00150679960129629,0.165748744374611,0.233097929590994,0.0814745745577788,0.0126043058422165,0.00689899929305601,0.0220347750139834,0.00677747337637979,0.00349735091626463,0.187698917680244,0.176029932639562,0.0218198572388947,0.0619491632164404,0.0229126306966246,0.0242286514880618,0.000863656001127908,0.00148780634647763,0.0447671847874024,0.0909562070507715,0.151831686920326,0.044062735035557,0.0134154117947614,0.00335853509165839,0.0461833844443593,0.0228716978102083,0.00100945725874343,0.00148090357123112,0.00110724878906766,0.00108585866066237,0.00239933984867257,0.000547561312800406,0.00464521211518784,0.00539670352656105,0.0146910470540681,0.00505162331715451,0.00225252117367659,0.00511164041396473,0.0010369947940425,0.00327957565662636,0.000400331988846203,0.00176400297589622,0.0131615794824917,0.0693912482957042,0.0537030560069935,0.124980111017631,0.182484639028186,0.0346589755959209,0.00968209497072053,0.000515649597432812,0.0658636861657635,0.0935523282934936,0.0245202898428901,0.00550296507112208,0,0.00970609789546261,0.00218526993846981,0.00241512408254709,0.0214586382189002,0.007274132515342,0.00619721824730557,0.00265826026154427,0.00346084393480974,0.00277576635511327,0,0.000625914893018931
1.087186119816,1.31901423010892,0.203264505745527,1.38255832888761,0,4.1257151870931,0.842661711160585,1.6508820982589,0.571949823210104,0.135675163604713,0.21065179781724,0.121948943215789,0.0130006138312891,0.0536488273051783,0.0550686442722963,0.0236053032832312,0.139636100955367,0.0420665662601096,0.0526426338878056,0.0403491814681666,0.0377347043734253,0.0132058785342442,0.00798815055783687,0.000797789134125981,0.0333859353700822,0.037521002775828,0.144543096971708,0.161476141108746,0.185254389627734,0.0269168004464725,0.0092422383545336,0.000726475493770862,2.33284871666595,0.159335461100071,0.0492864298623279,0.00418363166026611,0.0114505828912037,0.0433478640297604,0.00401701001999245,0.00496088609073893,2.37800673738481,0.430406029869782,0.039843668449021,0.322396609598545,0.089683429213364,0.0456207595409523,0,0.00220777879273495,0.0351119871080798,0.0434999232926558,0.0562977409057917,0.0127202147136309,0.0248505449505107,0,0.0138929847468311,0.00915279970515629,0,0.00195758789622094,0.00122922816020962,0.00285305160862391,0.00162725078031903,0.00423557574681173,0.00186315413126488,0.000843237442927205,0.00363441720299482,0.0045286745162578,0,0.000588003021115162,0.000854616115868179,0.000684479418003559,0,0,0.0122563288229523,0.0307236793007512,0.0628541347581963,0.0731952988206555,0.109036550999332,0.0153237423581196,0.00624073992307929,0,0.0516535587563861,0.0317190879375599,0.0104836864661823,0.00108254064513474,0.000738576946128673,0.00867971341415558,0.00212219274704251,0.000600920593260883,0.025412413788097,0.00247695362039871,0.00208543640076625,0.00559775750867408,0.00396353710994957,0.00314158560081323,0,0.00257689738207921
0.0968324145540205,0.460476163254429,0.16622684659206,2.22311407394918,4.1257151870931,0,2.22824664152009,0.807342026186637,0.517453172423185,0.131064610362702,0.141553123859001,0.0959692098141348,0.0137484530586179,0.00984978976059517,0.016521754835541,0.0131538546151036,0.259307889030541,0.0359260968974938,0.0701074987228422,0.0478397129989744,0.0427917859614034,0.0101918652799145,0.00370604594953645,0,0.00116305716137724,0.0387125764465052,0.00991006571925968,0.0470575273132133,0.0768498855833965,0.0100285116638422,0.00264501634447387,0.000685763418712695,0.376053059376156,0.0926715377467718,0.0128935897959841,0.0038100043888294,0.0102894469928946,0.00915061096992895,0.00211939700339382,0.000701211172571492,0.505849039401406,0.34769517021932,0.0166255313467322,0.169875850512078,0.0801572317873415,0.0387956732902673,0,0.000465515923719274,0.00575804036034896,0.0280388723129973,0.0253135099661676,0.00363169435270808,0.00555242314524734,0.00337697346633227,0.00772846109295814,0.00512952375176712,0,0,0,0.000695377468500867,0,0,0.00113406594709126,0,0.00213517554928751,0,0.00383876510947165,0,0,0.000784839272517136,0,0.00225041072505022,0.00672923054477485,0.00973767115573065,0.0156110988357893,0.0183510454307551,0.0517006727621766,0.0104957676304505,0.00144571799674503,0,0.0213287642587838,0.0292597532251982,0.00075116863378541,0.00359691398396743,0,0.000820386009993658,0,0,0.00394137192550803,0.00104794728019542,0.000615107681132591,0,0.00135830185389818,0,0,0
0.111081325531228,0.49632692296796,2.12539159016611,3.62303785685885,0.842661711160585,2.22824664152009,0,0.264134940034334,0.332307419074721,0.285873046415031,0.0860777142213952,0.115030013427787,0.0239478758922218,0.0108534060598862,0.017415419540224,0.0216969128443512,4.42887110176801,0.38406234393787,0.353085807912703,0.146558820655296,0.096607500662745,0.0810453100573523,0.0235056847617867,0.00948739466977225,0.00833606017464836,2.00859218041016,0.0270153186445612,0.24680159491017,0.766445006162521,2.02929653757121,0.57248036726634,0.0122120126125269,0.0728569007442795,0.291604773107591,0.149535478423396,0.0526155038005637,0.00904476406710061,0.0376489146401502,0.0126580775827297,0.00893943693854518,0.0840670502219576,0.523014033120305,0.068280809648073,0.105967163405903,0.0585973088536412,0.0782915134367103,0.00405351008261913,0.00643105763035716,0.0209835730513518,0.100787856255908,0.38638131789715,0.0350998233988683,0.00746165321027972,0.00519001535737515,1.62210106823016,0.0214691068434416,0.00147296799644663,0.00429155908154538,0.00187020843587999,0.00473297970374894,0.00284446506190679,0.001253209350705,0.0117985962058249,0.00340286726860079,0.6078285442991,0.146763463332334,0.0204286487818574,0.00461071006097381,0.00513292197361137,0.0507849256633039,0.00551973746987312,0.00900531192887695,0.0061882363744412,0.821993770986968,0.0304166507764851,0.0977609953865779,0.513608580570616,0.970647923877529,0.360556530132251,0.00670638368381295,0.0496781193465216,0.123243517820676,0.0773256297489657,0.0340670544383529,0.00251775001258582,0.0242723143034362,0.00708716691906805,0.00808011683043743,0.0116500346405924,0.0194864531208558,0.0243363446332554,0.00713662264559014,0.00348095179392523,0.0141147249139512,0.000808720775442653,0.00680023593923052
0.662914415003933,3.53495833893466,0.111677804704366,0.192131451677532,1.6508820982589,0.807342026186637,0.264134940034334,0,4.02280579338053,0.90534619103682,5.86007226120937,2.13864055791166,0.0975140919768759,3.65299311797611,1.34415355157619,0.135612576368032,0.158884261326252,0.0786942490206958,0.138119392746337,0.156470429737229,0.104541106539025,0.0705140899262557,0.0693005428012156,0.0260487161671682,0.209516039063791,0.0173700870421064,0.801096462841595,0.0973607176224831,0.11397815308031,0.0557715357658124,0.0477106567342855,0.0171509567416075,5.12138844802794,6.79682617353932,0.388778861536646,0.183262483120877,2.20468848809597,1.89418126424789,0.235778625071644,0.0859426847497306,2.07257348092651,1.63605784903627,0.242594784611326,2.16482536818322,0.535346833201461,0.274893412830223,0.00679744634734337,0.0435028803923518,0.0712748498991674,0.0655206400549332,0.0252352008518698,0.00738317605345534,0.00525877607327238,0.00285991851227947,0.0101318530104223,0.0811782260173937,0,0.00777973423342623,0.000560627508978489,0.00521589679028364,0.00446513508546924,0.00396122674411417,0.0120993922511961,0.00608772602215859,0.00762233119629373,0.00832555199882522,0.000910475632648414,0.00348690655816119,0.00595398383330243,0.0125496158158748,0.0107974217563333,0.00580588238469219,0.139416196071141,0.0129449072461085,0.3551047450037,0.0438032555878134,0.0688771390660077,0.0425298552053406,0.0144104017873249,0.00406231356126364,0.213786535201924,0.133897331033062,0.0400682494297658,0.0222498381361403,0.00645581248513868,0.0261469124854069,0.0115825736674928,0.010102871326623,0.00855260414905921,0.00278264475230293,0.00360137756448832,0.00345065579733705,0.00189449940636427,0.00258455616699668,0.00109601114459942,0.00928830235997539
0.0473685590685121,3.50395000757648,0.0547278149834545,0.111808124410478,0.571949823210104,0.517453172423185,0.332307419074721,4.02280579338053,0,6.09921931101484,6.812692708141,4.44368929878081,0.0525137334993976,0.933853676923193,0.912101472512318,0.0576241837911756,0.530215224048221,0.0484776981239859,0.444274782010026,0.198612704475935,0.0410471479626207,0.0124297433631455,0.00980673230824319,0,0.00959000536178378,0.0186105630448952,0.00974304257336089,0.0161011209490328,0.0306561883369489,0.00931956553584277,0.00500531711605792,0,0.409709279418631,0.203261684894152,0.0444593028307024,0.0035721144678771,0.0906088731449488,0.388121120035456,0.00377319877661904,0.00818998669125147,1.22706178965418,6.65658781720799,0.731018609857125,6.10488551860569,3.87414237275103,1.87067481028142,0.00286024582214572,0.00491740842135981,0.00179191795844354,0.0178199867920678,0.010607826267955,0.00513854288580679,0.002358373189767,0,0.000630458640452372,0.000567319345091095,0,0,0,0.000660252712049759,0,0,0.00742117261053821,0.000926162693582477,0.000782678090523008,0.00391097491760941,0,0.00123368224962216,0,0,0,0,0,0.0106104755625439,0.0113618269521314,0.00519776146791706,0.00926510945020977,0.013716568271467,0.00356980185857954,0,0.00553081061198407,0.00899516578995855,0.00704935143774606,0.00184043956867941,0,0.00205177343664431,0.0032465545498884,0.00113676109467581,0,0.00113210569017068,0,0,0,0,0.00197137634012712,0.000504262699453695
0.0184971295094921,2.63259603742731,0.0265033291947855,0.0567100305470829,0.135675163604713,0.131064610362702,0.285873046415031,0.90534619103682,6.09921931101484,0,2.47584785419904,10.3166310230026,0.31299032086476,0.384976896631916,1.09260687717584,0.105543260546389,0.97906946555063,0.140518071430924,3.71012659424835,4.01001066956766,0.110203927989998,0.0267394423481377,0.0167348755129311,0.00103177059815614,0.00203900395703933,0.00938553765516592,0.0161988638568217,0.0112219646096536,0.0165064744373461,0.0248710991376677,0.0118990854497382,0.00791581366132165,0.103992762984125,0.343495968940815,0.0766358664361557,0.00954234984541844,0.0450330182628134,0.360785800298038,0.0088126106359859,0.00875851365370621,0.257760425665025,5.44099036064058,6.71764255887641,4.08965416631846,8.08286663734629,9.80859608181983,0.00121633629248975,0.0111670288703917,0.00186355191101167,0.00120589501416367,0.00585988328982989,0.00314286159375957,0,0.000859799211608912,0.00498370528712813,0,0,0.00122843003123721,0.00146882768388451,0.00116108957563214,0.00477090758681672,0,0.00524507194988455,0.0015809233246331,0.00553851942467384,0.00374474132364643,0,0,0.00401278247923391,0.00468550499556256,0.00149190690708857,0,0.000939440257534563,0.00429522587255948,0.0103474542889408,0.00546294688411274,0.0153446187639325,0.0121375285192987,0.00532510957269228,0.00211899810148669,0.00626500692011683,0.0179560395464039,0.00874342239827551,0.0012586697464953,0.00285453167754045,0.00514284589527786,0.000571473574867344,0.0014703471738922,0.000914836765004944,0,0.00418017906291169,0,0.00652460268483934,0.00171781478030189,0,0
0.0310201451138388,1.52793330443139,0.01224637563864,0.0302550483906234,0.21065179781724,0.141553123859001,0.0860777142213952,5.86007226120937,6.812692708141,2.47584785419904,0,5.2771269867831,0.0964917241672855,3.6774265890185,3.89154201546241,0.100029630081016,0.110123770741867,0.0459464742237436,0.164494409404592,0.163201196626646,0.0372572312492818,0.0191097191505952,0.0157132076866302,0.0073106825866462,0,0.00685260457643502,0.0244805729280492,0.0151476693866657,0.00999387462094092,0.0125795694015481,0.0101199116034484,0.00638968649878578,0.260100047081304,0.295532464658861,0.0818103339059769,0.0162361552091188,0.219793904800209,1.01231626825891,0.0230977792972923,0.0167838715435552,0.602425544843677,2.12423322184922,0.39651744232867,4.37859971504783,1.70574978125166,0.72496765921763,0.00188559783014799,0.0130053793755059,0.0019351490809191,0.000837510627024644,0.00345033853351895,0.00234127466482113,0.00221643044740594,0,0.00130516846783328,0.00100696198147612,0,0.0033242474948062,0,0,0,0,0.00623531712920819,0.00242009151393828,0.000657340421664682,0.00283442855760783,0,0.00394012406808554,0.00185013957491251,0.00307219084918722,0.00338921812167846,0.00492119142872838,0,0.00599492401565874,0.0147599717828437,0.00290923420986702,0.0050267787251369,0.0137515823786887,0.00211449713227973,0.00227574910968487,0.0068322326222444,0.00871683793411435,0.0113644639242378,0.0063312738278812,0,0.00620447119850209,0,0.00261501802557845,0,0.00202832138199921,0.00372452291189629,0.0042028842870041,0,0,0.00298027779902066,0.00386165208483605
0.032379333645729,2.1771641330886,0.0240911805447113,0.0363038348232575,0.121948943215789,0.0959692098141348,0.115030013427787,2.13864055791166,4.44368929878081,10.3166310230026,5.2771269867831,0,2.56348858144393,1.61121695183194,8.75034928946357,1.70324249909477,0.347810608748289,0.160091401261205,1.1922221205076,1.67519009162196,0.382235321825279,0.0883173874854944,0.0473988989697342,0.0118734258269065,0.00422886273324763,0.00735720875792897,0.0147116331672399,0.00620607279918136,0.0183710411647223,0.0490713752262718,0.0426207596315797,0.0221432183757256,0.178085294993813,0.411110347666089,0.120582147902018,0.0292027639442556,0.124963289464413,0.97182415533902,0.0195879767253977,0.0381275752032901,0.220139926707974,2.74670078103714,2.79592457963422,4.26393322203863,4.3965099925091,5.01987392329764,0.00336859718896885,0.0213846207110264,0.00238154006640396,0.0125662886575071,0.00154795756451918,0.000413202480147822,0.000526430943636108,0,0.004578680523978,0.00569361828471065,0,0.00278291368196103,0,0.00458628061217736,0.00347319646276069,0,0.00288054571093687,0.00383694064137095,0.00486571371590916,0.00912411319971006,0.00580880723632509,0.00455484246896515,0.00639354748956942,0.00924851921080237,0.0100881173463128,0.00228712327637907,0.00274029453684771,0.00266530386342732,0.0122373351067596,0.00450698480604452,0.00904437364458537,0.0279906236787074,0.0142645004306627,0.00279323966488865,0.00571080506458813,0.00854408300126922,0.0223348087982623,0.0104661195422717,0.00253868083191718,0.01848367299394,0.0060135716025058,0.00447803556707825,0.00122597496738952,0,0.00167701213822631,0.00219194862665573,0,0.00526665204145516,0.00335879134997324,0.00865168178312573
0.00454055333040998,0.145387513861799,0.012450212836823,0.0235718341746019,0.0130006138312891,0.0137484530586179,0.0239478758922218,0.0975140919768759,0.0525137334993976,0.31299032086476,0.0964917241672855,2.56348858144393,0,0.051723705642969,2.08820163463026,3.16451346294916,0.0498002523080757,0.136542104376439,0.143094012185972,1.18361569855861,3.12049776850756,0.640508244282262,1.0461095954729,0.0321007117583403,0,0.00647489541728742,0.0132150145229678,0.0056142051156612,0.0131485668251365,0.181433247802201,0.168636673200294,0.030186315168128,0.0237725974031754,0.108340568921227,0.158409669703814,0.109889421380765,0.025194968122395,0.11186049420032,0.340517609287464,0.105421934183828,0.0135217493902129,0.0627118463380751,0.275151238164061,0.0739878206653424,0.111348287834543,0.267873298105508,0.0146423582626092,0.0642404432050348,0.000503671765993348,0.00664268910646991,0.00513657832117517,0.00359584185401467,0,0,0.00401781258559431,0.00980631642745615,0.00260333016278463,0,0,0.0035508116761479,0.00564773440206844,0.00385734580384822,0.0206858532753753,0.00853131920465333,0.0110535650773939,0.0213171616248832,0.00256369836743607,0.00115256692656144,0.0086285700722087,0.0243725297949475,0.0109513028478744,0.00866897447977475,0.000884118433466939,0.00329487258991534,0.00548738042163072,0.00258283274064755,0.00335681855475793,0.058546309296579,0.0302104414676568,0.0121393650145209,0.00658408766036692,0.0298483931889875,0.0476328959031282,0.0259198930710911,0.00598641865038872,0.0321190118248172,0.0103903015698012,0.0252085557899681,0,0,0.00881748086371599,0.00275598856230458,0.00261098901161905,0.00886327918851748,0,0.0131891710343434
0.0180298846586064,0.220864808185433,0.0070836929427352,0.00703043257861714,0.0536488273051783,0.00984978976059517,0.0108534060598862,3.65299311797611,0.933853676923193,0.384976896631916,3.6774265890185,1.61121695183194,0.051723705642969,0,1.83795462329,0.108348864717483,0.021020772185898,0.0153211418170676,0.0289747773953837,0.0609726544930641,0.0296853708209083,0.0172128859248396,0.0309730676419429,0.00610953753449071,0.00766571801757927,0.00475198727984683,0.0582064653210922,0.00811225177160154,0.00594123404840877,0.0132260990785468,0.0200254599713256,0.00902565776874115,0.182897053798053,1.23055954591992,0.207849057592085,0.0710303306241329,0.62408778799597,1.11928829463011,0.165544919311344,0.0303734774480077,0.131062472097998,0.126921430707457,0.124688510046013,0.864408465453468,0.27977602173958,0.1353660385425,0.00187668959765269,0.0186812561832362,0.00241423694388582,0.000831708468439205,0.00225745815047725,0.000300436038431329,0,0,0.000343021538509708,0.00841078263212782,0.00215932831429802,0.000983868103084089,0,0.000726955253660087,0.00439168214943249,0,0.00465155530433085,0.00317925041235477,0.000312491686115177,0.00471623558087178,0,0.00593233077130458,0,0.00206120845104757,0.00357865884369896,0.000919067772150763,0.00624841565014179,0.00257550252614537,0.0200245476412088,0.000704136478408869,0.00421362258911312,0.0178073907632827,0.00510139887424439,0.00685037114388276,0.00840778450123869,0.0192301716367068,0.0171841050016259,0.00503894182190551,0,0.00506047872418,0.00156976237425654,0.00344696503906313,0.00360839852170194,0,0,0,0,0.000855125124347059,0,0.00354679757504789
0.0181542050818768,0.428172528898794,0.0113251768714048,0.00984770350494146,0.0550686442722963,0.016521754835541,0.017415419540224,1.34415355157619,0.912101472512318,1.09260687717584,3.89154201546241,8.75034928946357,2.08820163463026,1.83795462329,0,1.56240134299064,0.0461532075664725,0.0813246608301435,0.114375400934632,0.345041427023844,0.369962858206293,0.104353285818302,0.0948709480083301,0.0445741772956841,0.00650799713936696,0.00209475492376401,0.0165614499132931,0.00598479281763254,0.00840733541650419,0.0668982380308028,0.0723605303058486,0.0329521206789105,0.12147198509322,0.325515176281153,0.199934891097824,0.112206992947486,0.193466756809982,1.05028308887262,0.200500058108224,0.0896881309230435,0.0584962487375233,0.330665758211641,0.350712620651173,1.24415619829547,0.634762923518654,0.47740165033492,0.0141863535377518,0.100642167669835,0.00292144641923418,0.00242226252580358,0.00326423933146802,0.00177744841817414,0,0,0.00463813365106825,0.00632455283812332,0,0.00450078552842954,0.00182800534025579,0.00134297274163934,0.0159727867576294,0.00106166348158331,0.0148780049146939,0.0141071915446583,0.00682076503045566,0.00895827176917455,0.0083937149586543,0.00566909921675275,0.00855886384539563,0.0154564305189279,0.0150161831287821,0.00906661983228521,0.00477095250497717,0,0.0125235871236036,0.00946817949160055,0.00633324097834901,0.0331724080937348,0.0268381005376921,0.0124438419313934,0.0102972308205639,0.0151071297270395,0.0469695268815914,0.0235859097425673,0.00148895257497586,0.029187908809972,0.0121143045682511,0.0233391455821094,0.0010659082308414,0,0.00358618116496853,0.00309022007182923,0.000827323099967678,0.00345964108991484,0,0.0213112320514772
0.00877191234552017,0.097517739301989,0.0136914824906681,0.0110448531873998,0.0236053032832312,0.0131538546151036,0.0216969128443512,0.135612576368032,0.0576241837911756,0.105543260546389,0.100029630081016,1.70324249909477,3.16451346294916,0.108348864717483,1.56240134299064,0,0.0573260661458056,0.145857598116234,0.0698555512108275,0.394992607402736,0.725105170946254,0.379451712536245,1.89897185573966,0.131795607081805,0.00322519486730366,0.00579131221147888,0.0248429541090741,0.00736565322460516,0.0205501263892177,0.250804472208313,0.298788348108996,0.0822767756930496,0.0376238901535882,0.174826211510973,0.348051904867419,0.526548360954199,0.059305012952635,0.523336310008181,1.08426375750317,0.694205024915475,0.00500965827927038,0.0570997179604278,0.0925353496347191,0.0442488973523153,0.0336088621149608,0.0628182876146836,0.0647548749706678,0.282797364657217,0.00273659766643879,0.00966856179227446,0.00312697318707899,0.000419718592280018,0,0,0.00828624255312958,0.017138565357994,0,0.0042738372598241,0.00505171780975955,0.0137450642173727,0.0173943321183987,0.0097438616813913,0.0464634841987716,0.0302011055569488,0.0110335366372696,0.0302475418237099,0.00490058967113501,0.0135506076230441,0.02694212989504,0.0544890233510596,0.0478611139861458,0.0220844695422656,0,0.0178770707618186,0.0155401826028751,0.00244926507857944,0.0107942811194626,0.14222275468265,0.0721349769036422,0.0255593098427501,0.012185485331458,0.0387686873430323,0.141970896085595,0.090935922689166,0.00926845206503868,0.0637125052260325,0.0534892619776808,0.0517642539615482,0.00498543194358658,0.00285668500105316,0.0127019837064594,0.00291953298087394,0.00414034489787046,0.00745265988714001,0.0172009008630421,0.0574409703950896
0.0346751075190188,0.564880430307644,0.246522799489602,0.396193653935511,0.139636100955367,0.259307889030541,4.42887110176801,0.158884261326252,0.530215224048221,0.97906946555063,0.110123770741867,0.347810608748289,0.0498002523080757,0.021020772185898,0.0461532075664725,0.0573260661458056,0,4.80224091976489,3.62070552067175,2.18178660367203,0.355107867376658,0.210035975234798,0.0433086198710992,0.0171688052998353,0.00304503657389432,0.296475121161185,0.025351343273422,0.0891479419425666,0.232097290275746,1.73145526257989,1.44965381526172,0.0149715098832829,0.0533724566168603,0.285675395826395,0.221018447689078,0.0648974462027124,0.0134618453085094,0.0453026651877219,0.0237100111957036,0.00897892019300526,0.0556771215056339,0.789821027462724,0.370060278561565,0.157003921105185,0.195889074838413,0.276918758352074,0.00193507225777197,0.015651957305806,0.00945570369065047,0.0650548500281851,0.0794710339294618,0.0102748844747318,0.00543930241802229,0.00343546648157186,0.613267231709402,0.00880736750159191,0.00087839056279515,0.00854049268539568,0,0.00528315914786653,0.00287789786055232,0.00175509840199232,0.0230077110236951,0.00508782439782822,0.59197870105125,0.226569940891661,0.0234518427012672,0.00867450621846975,0.00545813316551984,0.0751252221259913,0.00498027237068414,0.0154571073352468,0.00675595300139615,0.146455980624561,0.020813968051141,0.0269501301057229,0.142216445007898,0.657622795188019,0.594382446755796,0.00988435511874842,0.0349478748187712,0.0731666650541378,0.0752053583281797,0.0541509010052842,0.00561293379876699,0.0224148369298609,0.0137010280323666,0.00816487198577777,0.00676215985163195,0.00930745775733199,0.0210174282321285,0.00964400872264866,0.00639434978637091,0.0226437485729683,0.00386513747555511,0.0113209913768538
0.0178013091278459,0.277260871586534,0.0800456072413845,0.112975882177107,0.0420665662601096,0.0359260968974938,0.38406234393787,0.0786942490206958,0.0484776981239859,0.140518071430924,0.0459464742237436,0.160091401261205,0.136542104376439,0.0153211418170676,0.0813246608301435,0.145857598116234,4.80224091976489,0,1.06589221569027,2.23485788737588,1.99008122747001,2.44385255039698,0.082621307402122,0.0208340541369693,0.00551067082891265,0.0643976151070713,0.0299486253641471,0.028782554811296,0.0815684458188453,0.505206132220023,0.783524627201279,0.0316092082295373,0.0406113582568775,0.212604221633478,0.384095771484269,0.0914414219884771,0.0120731740740196,0.0491123269020317,0.0532547064518328,0.0247753936306348,0.0313052927160792,0.10388913897636,0.266907101591813,0.0575684682558045,0.0734249322516165,0.110969015575825,0.00990649492888588,0.0320962487073425,0.00517643567710341,0.0359593696215257,0.0301974739429085,0.00719531951406802,0.00199955040486592,0.00222111897971844,0.0921988228699255,0.0125368055764799,0.00521797910008548,0.018462878714649,0.0035249261617269,0.0078873920408902,0.0081191296468206,0.00363751666005162,0.0459854916895889,0.0132243998267707,0.166976193745597,0.129579119954723,0.022569576428898,0.012141772278508,0.0122977458783117,0.0868352737253999,0.00737226238972791,0.0239773806839626,0.00266878368006279,0.0447220424990879,0.0237959386247529,0.00935229909194631,0.0514972758344636,0.286890362069881,0.326309757953113,0.0456788300176025,0.0338371034171786,0.0729819306928401,0.138525634620356,0.0438364438981664,0.00536196071867369,0.0496828775572978,0.0156002696565795,0.0128961658488991,0.00464603845573577,0.0199141130842176,0.0243966030369883,0.0219796762031787,0.0135483516271734,0.0290901474037791,0.00642834389597524,0.0145324434113118
0.0111164375369932,0.772957318085542,0.0385011226635459,0.0664761708880957,0.0526426338878056,0.0701074987228422,0.353085807912703,0.138119392746337,0.444274782010026,3.71012659424835,0.164494409404592,1.1922221205076,0.143094012185972,0.0289747773953837,0.114375400934632,0.0698555512108275,3.62070552067175,1.06589221569027,0,4.84134671380583,0.373934268789122,0.0552511658526987,0.0220068663267845,0,0.00459857798704455,0.00606507245135568,0.0147068824423069,0.0136736783215845,0.0197550263991448,0.0219297852329661,0.00790484634690886,0.00264947864924148,0.0341963896770871,0.152991632625155,0.0670143844192398,0.00789580923172335,0.00241144895778173,0.0659795209520281,0.00587688636542178,0.00181839438584552,0.0818626853599603,1.20454583309588,2.64905916694355,0.469193569424258,1.99695276282934,3.23353652795999,0,0.00209502336036788,0.00198126612167607,0.0117635195571917,0.0081236086207652,0.000509284686457542,0.00183300432484008,0.00108295156068,0.00441477443593276,0,0.00249360811838439,0,0,0,0,0,0.00169962831750149,0,0.00552656663013185,0.00657824373415418,0.000707117812650173,0,0,0.00219010583623537,0.000320443859754632,0,0,0.00313537884713701,0.00267549980638946,0.000401723179950471,0.00869368531628159,0.0141977183541279,0.00285189786172731,0,0.00184017003942033,0.0115694035124751,0.0118030579744025,0.000498778135007559,0,0.00157642817916206,0.000773410262103827,0.000621379340679077,0.00548262204738964,0.00334309416517214,0.00678397590812066,0,0,0.00104833693287205,0,0
0.0147152942815845,0.593470050408138,0.0293835317922543,0.0706198432041102,0.0403491814681666,0.0478397129989744,0.146558820655296,0.156470429737229,0.198612704475935,4.01001066956766,0.163201196626646,1.67519009162196,1.18361569855861,0.0609726544930641,0.345041427023844,0.394992607402736,2.18178660367203,2.23485788737588,4.84134671380583,0,2.3054078372819,0.280611822144223,0.0930405768393457,0.00661260875621643,0,0.0132265937809705,0.0251181816338934,0.0126620513250707,0.0286575721251804,0.133860449089271,0.0741914267547079,0.0125012981471259,0.0461961933756942,0.227167402881107,0.155192809120985,0.0612190319765069,0.0199982801430272,0.111636302488469,0.157843297996273,0.0176307656904387,0.0662566604579315,0.684838008186615,5.11878383731927,0.333442463227044,1.4647688231471,4.17712104503102,0.00116098491877464,0.0101185269804168,0.00319945091359592,0.0164373160919261,0.013104711469145,0.00329688628073586,0.000968396251221176,0.00106841926863713,0.0115933168985537,0.0122275494305744,0.000541209813907595,0.00639226035004156,0.00551776525477944,0.010278880427218,0.00644876285319874,0,0.0130651349489187,0.0118274932429575,0.0142256201634883,0.0250485995080842,0.0138061081095285,0.00813715354354239,0.00357307649994764,0.0148307672813721,0.00744538722414824,0.0023882378516463,0.0020601817427883,0.00867406056978265,0.00972559821853246,0.00816068850889673,0.0204904714767608,0.048554637852469,0.0273377171781999,0.00428752147491976,0.0113318115560965,0.0263410193271623,0.062229984340974,0.0105791305857558,0.00649327410274256,0.040630175759658,0.0127130208779011,0.00431764926079394,0,0.00303745284892881,0.00326292554692142,0.00837127259786441,0.00617671656180441,0.0123555253961102,0.00269938875470271,0.00435033124307599
0.0120092230601878,0.199874207404591,0.0329436975860009,0.0796304691760249,0.0377347043734253,0.0427917859614034,0.096607500662745,0.104541106539025,0.0410471479626207,0.110203927989998,0.0372572312492818,0.382235321825279,3.12049776850756,0.0296853708209083,0.369962858206293,0.725105170946254,0.355107867376658,1.99008122747001,0.373934268789122,2.3054078372819,0,2.3696017245758,0.432310906750149,0.0274817302848145,0.00172052006389424,0.0101016011039349,0.0137239761532261,0.00591212892034924,0.0166979669711725,0.0998105951676812,0.162982106318644,0.0427416716095313,0.0270027841234532,0.161812922096084,0.197709446892984,0.051813420184549,0.00757122188474105,0.0788855434987148,0.0600664906375452,0.0380354163675536,0.02495642558219,0.116624382748573,0.233729446078359,0.0607987883267706,0.0560062184572085,0.119376864009949,0.0105804219834984,0.0608151421796161,0.00391117107049937,0.00703106015136123,0.00817074721676156,0.00302080971948879,0.00067540139969656,0.000600561937419471,0.00819385873359353,0.00571521592467066,0.00044339585885194,0.00812882090586685,0.00058498227427678,0.00742215048422146,0.00470183437726515,0.00545640609082358,0.00980805723679662,0.0152287513552299,0.00898015740703751,0.0166234385231306,0.00376373634140624,0.00545365885985078,0.00641436182790989,0.0282254025292068,0.0149143343032673,0.00968833534749973,0.00284674578925744,0.0112762606365877,0.00660570861053218,0.00751612358131765,0.0104527746830218,0.0576158647559073,0.0335887891400386,0.0169707141308639,0.00318262120914549,0.0136834411069003,0.0412620221184886,0.0210242593718399,0.0111239507117509,0.0299021295643114,0.0120322243892048,0.0191185960307423,0.00154505432625046,0.000666241292303527,0.0034244286002713,0.004818298962061,0,0.00320854304467599,0,0.0133282882205016
0.0113113090164206,0.105124593512119,0.0259623884594693,0.0361055488851376,0.0132058785342442,0.0101918652799145,0.0810453100573523,0.0705140899262557,0.0124297433631455,0.0267394423481377,0.0191097191505952,0.0883173874854944,0.640508244282262,0.0172128859248396,0.104353285818302,0.379451712536245,0.210035975234798,2.44385255039698,0.0552511658526987,0.280611822144223,2.3696017245758,0,2.79969865819567,1.02298989114451,0.00238099446869559,0.0137412047338701,0.00884738950995497,0.013800197230333,0.0357753968308248,0.605943446738405,3.14749061742008,1.95115393221513,0.0181841763184439,0.138753530598684,0.373272247649962,1.62699239398579,0.0147750507241422,0.175822281045649,0.415867335926864,0.573078203618779,0.00660900471323626,0.0235362512362643,0.0517756235452421,0.0245536957790402,0.0120279519034864,0.0177945934191065,0.523888757821597,2.20449586539902,0.00415748805884593,0.0130341217034525,0.014008653781445,0.00225991110656693,0.00195186131261209,0,0.0306583550071984,0.0244459839656732,0.000233885508481441,0.00607728079824902,0.00318680263331394,0.0110596609174723,0.0171632920795188,0.00421420961238668,0.0362796203634943,0.0271921365882447,0.057753949077049,0.100392316373531,0.0132143064354722,0.0148952798895288,0.0288727178918404,0.219100584489745,0.075464052079119,0.103529125477543,0.00159233507102893,0.0212510643084684,0.00704410101972155,0.00524994375351324,0.0135519725332435,0.284043948497975,0.507708953955968,0.138953466585785,0.0101196515684801,0.0426109735649638,0.108641617540409,0.295963688977923,0.00812475860021809,0.0515326060917367,0.0546485600067303,0.0890486476113056,0.00195777641075241,0.00358312070173824,0.00435225130578309,0.00386999654076677,0.00521522719682223,0.00797974945917059,0.0225977541023273,0.149590395824017
0.00593966790777184,0.0607718936286598,0.0110615100475127,0.0185368942420463,0.00798815055783687,0.00370604594953645,0.0235056847617867,0.0693005428012156,0.00980673230824319,0.0167348755129311,0.0157132076866302,0.0473988989697342,1.0461095954729,0.0309730676419429,0.0948709480083301,1.89897185573966,0.0433086198710992,0.082621307402122,0.0220068663267845,0.0930405768393457,0.432310906750149,2.79969865819567,0,0.421322273703278,0.00072620066942343,0.00591451677074499,0.0087707662522471,0.00287020228321931,0.00829561296947986,0.380873274178959,0.353872422135319,0.17648149891115,0.0234565295000247,0.110289330694546,0.311739504101701,1.11196842362824,0.0208223318992568,0.276352294238784,1.16577067611181,2.92541996600593,0.00633142688893313,0.0209311549778516,0.0164829115654606,0.0142170581575757,0.0074335049925429,0.00623698141009937,0.0782507020636538,1.8436741888661,0.00225336831232013,0.00572273513488701,0.0047108387489437,0.000569183596801651,0.00114104415476063,0,0.00343302132387023,0.0100437424446259,0.0010172677232464,0,0.000396658896389575,0.00512630721485641,0.0204605638902264,0.0028311615891531,0.0188727509528061,0.0240632405264319,0.00294442013421957,0.0149432697642636,0.00176396165151744,0.00426593399051944,0.029009444133663,0.0649586735534537,0.0741068166367601,0.0495472268930794,0.000322542225303028,0.00786933737686187,0.00328260054721017,0.0012826531277033,0.00437682779392776,0.147142454942023,0.0802588655913452,0.0387019411603814,0.00485859707529098,0.0200364302710511,0.0646167259718893,0.245546625542627,0.00186465548492451,0.0271988113778843,0.0467465796512346,0.131167709793671,0.00071652618324522,0.000800024849533093,0.00359493228785857,0,0,0.00391242015570378,0.00680152602646966,0.125243707408557
