0,0.126301356753264,1.48957200397353,1.61712521204507,1.33733884094704,0.0632010301516324,0.0776042852330058,0.607317080646102,0.0141707684071847,0.00607987346106791,0.0111451763509125,0.0141981277809591,0.00413928132476766,0.0281766185285675,0.0137092981044484,0.00563424151966042,0.0688810014784128,0.00951808093660495,0.0132357928013848,0.0116362141332442,0.00553681781401437,0.0131983539212687,0.00656577772521029,0.015347001245191,2.05291842321772,0.0315337014146232,0.587693042395733,3.15790879801732,1.15407595741484,0.0394199820075019,0.0372173770415486,0.00360331591454212,0.828289605277367,0.0678675647696818,0.0400261203951549,0.0269253749769209,0.0218567931757027,0.0140001178815633,0.00942773922218702,0.0125029008792552,0.073476559317482,0.0240418169562736,0.00983857520161661,0.0368308775589992,0.00801661459998605,0.00970830521811839,0.00634374361521929,0.00291144671881152,1.59641809851966,0.0196131892341392,0.470929113644234,0.143863956062972,0.0114625231930426,0.0184556178976455,0.0817737079099655,0.0342396944714406,0.000526776804111888,0.00170928149096556,0.00395665162574402,0.00317480467540318,0.000559437286517965,0.00211940081002171,0.00128427858964237,0.000763479167709647,0.0333861391768072,0.0152204213568883,0.00576875350403711,0.00461273734267668,0.00240156134298631,0.00526796330648769,0.000368890150387213,0.000212355904261052,0.588581726815849,0.047052795922521,0.442472319802117,1.18140823545593,0.508236917577413,0.0301416763910449,0.0306633763269105,0.000151750338587189,0.0745109549395021,0.0189413995718425,0.00779751464021032,0.0102124819846948,0.00332303388325313,0.00688116107646758,0,0,0.00509104695574752,0.00656864187048212,0.00298949394602832,0.00323480666159402,0.00183066120681277,0.00104339942385951,0,0
0.126301356753264,0,0.372809008029521,1.48518581560252,2.0426922062057,0.805616209122109,0.602021953302645,6.48575601253126,1.18688946026811,0.387446453511893,0.724928197307875,0.428507672464453,0.176573300392251,0.568673285625882,0.148080568913952,0.156047258250378,0.795332202554164,0.116671481125501,0.374828758960057,0.390931036172881,0.108542590723744,0.131577279632831,0.135528071282949,0.0907332685388788,0.00667799519428516,0.493493480759615,0.109510646512511,0.192310581969788,0.634627991260695,0.56970971853804,0.254151419007865,0.0160121247414272,3.12379435403544,0.411560688276655,0.690301412236584,0.345833650841811,0.367327256319099,0.243239403833879,0.409993705644392,0.091540067983497,1.61663464906186,0.69824545017669,0.245770070350495,1.7323550011399,0.315412496827108,0.371494531704492,0.0272001772098129,0.00818524633446537,0.00831435652085304,0.0148015822355719,0.11867233155822,0.0478447710794321,0.00260929376765645,0.0152751173432621,0.210149654329829,0.0258203986982259,0,0.0139531796173317,0.0128539731626367,0.0046016287652953,0.00334960551198846,0.0101193574922865,0.00315115316648629,0.00542173111068529,0.0867152281031505,0.0515238854436982,0.0275363251653717,0.00200327785480107,0.00315140424037008,0.0153819982384861,0.00219531274563643,0.00648717436084194,0.00633468050631344,0.307079862283798,0.0359808277039149,0.0384163272241694,0.162800035898599,0.13423591597668,0.0981375284647103,0.00192082701651955,0.0262847187442263,0.0668641445021151,0.0377110087439337,0.0207942168297742,0.0114339044492279,0.0155113472197149,0.00231342573350435,0,0.00414894012180789,0.019297886045193,0.0146840536289366,0.0232118678773509,0.00143205117594025,0.00403045491070676,0,0.00238700280597672
1.48957200397353,0.372809008029521,0,2.37816650930818,0.263301129626533,0.118967368508108,1.51368226239565,0.34115261352304,0.020869401515693,0.020511912406233,0.0312507559066413,0.01925921697974,0.0198218058354812,0.0229589632384044,0.0143702566596994,0.0232381762482019,0.978265614204129,0.141976564500358,0.113478366918444,0.118556796561047,0.0520099354229211,0.105821718964962,0.0335380773731579,0.0407812778069747,0.0267100594299143,2.08208537054478,0.0506443280890228,2.21679378237693,1.01131332581202,0.50127267622912,0.261354812038338,0.0187849744532619,0.246165760219154,0.0509320109747836,0.116533773982165,0.104068227316308,0.0200824913734293,0.0151475298829788,0.043465292880818,0.0297985083407214,0.197284222641954,0.101216463163061,0.0450180056854481,0.0571007341285949,0.0312639115913954,0.0291593968666396,0.0096186093931864,0.00659719065614073,0.233685813035384,0.0139640584200112,2.17799777869354,0.110227919713876,0.00426174128932583,0.00749467299218806,0.515659784723361,0.01434215578853,0.00251269615727176,0.00549340204616414,0.000948981974342733,0.00473271681471653,0,0.0020369045450601,0.00284629833625066,0.00224197960441941,0.167624233601879,0.0700944860091451,0.0101426882602781,0.00540543358940221,0.000897815670726568,0.0138167855807553,0,0.00226319502176248,0.011671746466393,1.06278723585716,0.0252829520145901,0.392520741886317,0.24538687815529,0.116470396264322,0.11335486964562,0.00104409901219159,0.0195940695962672,0.0230176297969379,0.0145951208489409,0.00364907111947225,0.00448392215385987,0.00418994211345735,0.00285618089662623,0,0.00267641818157068,0.018344820865214,0.0100779038132102,0.00330715014761646,0.00512962721481364,0.00329937635521144,0,0.00275076926032894
1.61712521204507,1.48518581560252,2.37816650930818,0,3.93404910345315,1.579352146992,2.72158150705986,1.95604054272863,0.210876505576149,0.149863925156684,0.158646621521412,0.127830939487665,0.104789473512117,0.143840813349483,0.0593473901519601,0.0886826655298232,2.38400970001668,0.158727509801261,0.645760694560607,0.449941912143033,0.100600441168284,0.131235043556122,0.11252287426496,0.0521036312134837,0.0144867893065177,0.488780289338989,0.0347387627303606,0.848475663013166,0.448348183665176,0.476675391780481,0.2190658274801,0.0125918174228668,0.899254048649594,0.101905977913494,0.188185703412499,0.141654233245759,0.0635551785596748,0.083068362464522,0.129602597345113,0.0535052150524121,1.34159604075651,0.724557445468255,0.198816977440782,0.383600980168777,0.129693099659202,0.187566457413606,0.00833747953496979,0.00397090030544268,0.0164816499459409,0.0128961540104921,0.229518753149189,0.0355158367687102,0.00549226326259208,0.00707141420499909,0.225804245889971,0.0100472883088037,0.000498186522140762,0.00159695357649231,0,0.00526389127674425,0,0.001470052980818,0.0044941799311799,0.00140302507708252,0.0907125671678097,0.0471477823511603,0.013522313149656,0.0036095454083222,0.000411424998824503,0.00324882083602947,0.000642192661740849,0.00271124533031593,0.00431689583771051,0.292887088475268,0.0134723299034328,0.0279789585385366,0.116720870051511,0.0746489039528146,0.0807341007990942,0,0.0189820379064999,0.0206587136722003,0.0128167753924464,0.00641869701046034,0.0029365485793692,0.00411237481086978,0.00652681377274237,0.000455339395704236,0.00154177305296964,0.0068338287151888,0,0.000558179275620574,0.00639259380585067,0.00497915385291675,0,0.0018534514355519
1.33733884094704,2.0426922062057,0.263301129626533,3.93404910345315,0,1.88678263147352,0.713495969431848,3.57143519308887,0.533663583829042,0.213828340244511,0.354369447608009,0.159133809516832,0.0800335460138017,0.28204777674077,0.100040569464952,0.0757468995096869,1.03022787500427,0.0785305395571105,0.563982149985987,0.338992567545973,0.120519177019813,0.0600572207485494,0.0645314451707111,0.0297738645489387,0.00246828593962931,0.152262562714309,0.0243156690402037,0.146523931969149,0.152318262515421,0.181873350839056,0.0878455463194611,0.0107238396242815,2.00145744942473,0.101204082837968,0.171696691784784,0.0884579330618243,0.130737860687683,0.124608132547507,0.129595253737275,0.0280982628168817,2.30847915205683,0.964043331676935,0.219610617131944,0.769839562473866,0.208793573158184,0.263382320846234,0.0167742204854459,0.0040764525710298,0.00361478816867804,0.0173703599826202,0.0614633950355698,0.0182878022568488,0.00406959061511775,0.00264218297044755,0.0527276177221878,0.00667836827150015,0,0.00280304002398701,0,0.00563969166572861,0.00186410634683815,0.00203254583287395,0,0.0025653636650437,0.0381260657747534,0.0148707525828816,0.00382665744560103,0,0.00319663743977847,0.00162683330290626,0,0.00391365795870166,0.00447229552651995,0.101395711074441,0.0251002807509071,0.0198992614382995,0.0574419029030184,0.0430090472852978,0.0264124899052923,0,0.0110735790075809,0.00363954237888658,0.00968684579034842,0.00249695087452298,0.00860579504944954,0.0141348781611847,0.00187353728048902,0.00197987034422367,0.00094027645489364,0.00172497821861628,0.00581320381240025,0,0,0,0,0
0.0632010301516324,0.805616209122109,0.118967368508108,1.579352146992,1.88678263147352,0,0.433112061636237,1.12606373466862,0.249327475677947,0.0870342840964204,0.121956358808306,0.0942850529905643,0.0610296510904329,0.126039805617748,0.0447670181093491,0.0505304094369556,0.606876428428058,0.0484595616318789,0.271322421779968,0.217661943534288,0.0549384719524758,0.0428353085882873,0.0471609888357826,0.00781257373363664,0.00571524483091913,0.111392429761199,0.00966536085742463,0.0354490499457894,0.0688709240155407,0.143399871511627,0.0489111315041549,0.00885274562408311,0.472140885558065,0.0503919300817717,0.0998081635251369,0.0431262551645445,0.0431323122306974,0.0380554805039603,0.0864218712530895,0.0248955237802608,0.975533759140311,0.612574170997742,0.153676709222957,0.348546339439891,0.11773193999091,0.136121397377066,0,0.00353164831242148,0.000700925824532272,0.00478087932803535,0.019747870187952,0.00336132045836173,0,0.00327905334020343,0.0327896918055835,0.0061744542445847,0.00545212799349382,0.00290439877990151,0,0.000750391363073394,0,0,0.00659100100154743,0,0.0206220526545924,0.00529607629863973,0.000937144333951513,0.00271781286870997,0,0.00541495101697595,0.000654249185000871,0,0.000991518526116952,0.0662590224017432,0.00474321508096165,0.0118299266502035,0.0242534437810401,0.0212299231439534,0.0192055253247835,0.00487512611121271,0.00330135765467654,0.00345088232482611,0.00474235756532177,0.00145708295766105,0.00574421537630931,0.00508309819187786,0,0.000697544720459943,0,0.0119648122854185,0,0.00322128831154986,0.00650812677956991,0.00395778019825974,0,0.00133583088242514
0.0776042852330058,0.602021953302645,1.51368226239565,2.72158150705986,0.713495969431848,0.433112061636237,0,0.814268881162875,0.111025942616606,0.119300294081799,0.0938945350901733,0.150973176063672,0.151863413530295,0.0906961776429615,0.0777744001688788,0.0784579791698958,4.76567093421805,0.680325550418677,0.604765700209578,0.685875952713785,0.247170716470889,0.385263573366285,0.172187525573336,0.0891889352363738,0.00238938888959714,1.12746858083021,0.0240468288282846,0.135540346272678,0.522262599116617,1.35013514563965,0.769788915976647,0.00837214524037765,0.257351738502299,0.0756213962820889,0.20174573381735,0.260867223124285,0.041447184183734,0.0655777423638741,0.184232043178859,0.0863308701581394,0.300527374121488,0.44371727904278,0.186938368207515,0.18088009164205,0.11357359602959,0.137723828480509,0.0317488178444703,0.0132005513060062,0.00603551925253981,0.033348854085181,0.26569431267869,0.0449173162472321,0.00201278685020172,0.0066301699460458,0.907762548282366,0.0188294347820903,0.00605715234620746,0.0168494400881183,0.00294358362244886,0.00861224227960072,0.00464169900248163,0.00314708839067195,0.00643789925738068,0.000830485698300208,0.519906061790331,0.161730016066698,0.0293969305242479,0.00938904741854739,0.00458481416483758,0.0123800936738636,0.00262531130169255,0.00403409876277453,0.000361696857192596,0.60361149842681,0.0105306136247465,0.0306077914404983,0.238535742309415,0.322499176322435,0.272018533883861,0.00223404166625032,0.0110779546147258,0.023852179110645,0.0155526853123048,0.00882272017472095,0.00477752081522405,0.0188754597938488,0.0056024439524648,0.000300199888696166,0.0031911227482755,0.0257700010647054,0.0125450339966281,0.00971754035369915,0.0224791024358382,0.00957573615051089,0.00272616861922267,0.003929841927569
0.607317080646102,6.48575601253126,0.34115261352304,1.95604054272863,3.57143519308887,1.12606373466862,0.814268881162875,0,1.82342530457626,0.41852189863714,1.17403737818891,0.557102532715547,0.204372907867658,4.21323886542113,0.427126762367077,0.168035792570243,1.08617159275056,0.117330718720119,0.52471841952225,0.42139152397908,0.110367949956916,0.117169563387776,0.112675602742133,0.0985568555203317,0.100020055936006,0.287101016962582,0.345945104603912,0.193170448622351,0.426832880241805,0.416512043981668,0.228572512554086,0.0179277824346984,7.49739504352276,1.37816127914748,0.72429236470099,0.304408761399708,2.95377324214799,0.345872835514864,0.257821274328109,0.0878000243800547,1.57724458325956,1.04616323864722,0.224287591137091,2.97718421109913,0.430642806174387,0.421394564720783,0.0152302595339697,0.00878985915850854,0.104154722013672,0.0978975354566989,0.168650286286878,0.137420685379838,0.070570312760521,0.118290992101141,0.273169235930557,0.129472370712851,0.0147780955618187,0.027949471390008,0.0186264406083321,0.0274986656019845,0.0107238366145156,0.0194665519529513,0.0238149244745425,0.00839464728947224,0.117367827239387,0.0493503800281006,0.0363764427403214,0.0252647838946603,0.0116635967713071,0.0104099023877276,0.0034539170315935,0.00733325836461764,0.0567708631352218,0.21405329578022,0.156508921985931,0.0806487449605103,0.194275107863471,0.117231198715435,0.0939186442878879,0.00513252820467019,0.16435481383388,0.145231927574218,0.0514329034490497,0.0153460958707334,0.0156988547559901,0.0222760756964882,0.00821481622458136,0.00691700503444633,0.0190387621425899,0.0424262246241515,0.0171681973009653,0.0134395571001984,0.0248412915109878,0.0192819311679582,0.00276294885400491,0.00354917362335115
0.0141707684071847,1.18688946026811,0.020869401515693,0.210876505576149,0.533663583829042,0.249327475677947,0.111025942616606,1.82342530457626,0,0.542032924588783,0.56657965055571,0.357036424909044,0.102624519585277,0.350503137557685,0.172431334114676,0.109659323000726,0.259475964961129,0.0315488169300958,0.235493533073157,0.157465182634327,0.0334883513983684,0.0250408772943561,0.0250873434496012,0.00547750091996889,0.00265664418359751,0.0428704225237451,0.0224951810452058,0.0061645859750786,0.0309988838825807,0.0804340866191905,0.0237794700282752,0,0.259327709954057,0.154320499202308,0.474922056730683,0.071830538126009,0.234598647174344,0.255617898671001,0.185470727465852,0.0243451801060576,0.368254522778005,0.355109716602195,0.107599081271211,1.55760059942784,0.296422095161835,0.379198947169442,0.0117204906972565,0.0011762995360516,0.00648918262899252,0.0133748598335148,0.00784011898889622,0.0146638788567626,0.0049852466122553,0.010588941091679,0.016166167321882,0.0123683121895871,0.00454623305335522,0,0.00299050952695135,0.0106981498047223,0.00864410416647887,0,0.00111293860542498,0.00763302404530153,0.01624272831841,0.00271948611410677,0.00499427393492002,0.0138261095855288,0.00913444906983787,0.00331842274214453,0.00082299382681883,0,0,0.0699484539918721,0.017581247628128,0.00544112653635431,0.0124633487000814,0.00128136156007571,0.00444891999378766,0,0.0192918555403963,0.0131662908102768,0.0159422057692026,0.00799379340583529,0,0.00186439599731782,0.00861229577672207,0.00173816042042307,0.0093970785917068,0.00520189983609448,0.00256207336341174,0.0166779051792742,0,0.00869490604256268,0.00928946675205267,0.00117050455076528
0.00607987346106791,0.387446453511893,0.020511912406233,0.149863925156684,0.213828340244511,0.0870342840964204,0.119300294081799,0.41852189863714,0.542032924588783,0,0.206051410885887,3.93969346526803,0.875981390374973,0.180603486224621,0.844726629583918,0.226432098967983,0.434636107209791,0.0379180942829162,0.49559060176359,0.596865364655074,0.127620004482829,0.0637190485731588,0.116475252132726,0.0240138108868553,0.0128646866651252,0.0211756664720839,0.0371001143179921,0.0134044570629212,0.0231326712784864,0.0938611837103059,0.0422691428625036,0.0112219560270636,0.0999701198193541,0.337717727858716,1.07276722175647,0.101050275371483,0.112185964582227,0.658785325206362,0.407580680339194,0.0333567961649767,0.0762924316181434,0.328993671484462,0.268677945137004,0.51874843287828,0.211039719405989,1.33063200904597,0.0361642494300673,0.000651178981539623,0.0104358552220658,0.0273245880799688,0.00779642889428317,0.0106061899242548,0.0028681784862084,0.0179934096627172,0.0198246461544978,0.0304462999582262,0.00950621574860173,0.0074587713672481,0.00980030586873404,0.0132525017535529,0.0284790582188497,0.00810260761270387,0.0154837851216106,0.0066063517991926,0.00745362887187066,0.00794383855917229,0.0134783236804078,0.0104758625663945,0.00988919245638688,0.00365543603173662,0.00438365607831659,0,0.00886979351108375,0.0167447909538732,0.0345907218316509,0.0133375453667175,0.0205882796379878,0.0189186037806678,0.0211239925409169,0.00196067633496455,0.0431958311378953,0.0329956116373933,0.0188909758207067,0.00422364100479136,0.0017103497964073,0.0270546158602733,0.00886076212115712,0.0091459148964386,0.0153252072992253,0.00402217902737215,0.00154468702112627,0.00404863844411789,0.012824939036655,0.00784169577593351,0,0.000623078801178178
0.0111451763509125,0.724928197307875,0.0312507559066413,0.158646621521412,0.354369447608009,0.121956358808306,0.0938945350901733,1.17403737818891,0.56657965055571,0.206051410885887,0,0.311989610798158,0.142781326713118,0.76697329951865,0.237157544418016,0.1438996728508,0.204479104698092,0.0250897321398073,0.170355966330251,0.115655458323832,0.0801972285576342,0.0269234556648248,0.0486755591300515,0.0233284890199204,0.0163713630320322,0.0233519096930575,0.0559696790042361,0.00541199040733851,0.0318212465304539,0.0700648192367752,0.019472171973426,0.00188057532829733,0.234981854852369,0.198547070158196,0.227385587012373,0.0393373984313902,0.207282601929309,0.221209704862615,0.111304796173961,0.0260023244918304,0.068863905571506,0.160320751718245,0.0703521463552954,0.559244502294965,0.14178924617356,0.219789849980105,0,0.0030435192125926,0.0121414028257872,0.0154718879394282,0.00675161775451144,0.0181031805446755,0.00590594870295413,0.0180026955921933,0.0141129749646209,0.0127216838680469,0.0207414353427025,0.00929668537982842,0.0167574628308565,0.00472296612337786,0.0118725425301955,0.00478457209837715,0.0196426248365719,0.0149956616649022,0.00677970464154839,0.00207690309100528,0.0111763239925703,0.00579146531522667,0.0135856659200724,0.00377961763238227,0.00264374808186843,0.00873969276599124,0,0.0199627861222583,0.0346229021035668,0.00959194093822044,0.0220952148096898,0.0100813127761538,0.0142650652699605,0.00232501830633192,0.0323585468394839,0.0157282115306464,0.0442655246891546,0.0183443236588982,0.0034584836186351,0.0215343124353381,0.00977430894689686,0,0.00858953189745693,0.0112525795066851,0,0.00962456654448662,0,0.0158387302024982,0,0.00462119642984915
0.0141981277809591,0.428507672464453,0.01925921697974,0.127830939487665,0.159133809516832,0.0942850529905643,0.150973176063672,0.557102532715547,0.357036424909044,3.93969346526803,0.311989610798158,0,2.85969510629274,0.216145409515789,3.1112355900799,0.616283426845815,0.523056671542922,0.0619006815668559,0.468234973476337,1.01425981490028,0.235274691568446,0.103786621474163,0.163137027873642,0.0454413767491436,0.0142154268189114,0.0168896782290293,0.124275955204695,0.0150849286725451,0.0256266348612705,0.14874692570559,0.0700388211436068,0.00454293074850508,0.150526399085275,0.781977289977349,1.68452174164625,0.260502757967422,0.312530589015001,1.13880177443905,0.61938720009502,0.0753138134254996,0.0529454276256047,0.284161024929568,0.264261607900648,0.634969555352244,0.407403450265157,2.06274097598899,0.0151936777859711,0.00610776622020397,0.0251987285355262,0.0704431423973398,0.0191863881491363,0.0436504271209495,0.021492774795374,0.0745952012815052,0.0536455403951486,0.0914453230254008,0.0250916550148538,0.0354572448359385,0.0168280438072607,0.0345026793686875,0.0239733323464145,0.0105485932644853,0.0208563081036439,0.0225660811273635,0.0340391032413792,0.0151838740328453,0.0214360835520446,0.027964703683785,0.0186675018977591,0.0137873243979354,0.00563112528486191,0.0117619144744265,0.0135120582788277,0.0161111396086699,0.101027992590649,0.0215369054497062,0.020052394069151,0.0163841770664386,0.0210434855490926,0.00499572000044414,0.109476913141204,0.0583766768508169,0.0572110969019883,0.0339958300128433,0.00500340517641287,0.048250188873223,0.0258810099778317,0.0147357796159346,0.017173151945258,0.0269259955306368,0.0149464857710008,0.0177230576736728,0.00553490039302429,0.01697955277426,0.00672037852872074,0.0073110784506223
0.00413928132476766,0.176573300392251,0.0198218058354812,0.104789473512117,0.0800335460138017,0.0610296510904329,0.151863413530295,0.204372907867658,0.102624519585277,0.875981390374973,0.142781326713118,2.85969510629274,0,0.0839694114567489,1.19095036181892,0.853450660794382,0.517173814363859,0.14549995666325,0.43082202844311,1.34173797056517,0.664379466718234,0.45130093246683,0.688781105814779,0.119820754459986,0.00732061990195573,0.0287984701571542,0.0208771729624727,0.00830732378857311,0.0283585299766762,0.376122919064141,0.216828064192717,0.00940338808484847,0.0689933014886376,0.213803780959421,0.993630249641186,0.488097118919115,0.092343242020301,0.588008919134654,1.06632017842003,0.258044745530386,0.0407838287891008,0.151910743908241,0.298078636543573,0.11684193431838,0.116201148329911,0.741469632828973,0.0506117226441564,0.011412921066587,0.00600234978666276,0.0294374394175865,0.0086143843546589,0.00968076036374983,0.0145917310838493,0.019804845805955,0.0357476692441228,0.0303981086415505,0.00444123149603969,0.0183776862048032,0.0054412048169783,0.024160908655331,0.0199120380523867,0.00756260599229223,0.0167645913743535,0.00518767848989025,0.0300830881856364,0.0148938698710507,0.0288129662678496,0.038087549833063,0.0116619074052158,0.0171311628287736,0.0168396220774223,0.00607270829531256,0.00243988559610561,0.00902696473533644,0.0221224072195571,0.00399647064500929,0.0149298174285334,0.043576284266073,0.0380319073065473,0.00105158044907206,0.0478628757940153,0.0295669465764602,0.0630043905305698,0.0295615639858249,0.00547154571786671,0.0231928943371265,0.0201657487201053,0.0118765489942074,0.00500448686560323,0.0139755922083322,0.0060310868140212,0.00315879121158171,0.0041631634704232,0.0152631379908026,0,0.00763169138081072
0.0281766185285675,0.568673285625882,0.0229589632384044,0.143840813349483,0.28204777674077,0.126039805617748,0.0906961776429615,4.21323886542113,0.350503137557685,0.180603486224621,0.76697329951865,0.216145409515789,0.0839694114567489,0,0.254711515613272,0.104810561152545,0.185507702903951,0.0217113917929804,0.175647372871624,0.0891748768657157,0.0725936807040228,0.0251864940264704,0.0344232881342754,0.0285817383180328,0.0611512276816145,0.0430932651263111,0.136513342413479,0.0511228464297894,0.0756480548219107,0.0506609386279664,0.0434807147684679,0.00675256614462785,1.04439407692261,0.412741999697086,0.231151046977095,0.0762879913493852,1.30179216302593,0.189991436552203,0.146963720993164,0.0538354605041865,0.157934728636747,0.183743607157103,0.0452343580382897,0.468127209775303,0.0980619866975246,0.158573739159708,0.0268989794860177,0.00560182858115899,0.0300012251501263,0.0465792971314442,0.024255237023099,0.0442155223701179,0.0447795427092261,0.0821027471798444,0.0447072569448709,0.0398299994097267,0.0154092435259372,0.0150251438466152,0,0.0119024750717877,0.0170087324226392,0.0220888831503828,0.0170524692907693,0.0113200276884637,0.0221739326697324,0.005168181550018,0.0247395311224849,0.00880470955159951,0,0.006628734252591,0.00727095594773364,0,0.0292114528790662,0.0334666053577575,0.0794711937139764,0.0184487769552516,0.0246455828026467,0.0222382364389266,0.0124075037571461,0,0.0924115771151311,0.0319037942246471,0.0478504158465195,0.00878357641277032,0.0174118412285422,0.0214634567699055,0.013290590860132,0.0114897851719872,0.0313451549221411,0.0185433731224795,0.0155648366795003,0.00510603500471357,0.00963106712443113,0.0201917544936858,0.0135827921366299,0.00235789604632619
0.0137092981044484,0.148080568913952,0.0143702566596994,0.0593473901519601,0.100040569464952,0.0447670181093491,0.0777744001688788,0.427126762367077,0.172431334114676,0.844726629583918,0.237157544418016,3.1112355900799,1.19095036181892,0.254711515613272,0,0.433376821319099,0.221818564092345,0.0223945768878043,0.215237327367488,0.407080591127746,0.155644466251403,0.0739423930226458,0.0925936400644159,0.0199868171676565,0.0302090554235975,0.0208774465149158,0.118863375046538,0.00997980428608969,0.0184442520886499,0.107982656270039,0.0525021450956058,0.00993411103191411,0.108343753685263,0.385705379597512,0.943874238385439,0.166071655328437,0.465722315059402,0.742388725084563,0.467688288631051,0.0574845754685745,0.0537688971997548,0.129925083235176,0.102415658887901,0.190051082905624,0.110168896507745,0.555617774688594,0.0110068690655775,0.0138440581032065,0.0299259821250795,0.0596403873131072,0.013424383735182,0.0459079549341107,0.0420171629504934,0.129704234498193,0.0411984214330295,0.111167439234093,0.0124625456101188,0.0485981756612387,0.0579990959260381,0.051617496972521,0.0499059840845648,0.016041493926187,0.0305932123193253,0.0329579958215353,0.0275789363177056,0.0219513051844866,0.0253668011113731,0.0431714066922534,0.0339944686109459,0.0240914199619248,0.0188803897204883,0.0215540645069727,0.0101010424527107,0.013414600278471,0.106825914247987,0.0236803158664702,0.0263472826313645,0.00919112320546252,0.0282459089475228,0.00416500137466155,0.122955100126731,0.0940153573353766,0.0814480000589428,0.0380696976481863,0.0106946919113398,0.0622894289086609,0.0418774099509549,0.0247649122889983,0.0218623297970935,0.0116511791742379,0.0294036462346684,0.0144884638370626,0.0206245486089482,0.0196496641676657,0.00266906858263649,0.023983087023053
0.00563424151966042,0.156047258250378,0.0232381762482019,0.0886826655298232,0.0757468995096869,0.0505304094369556,0.0784579791698958,0.168035792570243,0.109659323000726,0.226432098967983,0.1438996728508,0.616283426845815,0.853450660794382,0.104810561152545,0.433376821319099,0,0.318152337803553,0.131494912869168,0.262626302856053,0.591306298017562,0.283989334613753,0.27826231706119,1.08948840289409,0.155168891124313,0.00331039107010378,0.0288934297471894,0.0180244817232678,0.00587207290711544,0.0311993966549414,0.384659724717356,0.239499804912686,0.0149653684936622,0.0605280423328538,0.099337049014907,1.08919761442768,0.707382092973347,0.0696776874306959,0.732005246225459,3.02975072892299,0.530938562755955,0.0480387434021172,0.123132389768808,0.129204621192361,0.171450112238982,0.104462181892657,0.262555398828443,0.0692000629404838,0.0229873939342231,0.00327103622913757,0.00789828196649092,0.0109932714758023,0.0132668000200419,0.00675260581488729,0.0160802162430434,0.0308447925746791,0.0245542221923304,0.00217346976514983,0.013956664294823,0.00416000101408012,0.0251687002343661,0.0265034091623279,0.00936633373395535,0.010546114816096,0.0091134901021686,0.0257056138625202,0.0108245024313357,0.0204005903457754,0.0447808514012493,0.010274375603416,0.0087251074807216,0.0124321453382255,0.00705512889977611,0.00358461878350896,0.0216246027853747,0.0139652702481431,0.00471246674230256,0.0118431298461355,0.0306648100459364,0.0292855255358201,0.0106280769229156,0.0145184347822911,0.0261964785312025,0.0262719226720677,0.0241012335507139,0,0.0253882993395152,0.019812204018827,0.00917274464064025,0,0.0161025560419479,0.00571629461155565,0.00482520115616536,0.00114465353275028,0.0132450794574929,0,0.00738367482028508
0.0688810014784128,0.795332202554164,0.978265614204129,2.38400970001668,1.03022787500427,0.606876428428058,4.76567093421805,1.08617159275056,0.259475964961129,0.434636107209791,0.204479104698092,0.523056671542922,0.517173814363859,0.185507702903951,0.221818564092345,0.318152337803553,0,4.26895963403174,2.04039348504827,3.25530328739938,1.0853350026765,1.72878589315759,0.646827672949094,0.209022863319631,0.000546880395699674,0.663803297869415,0.0360616175409266,0.0782527591538469,0.394299773294489,1.99165725673044,2.10083500294762,0.0418062702949475,0.292771021258951,0.153758599421187,0.528715492543176,0.651912870924451,0.0637701848479863,0.248533971523025,0.660660441169241,0.258707422695203,0.261200594997041,0.844470927552892,0.533405215064647,0.300865481948974,0.242729150068776,0.481685393208713,0.0781017283688488,0.0307199082673401,0.0082777741424149,0.0376829856328751,0.201022830524645,0.0460774734284448,0.00774018776252782,0.0222437076781677,0.836370952507397,0.0294750395822915,0.00494980123438476,0.00740372982263895,0.00510412175706141,0.0140098817074457,0.00330035099627729,0.00452013021470244,0.00989174363072616,0.00224115246114354,0.886825479529663,0.263320806981188,0.0361263372039525,0.00778738932268122,0.00804978215476089,0.0210760885210627,0.00341338730382478,0.0133361313580674,0.00238931449334399,0.411668548135565,0.025206909528891,0.0388859072235147,0.149135874724571,0.340556586767071,0.565322112827031,0.00257837243612752,0.0264707175985183,0.0264709016773694,0.0242150705804293,0.00971673018787715,0.0100336054595846,0.00902861497576074,0.00717113384628967,0.00877625013583505,0.00750487392021156,0.0201115413374015,0.0124297861992637,0.00754725706979377,0.00955913421640222,0.00470851280775134,0.00704193217682215,0.00880350954410514
0.00951808093660495,0.116671481125501,0.141976564500358,0.158727509801261,0.0785305395571105,0.0484595616318789,0.680325550418677,0.117330718720119,0.0315488169300958,0.0379180942829162,0.0250897321398073,0.0619006815668559,0.14549995666325,0.0217113917929804,0.0223945768878043,0.131494912869168,4.26895963403174,0,0.409436935758235,2.32721158343533,1.04132140691145,1.55929949787161,0.319347266800947,0.206568301445802,0.000906373088796902,0.175587217255279,0.0195472105281372,0.0493401377656323,0.144982788585035,1.15361567240047,1.74057856476926,0.0693299287467009,0.0765120344242015,0.0288931191108237,0.219296634762319,0.418433436490197,0.011811423156581,0.0519708572840397,0.346930938892726,0.190933505579434,0.0506547033520146,0.0848709120060062,0.109862312947546,0.0501679787346879,0.0368744444831756,0.0663543666046528,0.0848417963990679,0.0221894296985863,0.00152098380673561,0.00249352625089854,0.0552258016130717,0.0127995931927894,0,0.000922831441007105,0.265923429317775,0.00392493295465868,0,0.00618714319529712,0.00143730048682045,0.00580977045776634,0.000810598424193634,0,0.0032564746352598,0.00359615805239547,0.38411472310628,0.106166795902683,0.0181990561278881,0.00488825906807534,0.00156654423276444,0.0172100445564717,0.00100569479815186,0.00561319597613314,0,0.13939254760513,0.00350419013624267,0.0156215052332805,0.0597758974973586,0.204685591703266,0.295518072849914,0.00160605981903136,0.00210053861307139,0.0146623245582659,0.00436587710645275,0.0108118886077416,0.00591495781816544,0.00507889188062476,0.00650418727414847,0.00247030079071709,0,0.0125577237136644,0.0104090250117397,0,0.00291298191230724,0.00377159353000896,0,0.0037287059632864
0.0132357928013848,0.374828758960057,0.113478366918444,0.645760694560607,0.563982149985987,0.271322421779968,0.604765700209578,0.52471841952225,0.235493533073157,0.49559060176359,0.170355966330251,0.468234973476337,0.43082202844311,0.175647372871624,0.215237327367488,0.262626302856053,2.04039348504827,0.409436935758235,0,1.63144441912409,0.525801529484263,0.378426500543185,0.250201914669539,0.075702259785297,0.00739469430265954,0.0763387884434001,0.0222485285430077,0.0191182462278488,0.047218646303727,0.365391820652422,0.231832604310583,0.0155070282595862,0.0841762303248864,0.116944858109417,0.443756957418602,0.231301662663996,0.0882994816758985,0.224769414422243,0.344075724587162,0.087998725941702,0.193146459204853,0.619535763548762,0.444338758477635,0.214037537925509,0.275194095129002,0.661273820214523,0.0825609420788119,0.0139152286592664,0.0055860510315571,0.0167367130575049,0.0142703534580516,0.00634223850245696,0,0.0152123455471217,0.0488448877842827,0.0144673234375745,0.00329807501407853,0.00308858075943561,0,0.00429574343422209,0.0073473361850977,0.00960807228928058,0.00322159630485862,0.00534264626065754,0.0446424575225058,0.0186598294954407,0.00214093979327053,0.0102469026378492,0.00771781704751709,0.00274893276800426,0.002015573649089,0.00439375193029706,0.00175634329325984,0.0585037689359611,0.0195887681959448,0.00624669622118137,0.0205074786379432,0.0417960515915534,0.0457614064602819,0.00412120995731381,0.0141150025752378,0.0241397955388544,0.012294223063353,0.00483088344772752,0.00555458900722838,0.0113928879183316,0.000982158208589823,0.004205861737916,0.0142760574812621,0.00363645016018398,0.00583875289249099,0,0.00543996866069141,0.00322973942381073,0,0.00495311387605094
0.0116362141332442,0.390931036172881,0.118556796561047,0.449941912143033,0.338992567545973,0.217661943534288,0.685875952713785,0.42139152397908,0.157465182634327,0.596865364655074,0.115655458323832,1.01425981490028,1.34173797056517,0.0891748768657157,0.407080591127746,0.591306298017562,3.25530328739938,2.32721158343533,1.63144441912409,0,2.53909886461474,2.19671017780808,0.962989520065666,0.246268771803717,0.00392568448365511,0.144708144074887,0.0221291684073395,0.0378611866895675,0.101935662547409,0.849764867046405,0.867367073833677,0.046679919155912,0.113892954986309,0.141823095659666,0.777450599691494,0.649935727394276,0.0669375181825435,0.432804045508491,0.968272187923918,0.35057886943098,0.148657957411916,0.470815841903026,0.572222150054202,0.236885926237148,0.270694152667179,0.607811779676188,0.139746122465264,0.0272874075816394,0.00575831645594257,0.0225968132246385,0.0222663080383696,0.0178407648231937,0.00286840304203229,0.0130515417052125,0.134247213057177,0.011929872143096,0,0.00987303280668259,0.00450728321407905,0.00861741101377564,0.0150415107677767,0.00602442450659708,0.017169893592749,0.00878001501280996,0.153504268368841,0.0405820225626946,0.0157404429006198,0.0168203418518891,0.00634650865721659,0.00956598313222841,0.0103187816269029,0.0107029344073411,0.00180030756176397,0.0628042038174181,0.0246061839821965,0.00663824468739924,0.0258201122500416,0.115055883358737,0.134998634398686,0.0089375004619005,0.0152776976953874,0.0331120549750453,0.0266237678580419,0.0126733052843177,0.00313978004880741,0.0198899655255201,0.0195872890737252,0.0100254049122418,0.00324868955296807,0.00429490047248859,0.00121735108620741,0.00696924291454935,0.00453494317941391,0.00379200854593192,0.00129205875243409,0.0077041453390739
0.00553681781401437,0.108542590723744,0.0520099354229211,0.100600441168284,0.120519177019813,0.0549384719524758,0.247170716470889,0.110367949956916,0.0334883513983684,0.127620004482829,0.0801972285576342,0.235274691568446,0.664379466718234,0.0725936807040228,0.155644466251403,0.283989334613753,1.0853350026765,1.04132140691145,0.525801529484263,2.53909886461474,0,1.60266764848143,0.50205867549751,0.185214217832436,0.00370768728428128,0.0507031958977971,0.013613810750833,0.0166834318012487,0.0487872382784638,0.426237660248745,0.503870803085701,0.0240027867361218,0.055121502938008,0.0587927543055219,0.342503532122539,0.361157308955258,0.0439063219318331,0.18583086646011,0.444566835237294,0.203267823106962,0.0230056119279339,0.107657227255718,0.191356257924082,0.0773808176177125,0.04321996205405,0.129519858926022,0.0494059228663799,0.0271337372805917,0.00232136433708082,0.0139171810730116,0.0190007751194059,0.00491867517343179,0.00410860921608637,0.00587626358856816,0.0737490097677621,0.0201924012928,0.0016128319711608,0.010115504827843,0.00108699555360502,0.00565624869077769,0.0100024226782034,0.000921758005818056,0.00805820296387105,0.00835326777356038,0.0643402259426444,0.038530175156606,0.0112538415418274,0.0179708049839111,0.00228123502418447,0.0155975648615965,0.00747682588975015,0.00724731707902751,0.00337449709094155,0.0622448550078951,0.006834242551567,0.0030069422926681,0.0158947185263295,0.0635494744549664,0.0763339792395036,0.00237173316330354,0.00700029186254962,0.0110765094653721,0.019135430110947,0.012046159630132,0,0.0197184885446631,0.0137410867089299,0.00642185910046461,0.00439829196554409,0.00773538942119057,0.000804243805409117,0.00320503741611532,0,0.0085027455354541,0.00551449582753652,0.00388721617250712
0.0131983539212687,0.131577279632831,0.105821718964962,0.131235043556122,0.0600572207485494,0.0428353085882873,0.385263573366285,0.117169563387776,0.0250408772943561,0.0637190485731588,0.0269234556648248,0.103786621474163,0.45130093246683,0.0251864940264704,0.0739423930226458,0.27826231706119,1.72878589315759,1.55929949787161,0.378426500543185,2.19671017780808,1.60266764848143,0,1.68246277033977,0.905234730237529,0,0.0723277605479915,0.0200791754129403,0.045665861330341,0.104212400800596,0.790383659249086,1.96488111571624,1.27992886287954,0.0927643325168103,0.0360633591476965,0.309710558184442,0.833336853821857,0.0144267199948397,0.131618874295549,0.783390055969142,0.732879256642041,0.0377251507988609,0.0922370330794132,0.11912511841827,0.0289698198207022,0.0323245408734809,0.068343762502805,0.158766848647923,0.940185766986653,0.00175117861852837,0.00718389089958879,0.0495398678591454,0.0170485860622095,0,0.0039683441918871,0.150286489136299,0.0111867799872314,0.0013675414893134,0.00210479622408721,0.00124896129617334,0.00349347015416897,0.00284583266425695,0.00414572174449095,0.00523543432441009,0.00382680461247393,0.238629428546407,0.284401092633652,0.011745705207902,0.0123837427683231,0.00969350902344131,0.245323890312984,0.00745043466281613,0.0199463768032464,0,0.0690735394382403,0.00633315452328656,0.0068528541538399,0.0303508731623204,0.130881438487095,0.85426367549099,0.11899124935532,0.00743362692878773,0.0180791099498207,0.0262597996079181,0.0330911602319298,0.0059141520383245,0.00909223749112359,0.00545780718214122,0.00985850575354858,0,0.00666372561593433,0.00200271493528868,0.00200387444912264,0.0030397845096298,0.0040275336333472,0.00644628887961455,0.0311556256046339
0.00656577772521029,0.135528071282949,0.0335380773731579,0.11252287426496,0.0645314451707111,0.0471609888357826,0.172187525573336,0.112675602742133,0.0250873434496012,0.116475252132726,0.0486755591300515,0.163137027873642,0.688781105814779,0.0344232881342754,0.0925936400644159,1.08948840289409,0.646827672949094,0.319347266800947,0.250201914669539,0.962989520065666,0.50205867549751,1.68246277033977,0,0.984647833205946,0,0.0382779309013852,0.0111681622033664,0.0117998269272069,0.0503456257196161,0.70387021079046,0.714590978615987,0.308516943282805,0.0609055663917348,0.0579347774764804,0.47173692669322,1.56056935888066,0.0184516625877499,0.195018904587898,2.44521790072195,2.72431575428841,0.0330815954533102,0.102657706165138,0.14655379636436,0.0265778665569321,0.0529921016074563,0.134957877608184,0.179313482776508,1.30333840126478,0.00227196288791414,0.00148933958720142,0.024543659947968,0.0115510959764936,0,0.0052358865786678,0.0517856956045078,0.00888373010024057,0.0039172659162432,0.00236954796587882,0.00171720890154128,0.00453605871952437,0.00763070756742673,0,0.00439315868031005,0.00147997409365593,0.0716813773522017,0.0624296383713896,0.00762921084268187,0.0117431355973763,0.0100375922651546,0.0484179372887312,0.00839508802020814,0.0300345258670036,0,0.0283085296289821,0.00505157816708773,0.00227754485446949,0.0243014587218753,0.0808074622018118,0.163673326040265,0.0386614132386149,0.00861606598670672,0.0212720348565409,0.0302786195761223,0.05059756617075,0.00187209514995704,0.0118666303628127,0.00775774145809543,0.0242063917859606,0.000767128397971426,0.00563574210964451,0.00689020329186421,0.0032428697911637,0.00382935094339138,0.00152040075921668,0.0104230558449676,0.0513562249752526
