0,1.93119063873553,4.37845505941814,4.66376835195098,3.47233974502956,1.15242861776114,0.916042088141869,1.9442192342347,0.00380019108490233,0.00266618076810133,0.00101097272796342,0.00504186082733979,0.00338443235081828,0.00291865181548853,0.00116147658983247,0.000346779779127379,0.125267587026333,0.0266025431916336,0.011760468495704,0.0121948127527897,0.0067154201203431,0.0274030039004343,0.00441427586037263,0.00606898057953637,0.941307056308419,0.353154799418064,0.834487520688936,5.12364621751848,2.34193156294144,0.0850711825585483,0.0412847533141298,0.00922844574408851,6.33790996894535,0.0977278737167444,0.0292337130235247,0.010316229267035,0.0297104738715099,0.0110280272728726,0.00207915364407575,0.002727850760567,0.557801504359048,0.229733857943974,0.0096098105710978,0.0074152918469667,0.00406832038363982,0.00613202337422902,0.00265442227279099,0.00693008920660078,2.00539463521471,0.0612976930614757,0.949720659501484,0.0721412588674429,0.0184664083982665,0.0113083578000665,0.0602496793137938,0.0545830516642401,0.00388449689689573,0.00394376098098642,0.0135719231440235,0.0232487468671904,0.00447394777392668,0.00202768211646187,0.00681023545964862,0.00264175153450981,0.0265328166514703,0.00510054803552539,0.00824729038873085,0.00751930615242745,0.00938777500832212,0.0127381558019758,0.00772556384472187,0.00375869696206437,0.544160417338225,0.127387201658569,0.470833754394363,1.12048111588898,0.860114088752832,0.0734797132495194,0.0236475416726059,0.00375508382293762,0.105032882158049,0.0113957566931101,0.00465415154199926,0.00659604889627167,0.00550276015457254,0.0113618762952717,0.00265993700233945,0.00232295158938016,0.0161525318307606,0.0122183338927378,0.00279995358866671,0.00920940177769419,0.00279473663287057,0.00227365729605722,0.000610480374118413,0.0104964495805415
1.93119063873553,0,0.496586799178793,3.70209463480399,3.91554967874374,3.34263830291594,3.07479229875159,1.9976137843336,1.90094206176394,1.08472941888334,1.12528070826821,2.00510539811077,0.285685788704628,0.0929422814178909,0.720720142853679,0.127232762750862,2.30164969542967,0.627054895345224,0.794013977275985,0.868163311831414,0.447683545863842,0.204763707248049,0.124418534151812,0.144367824874093,0.0936267927915607,0.258231938870452,0.206201613716195,0.452757101958854,0.631313148933725,0.691342539006369,0.524112282887657,0.11454500852832,7.530227194281,0.845281183332301,1.20460227148966,0.322088139043138,0.492420819949965,1.02379112391653,0.235430749259629,0.0618592304168739,5.53256204444746,7.82028806886689,2.43290669212007,2.76989571298249,1.24047563548746,1.41395347368121,0.112500722585947,0.0462398494496473,0.0709057125425269,0.202701536314778,0.233219153355225,0.133757150121028,0.0311813287972163,0.0298295568768229,0.148771156799187,0.0798850867383509,0.0343943710216049,0.102219323670121,0.0506146184769322,0.159749443761271,0.260766612037235,0.0166409127470061,0.119398267294139,0.153034946677897,0.149939291130745,0.0687805474905354,0.159164436771045,0.162850884629716,0.170488067488289,0.121894718480897,0.215397102434314,0.069507780857408,0.0356190928686542,0.19515996591169,0.126741080229309,0.0776480130489797,0.303395363137902,0.297160527386734,0.167067318804967,0.059071281282802,0.068059998595901,0.108784518437959,0.134568288103529,0.12994040210562,0.0203702164082092,0.166907745198627,0.0857371511108934,0.060193524884625,0.0277172796567153,0.0558113247572403,0.153155166292938,0.0254947581167131,0.0626930324686234,0.103929857728722,0.00912615539166772,0.0742600556489245
4.37845505941814,0.496586799178793,0,2.91379130884932,0.27111590377199,0.202082274597043,2.68337842161449,0.119937443330638,0.0127280961608972,0.012172595060019,0.00372160104801868,0.0100939906831333,0.00445716994960056,0.000422659924594598,0.00651576972482769,0.000521001928567355,0.518584451136619,0.126877297583881,0.0209266528220473,0.0544484985027783,0.0300915208821536,0.109450277872163,0.0204762632399235,0.0316715376628688,0.169802657447979,4.29975799735403,0.333930038225592,5.17763400862077,2.1691395055531,0.433791516586581,0.185936671153074,0.0453423042339595,0.544110836746417,0.0254195087979412,0.0534855107249778,0.0471446292449464,0.00686184079371672,0.0157692939745361,0.011110017513574,0.0181981363542924,0.0749640744157413,0.120011005659608,0.0392313943617062,0.0135067390630745,0.0238285009476755,0.0307910074680421,0.0114564851192538,0.0409604568120938,1.56356013275114,0.0885242162133086,4.81016015402851,0.291785675277838,0.0548575047083371,0.0248912346745192,0.542837714322784,0.0277628299896228,0.0103724835717812,0.0143499990732723,0.0256997342874319,0.0357629010368238,0.0126554857873866,0.00193901753387224,0.00744258308225551,0.00547690472931824,0.282459525769268,0.0490014429951713,0.0236866202326009,0.030044967564948,0.0277740914228548,0.0684986758352225,0.0330701026867598,0.0177385718926006,0.200217620749766,1.22126062248193,0.295891669673118,1.50888321274107,1.29768785763556,0.394665494580362,0.122077396408834,0.0218413588195889,0.0673503409587215,0.0111420354887879,0.0193653743062491,0.0242433375621873,0.00373104962706292,0.0296980561048233,0.00754398776793469,0.0157757958634622,0.0297726675803453,0.0177688117595436,0.01310534925325,0.00791331338660168,0.0118394985649053,0.00952268240913941,0.00207418374309312,0.054112979179445
4.66376835195098,3.70209463480399,2.91379130884932,0,3.75696789448144,5.64884335822944,8.83256200371246,0.168575408673504,0.0145569555223881,0.00815352013973746,0,0.0127802906320092,0.00549499224009025,0.00413528506452016,0.0113772846490161,0.00813921182471673,0.880232574318636,0.115622344301172,0.0715937178005212,0.0584557680547668,0.0383423805611744,0.0618899560536967,0.0138449505226346,0.0292277955571079,0.0263369960740172,0.237044728417838,0.101015982908636,0.473270082328694,0.266723577553213,0.438055713132443,0.13881159774664,0.0274353729961771,1.99362870819463,0.0322696191095433,0.0565938264046123,0.0331376514487604,0.00383783651260773,0.0111482524777307,0.0124604773514442,0.00636433299150066,2.25599781439437,2.29760276116301,0.104122011182811,0.0150207697011927,0.0356760491527725,0.0662018545228953,0.0137317903406705,0.0217106416105454,0.0508588832087947,0.0076328029896562,0.143904618760996,0.00727631549146531,0,0.000971269105825399,0.0251779555907388,0.00109941440906012,0.000595545441347489,0.00186029435340741,0.00138588161502249,0.00528190287689216,0.00698240968675246,0,0.00180748687969481,0.00188614708111629,0.0249723216734742,0.00960346877726187,0.0027150289185076,0.00221492365915959,0.00603019076548841,0.023278020247467,0.0118603096625739,0.00801469215890462,0.0203195901800703,0.0470412245232906,0.0270370468695893,0.0505548561933417,0.0570334970981204,0.0891949117592762,0.0505699197377876,0.0151956620605377,0.0060355824588303,0.00266889320338604,0.0125700875140042,0.0191682595806219,0.000467170752041262,0.00278715380525263,0.00118081482337469,0.00572404539245412,0,0.00266080055874669,0.00443557341513609,0.00121810148718654,0.000699944111108783,0.00210676736703453,0.000968401462758686,0.0235539793996262
3.47233974502956,3.91554967874374,0.27111590377199,3.75696789448144,0,11.625619159391,1.34487740792953,0.331187673553405,0.00372343409067347,0.00827809577207411,0.00969000428089561,0.00216270556429131,0.00189905718111272,0,0.00228661583738243,0.00154908597415918,0.112014434065503,0.0140486508569772,0.0150483317197885,0.0131714325516943,0.00655311351228813,0.0100151870522997,0.00367511283581437,0.000722500553418937,0.106143587938223,0.0432166170755275,0.192657592113806,0.369704781919168,0.228094747905552,0.0419782365028561,0.0209429061868091,0.00735972228386083,4.52082441508822,0.0444269166112846,0.00629371810066955,0.00269212762629674,0.00999330170516702,0,0.00170310570159777,0.00124783436582371,3.7182984665746,1.40356457894,0.0249203712567872,0.00945597039419591,0.0120327623329356,0.00448311495998222,0.00768152165542635,0.00212102612922193,0.0292783975304415,0.00484284164609691,0.027526526940453,0.00236920789534394,0.00210793655927288,0.00161317971406429,0.00246214238028523,0.00607733115752768,0,0.00311090320171876,0.00177755941648161,0.00202809120799428,0,0,0.00263426614412308,0,0.00716536849061718,0.00525951389171775,0.00531693854866844,0.000683972040987219,0.00196588060662415,0.00307466351903645,0.00210248365568482,0,0.0626447919876373,0.0116923587276393,0.0482069525180968,0.0430026690325695,0.04482831112054,0.00588109179271161,0.00563965912213426,0.00101248969414915,0.00450851401821607,0,0,0.00173869483710869,0,0.00131215892506341,0.00285765589296411,0.000752268710196666,0.00200300840143156,0.00320858447185806,0,0.00188095179587594,0.00203890021769354,0,0.00107082044686499,0.00516389990040594
1.15242861776114,3.34263830291594,0.202082274597043,5.64884335822944,11.625619159391,0,2.69692591137509,0.0617340635844742,0.0299886506077943,0.00499564726729984,0,0.00500671676530001,0.016687681798322,0,0.0053521861556359,0.00156852031143537,0.356677630688483,0.0453396364234165,0.0466315763153383,0.0456438012925512,0.0186126805370846,0.0133224171612847,0.00124527515980428,0.00684038324324526,0.00641093378295032,0.0173418873834489,0.0107299236851949,0.059674598937799,0.0547964505085596,0.0843053469258623,0.0210298812470856,0.00485928800320584,2.48532478044271,0.0121316119627696,0.0206918407169817,0.00619567420092704,0,0,0.00248592260766756,0.00178500162247791,4.96416654852369,3.17666708436769,0.0653836184400193,0.0498134916324047,0.0290490151121031,0.0422373933323023,0.00124301013899131,0.0021466952001469,0.00474595489917296,0.00333124269538138,0.00567511624808899,0.00168611084237778,0,0.000604219170540189,0.00149390046116536,0.000628443574228199,0,0,0,0,0.00106997318232502,0,0,0,0.00338155420292144,0.00192781736210547,0,0,0,0.00305701295754732,0.00516026024687359,0.00357651384970703,0.0113212444354494,0.000587475125339111,0.001102361246623,0.0105327046244504,0.00785210542446316,0.00398871647375904,0.00872584324241773,0.00681354230776077,0,0.00407357049165027,0.00731441171813074,0.00454397360108967,0,0,0.000501055479000645,0.00107042381771314,0,0,0,0,0,0,0,0.00772222224122972
0.916042088141869,3.07479229875159,2.68337842161449,8.83256200371246,1.34487740792953,2.69692591137509,0,0.0665212958695334,0.0332381091209137,0.0744066228331738,0.0114833941890557,0.0675651355417541,0.130793655012284,0.00983665708448997,0.0350583380026851,0.0383022912008795,9.0273464590162,1.04965260304162,0.949396485968963,0.799935100754015,0.42246324878804,0.45015204356713,0.126038918153995,0.138462784012019,0.0108047303529374,1.95338861585849,0.030911008745395,0.227534187996354,0.251375981925474,2.1408794223985,0.87221805091934,0.135950767927569,0.797019616881232,0.0287549885853431,0.188478238675362,0.190102292041742,0.00945552163616787,0.0561910926017521,0.0757416329261885,0.0543568537658204,1.29673934147469,4.52496638608685,0.977274926664182,0.0432983465605232,0.344871868481663,0.468876622264404,0.0514910561351043,0.117856356890188,0.0277744108407779,0.00602638157696588,0.650155760150532,0.0515182206416655,0.00146802210316081,0.00111981356615407,1.22407637271316,0.00525253344117387,0.00214793394338045,0.00478754224693839,0.00119756211747279,0.00520105620701769,0.0150670996805347,0.000288532788618956,0.00233002766518842,0.00486931725624032,0.847678810133,0.0989321862239091,0.0146715758817509,0.0246450421147956,0.0373605313790336,0.174909584211698,0.0663035647219085,0.0479337207413199,0.00536703562049279,0.512205731561771,0.0103137892805202,0.0398985722850726,0.178171009870613,0.781226280142456,0.379848202166592,0.0751949429321671,0.00310908134260125,0.00548573206832128,0.0358461773812715,0.0926598637120455,0.000521039094406373,0.00851727951876163,0.0223427127957945,0.031929230998525,0.00081639143841819,0.00151038200527032,0.0172401362466965,0.00125330736939328,0.00169674522488035,0.0113611220831053,0.0126361897157674,0.153654667551342
1.9442192342347,1.9976137843336,0.119937443330638,0.168575408673504,0.331187673553405,0.0617340635844742,0.0665212958695334,0,0.28908000458048,0.0634973424714535,0.779803461285293,0.192044967641373,0.0190500574333295,4.49798958059997,0.935057383586739,0.00397686553235236,0.0336756813877935,0.0155448224857557,0.00567589669045232,0.0184680794442589,0.0070773661598792,0.0134732311928216,0.0143589725285828,0.0100936360367903,0.379331702104285,0.0443228543237701,0.89666441035881,0.516916544841393,0.345320495143239,0.159962069052294,0.0237860636397381,0.00270634394916205,12.86390950602,4.85117712477351,1.0956699140311,0.0501510951278154,3.82862745755585,0.910326044022304,0.0374188884063025,0.012679972889431,0.0925866205731984,0.0542833851935774,0.0042927508933807,0.523598546737229,0.0228483568758429,0.0323134292811999,0.00279436331945691,0.0127960253988057,0.155225182766537,0.0908210244602117,0.0459027591771388,0.0213513876709135,0.0217170576177354,0.00367108881815438,0.0198052006133862,0.102358144655418,0.00880037741616255,0.0234083673945575,0.030617089721548,0.0608295046302582,0.0404315508888934,0.0146553402883001,0.0666887334597975,0.0548873366738095,0.020121980049235,0.00334389881774828,0.0121756369626173,0.0112511479657515,0.0263292052092895,0.0236094257153173,0.0624114632323962,0.0140297553973661,0.182667960363903,0.0203043984807262,0.269844422380669,0.122096960742418,0.124569061931343,0.0623598300620748,0.0280933264464025,0.00289494519963911,0.117822196925192,0.121880999955945,0.0636957147171939,0.0358206459137665,0.027786924794782,0.106424303856051,0.03665015160914,0.0321934529891796,0.00874518983082232,0.011627092635346,0.0231200409904398,0.0155673154383307,0.0167930385717798,0.0158661343054168,0.00224755530933067,0.022704659836832
0.00380019108490233,1.90094206176394,0.0127280961608972,0.0145569555223881,0.00372343409067347,0.0299886506077943,0.0332381091209137,0.28908000458048,0,1.2322441306775,3.33988707366778,3.22729950340882,0.145278258466231,0.674326944540432,0.859165339969172,0.0474562677231294,0.18212147076203,0.0129967327835657,0.152562178916037,0.196981732912286,0.0841513666881024,0.0309064081757189,0.0349679347607782,0.00879768320016534,0,0.0365195175910569,0.00242486559126592,0.011006306608581,0.0792754703207305,0.036956026275214,0.0102679267442215,0.00608101342029269,0.0454097337799989,0.22471685779644,0.0635470363313069,0.0139654531493413,1.5623076416901,0.663659981427415,0.0453075335663466,0.0112277613912772,0.0262213534899884,0.841938645147343,0.160013047314327,4.75270451034744,0.749595076219537,1.04876286318517,0,0.00161691791868671,0.00513504045120447,0.032622585888935,0.0459662324667178,0.0255056123091191,0,0.00454252561117613,0.0314159864350597,0.00669892277349256,0.00485350691825118,0.0428669833062511,0.0149274448823488,0.0289305455552834,0.0892795365787234,0.00579673969932137,0.0637802768017671,0.0628783776576752,0.0394473450800421,0.0195604994255734,0.0607482275642666,0.0549126456386681,0.0459020140311473,0.0160493073827531,0.0490784783300009,0.0124151984741267,0,0.0325532584390507,0.00805274628405206,0.0113975076148519,0.0460920627914365,0.0559491670893274,0.0130317187486998,0.00108564684823721,0.00258448535635234,0.0323524175900044,0.0205837606231548,0.00894492514239786,0.00619302299565361,0.0510508360860576,0.0333813438623489,0.0106846089535534,0.00208184616261292,0.0184600787815411,0.0760636744633219,0.00529907875527387,0.0281045647669918,0.0639972965452403,0.011043635605149,0.00152342117690744
0.00266618076810133,1.08472941888334,0.012172595060019,0.00815352013973746,0.00827809577207411,0.00499564726729984,0.0744066228331738,0.0634973424714535,1.2322441306775,0,0.682214959842792,3.5490399695975,3.15641619872937,0.0882823543841075,1.31424005829752,0.743779021342958,0.407458868905636,0.0414312279518746,0.31570631581417,1.51137390106053,0.363669022550527,0.0844822597262415,0.138142176350683,0.0528899071742426,0,0.0240231360810309,0.0138393399019017,0.00804473670078204,0.041303983693192,0.111561524429192,0.0369657190265918,0.0202358996718376,0.0462048319780653,0.22714965491809,0.462710056745915,0.197629596380351,0.262677978011926,0.727903830136029,0.573761735595376,0.107992032559344,0.00577161034533358,1.11664667302739,0.466752199147903,0.943762628902849,1.20718594300158,1.50364971071628,0.0290118261835581,0.011312890485676,0.00320821293778445,0.0188545125431726,0.0272500168168286,0.0159663115263883,0,0,0.0240591985783562,0.00937399372375004,0.00291239282896305,0.0265052305947369,0.00451310858704944,0.030182157224064,0.0487008097633136,0.00362175940325428,0.0181460451367498,0.0418808553001339,0.0207053026147737,0.0119476410312396,0.0258159934512675,0.0390951671769122,0.0480608853382469,0.024333882011841,0.0689839842086987,0.0135404003374535,0,0.0194297043594497,0.00124281675485959,0.00160579525612129,0.02696323920071,0.0633374163694733,0.0295284257362678,0.00985188086575622,0.00265402806593982,0.00917724702538789,0.0487055318976323,0.0417301513165179,0.0148087133400644,0.048854289107237,0.0394373686157335,0.0160754165303425,0.0044727488534031,0.00379232305821037,0.0483916506937663,0.00627299641120982,0.00627644895659568,0.0258683222769965,0,0.00744412643854874
0.00101097272796342,1.12528070826821,0.00372160104801868,0,0.00969000428089561,0,0.0114833941890557,0.779803461285293,3.33988707366778,0.682214959842792,0,2.60098375117482,0.123333043063404,1.12935609112116,1.27417889033377,0.0967884087890527,0.0470971756404912,0.00380739757085725,0.0288350391369631,0.0814945917987542,0.0470896620451198,0.0101986225376395,0.0409217944836218,0.00750169333095796,0,0.00784690368129447,0.00271168083045917,0.0072424926166787,0.0233512063942271,0.00939968287248727,0.00615535996071156,0,0.0241161311769622,0.319152575757935,0.114966592559044,0.0205258233861471,1.61052829071864,1.06019010477394,0.0979614143726024,0.00750992614996846,0,0.342878968791757,0.035605452887042,3.92713357394894,0.133468494049572,0.645322361077785,0,0.00685962978639637,0.00111296600065406,0.029281360608135,0.00428089572668337,0.0075132753989412,0,0,0.00701553549741192,0.0127256327373984,0.00270388166239052,0.00800941844772006,0.00422783894288764,0.023861729317156,0.0451848009014664,0,0.0604277561648688,0.0986421995398553,0.0124614941033244,0.00436957191803085,0.0109522247439903,0.00695054597326762,0.0246828344637767,0.0105988344879616,0.0583524945541285,0.00674894220013208,0,0.00584813542431117,0.0049986991151529,0,0.0100263129033838,0.0348269078670813,0.00268924515568226,0.00462971747761184,0.00120308163695049,0.0396858371104934,0.0593360040075281,0.0242500191582262,0.00273015801206467,0.0788619844552846,0.0738032180797928,0.0283891216218508,0.0066729602250159,0.00499841152265627,0.0152813037517053,0.00227636141340189,0.00799569317067853,0.0219675376214884,0,0.00863725971779859
0.00504186082733979,2.00510539811077,0.0100939906831333,0.0127802906320092,0.00216270556429131,0.00500671676530001,0.0675651355417541,0.192044967641373,3.22729950340882,3.5490399695975,2.60098375117482,0,3.96050248189819,0.225547071912893,2.31609174204156,0.805105172927709,0.3425202784749,0.0350019179446168,0.185374260300333,1.102577038024,0.373300176127024,0.0952632095451975,0.27967367161091,0.0596630673207895,0.000823633568598825,0.0203034497926259,0.0109714552531089,0.0108765069404321,0.0622370758448963,0.134352088934535,0.0537734158654635,0.0184020741847779,0.0669575497904785,0.524841826276411,1.03638130451062,0.471754177073114,0.576015533007525,1.80263549000186,0.882517172469222,0.099141386498666,0.00679556863977249,0.713980326085812,0.342261033222144,1.95963912930526,0.889776641332212,1.866104082469,0.0262437720249039,0.0171497197458438,0.00530593217910509,0.0441474241237468,0.0383750575073058,0.0214621992064647,0.00400875808694982,0.00450610598044077,0.0274170954711767,0.018497357698001,0.00320157739518345,0.0300045779517635,0.00397212937852191,0.0406917097028692,0.0877166434304153,0.00442884942060955,0.0561624898822337,0.119517741440479,0.0335506162703898,0.0141361924559418,0.0439712764969593,0.034752844846854,0.0628555990836495,0.0397902514920295,0.135211672284107,0.0344513542249181,0.000802038789601472,0.029237892441624,0.0112672777172677,0.00531457139496986,0.0454564744635372,0.118381572123915,0.0424588835435648,0.00996789329718462,0.00866925705782791,0.0386151517004639,0.0795964461107623,0.0618553541014968,0.00926234829256516,0.0950131433369099,0.085156956551702,0.0545118085291526,0.00307143046339844,0.0147988347349427,0.0443761164536566,0.00870196392406756,0.0162335861799603,0.0237092132224337,0.0085728463152217,0.0233079388642598
0.00338443235081828,0.285685788704628,0.00445716994960056,0.00549499224009025,0.00189905718111272,0.016687681798322,0.130793655012284,0.0190500574333295,0.145278258466231,3.15641619872937,0.123333043063404,3.96050248189819,0,0.028194872247881,1.84746725842293,2.25746882703342,1.10788768373494,0.203238684262743,0.711934361801044,2.92163011591502,2.34210192795952,0.977324951162393,2.7045856614622,0.812660530285125,0,0.00517549602631712,0,0.00193807473621128,0.009379873277941,0.310178815048498,0.413696821469003,0.1699444252295,0.00562669320049263,0.0602824021583697,0.712194355753971,1.11403734843984,0.00776109476821671,0.918614610073841,2.53244763382515,0.711148482448817,0,0.770667370076285,1.23154708025037,0.171028706387811,0.888627875634645,1.28593646179467,0.231697254291456,0.148554706104173,0.00050303129124139,0.00138099584975342,0.0034173684607476,0.000885433468188427,0,0,0.00213393667857596,0.000766885016002167,0,0.00317813592389778,0,0.00207983934662412,0.00501062902975793,0,0.000650019832902055,0.0109685200465142,0.00572212775626955,0.0016345301689681,0.0062282155247918,0.00379463209342516,0.00804412322193176,0.0145787527533291,0.0108885240584814,0.0189961391926127,0,0.00358109861057228,0,0,0.00528757408061411,0.0192757243064817,0.0476027605431352,0.0536408789790397,0,0.00135436833139928,0.00707492984536989,0.0636115234991494,0.000878186235151249,0.00879769249643999,0.00495895532880417,0.0166336909788692,0,0,0.00186082069382745,0,0.00312882233555225,0.00148211049129268,0.00162141769227235,0.0514988016249807
0.00291865181548853,0.0929422814178909,0.000422659924594598,0.00413528506452016,0,0,0.00983665708448997,4.49798958059997,0.674326944540432,0.0882823543841075,1.12935609112116,0.225547071912893,0.028194872247881,0,2.15206142895726,0.0340184207000698,0.00860634799544746,0.00504627358996353,0.0101522729411399,0.00759286002829446,0.00860106325288849,0.00341651132992928,0.015214533389544,0.0113402919985474,0,0,0.00303277224210408,0.0045162504632449,0.00603860347088986,0.027832587639626,0.00636744874736325,0.00392251055322426,0.057564427641701,0.208768725467288,0.394874277078442,0.0346506555171866,3.34254422324031,1.90091059892696,0.0780864010750894,0.0060882606167959,0,0.024982573958288,0.0131838187370228,0.507882740151475,0.071176769296238,0.0492966204494036,0.0122135096127884,0.00504912342849967,0.000177202052297357,0.0308972386184312,0.00131390511619005,0.00310329700782475,0,0,0.000233568539045048,0.00676487386677516,0.00472279086014527,0.00674056154989175,0.00239368829717768,0.0196484984295527,0.051616631589292,0,0.0705364737104839,0.121954736138392,0.0039313967061474,0,0.00458475933515699,0.008384580434824,0.0138494920114632,0.0089251157676609,0.0576039514936733,0.012393961395871,0,0.00389477181379398,0.0022506813375951,0,0.00340571992992944,0.0235151487865678,0.0095087861626554,0.00379013513169379,0.00366262983261151,0.0557184624568444,0.0362354093267995,0.0304918108778611,0.00274874170323859,0.103506236927936,0.053368403440861,0.0259707034127936,0.00213626545702038,0.00608975605889105,0.0065626990818374,0.00830620273721977,0.00346681771759795,0.0231768566653915,0,0.0181090930412194
0.00116147658983247,0.720720142853679,0.00651576972482769,0.0113772846490161,0.00228661583738243,0.0053521861556359,0.0350583380026851,0.935057383586739,0.859165339969172,1.31424005829752,1.27417889033377,2.31609174204156,1.84746725842293,2.15206142895726,0,4.00187035103185,0.162875444878511,0.0268495219351871,0.142723044283689,0.430062177486008,0.288159409295557,0.121503553173544,0.8379751888349,0.259831798094113,0,0.00965104654760141,0.0061227704535847,0.00879093485634749,0.0208802378094371,0.169060728583199,0.120659505841955,0.0224892740339976,0.0559666868947147,0.26855335467579,1.36226538555461,0.833336899053032,0.62971504209757,5.09141680153206,4.38458412100701,0.533132308833964,0.00471060520366429,0.358972625249242,0.20890629280511,0.836029155538795,0.578099062705135,0.81693564898378,0.0358752061186841,0.0655248169081652,0.0015246072803501,0.0155544779858258,0.00816868568713791,0.00721583017459551,0.00100788186319004,0.00162941150551633,0.00575985962680095,0.00683117965211784,0.00379362415530232,0.0151345029947686,0,0.0177495790781422,0.0504144761587363,0,0.0294049433867473,0.0789988345032036,0.00848744345763384,0.00311757119748189,0.0106012568377882,0.0109556871544176,0.0170550442999244,0.0238202509791043,0.0755741107707695,0.0392326664518517,0.000811600391070096,0.00981529322854613,0.00106811604888172,0.0038760046276215,0.0122819174949753,0.0332393652210417,0.0292834328952687,0.00280276548962074,0.00373067756169049,0.0126807471404917,0.0303390694823591,0.0768247657871432,0.000948238661698797,0.050302635678403,0.0487700623221825,0.0468763075291614,0,0.00158957040566074,0.0143341105864624,0.00147320331240597,0.00553285066198656,0.00582371111936254,0.00919023495601023,0.0337629245713417
0.000346779779127379,0.127232762750862,0.000521001928567355,0.00813921182471673,0.00154908597415918,0.00156852031143537,0.0383022912008795,0.00397686553235236,0.0474562677231294,0.743779021342958,0.0967884087890527,0.805105172927709,2.25746882703342,0.0340184207000698,4.00187035103185,0,0.220312917001797,0.0428960644697273,0.161527098101847,0.589194667841604,0.635619461103748,0.404755791906513,2.77709580968485,0.629577658614627,0,0.00403434515136765,0,0.000932100233041858,0.00297641792912682,0.125212246054685,0.148171224503267,0.072305452942413,0.00137406039463409,0.0370178799910673,0.313432413562622,0.980315551382022,0.0138862709799191,1.50571984148764,5.11297925059924,1.48388532041313,0,0.286469809607265,0.360180067408444,0.0953713231485075,0.42958316801839,0.579188567028109,0.147903243697882,0.184500654271449,0,0,0.00044360021711853,0,0,0,0,0,0,0,0,0.00145712708926702,0.00755614412661847,0,0.00207415004373859,0,0.00192692306776368,0.00133083871707976,0,0.00176776507777615,0.00784268482973555,0.00592307257590255,0.00954880719570241,0.0216549971401029,0.00184953133593058,0.00177517377753312,0,0,0,0.000498198339575096,0.0156545965473613,0.0134386157627505,0,0,0.00842490074470222,0.0521022041304896,0,0.00170672084488656,0.00921787542570204,0.0186573723829347,0,0,0.00238114337066803,0,0,0,0.0119720112664416,0.0469705467521913
0.125267587026333,2.30164969542967,0.518584451136619,0.880232574318636,0.112014434065503,0.356677630688483,9.0273464590162,0.0336756813877935,0.18212147076203,0.407458868905636,0.0470971756404912,0.3425202784749,1.10788768373494,0.00860634799544746,0.162875444878511,0.220312917001797,0,5.3613501053613,5.50547530638492,6.12796829431402,3.64962876797289,2.10473743992972,0.675023210949191,0.418616089076113,0.00249328459358206,0.224836604875086,0.008109178176592,0.0591337145226552,0.0542263496710914,2.22766709553314,2.23775520081838,0.374821826202942,0.115379704819871,0.0360784006413473,0.208915118623857,0.467325096832485,0.015904461291078,0.109585996725113,0.332486913432065,0.167240528102171,0.118962130011113,4.63011157745745,4.91783762401479,0.223113546667583,1.83291104324472,2.34564647058379,0.19055681999891,0.184603378788228,0.0048410291633617,0.00702109516878204,0.156237121806295,0.0179652729542301,0.000936258361293733,0.00072275683315845,0.323170021122473,0.0033656829024195,0.00135564067508666,0.00126782948387333,0.000443145665739664,0.0037922800102698,0.0140023260700877,0,0.00378909982552832,0.00540485303592988,0.412268911244111,0.106090860244249,0.0124164182018392,0.027565958127234,0.0308801124214004,0.249841769427655,0.0444678846123836,0.0718286816349503,0.00150686752188789,0.0635167613080569,0.00306685707441693,0.0117056740959588,0.0195567830815782,0.122088855668109,0.512335811428828,0.164950796472719,0.00087479287123539,0.0057938135137154,0.032556478904983,0.0749907879038916,0,0.00857824256909016,0.00933504411593498,0.02294826564909,0.000950362400187525,0.0045910665530145,0.00559080000853279,0,0.00292490499615369,0.00456835255766342,0.0176259848802524,0.23070589578205
0.0266025431916336,0.627054895345224,0.126877297583881,0.115622344301172,0.0140486508569772,0.0453396364234165,1.04965260304162,0.0155448224857557,0.0129967327835657,0.0414312279518746,0.00380739757085725,0.0350019179446168,0.203238684262743,0.00504627358996353,0.0268495219351871,0.0428960644697273,5.3613501053613,0,1.6806663056079,3.19366130142928,2.89643428143389,4.84540593932865,0.261783463993824,0.817293825402379,0.00113242589654222,0.0562019922242067,0.00415775807737929,0.0347485419609091,0.0250887721127765,1.29164286117645,5.62555878730715,1.1504501386248,0.0396070666498853,0.00920987151295362,0.107131945839243,0.379137653276097,0.00175643194108867,0.0286398928755226,0.117873550510844,0.134637808864262,0.0202441449146123,0.482580903815433,1.45921844071406,0.0181398155767434,0.291606544489056,0.777870459291697,0.594965031972749,0.380495296161803,0.0023996502785377,0.00460135275265059,0.0226897174649654,0.00400580770195577,0,0,0.0377189976211856,0,0,0.000605516394559746,0,0.00171182324931452,0.0101527116727441,0,0.00293249480381558,0.00307512739481541,0.0569938609586406,0.0360711239487232,0.00359161518271068,0.0050892744147529,0.0187509154680406,0.263673970650069,0.0305742377829996,0.143034799783281,0,0.0164870035414264,0.00222409063775059,0.00581251109070483,0.00569057418510156,0.0481878546471066,1.01725040061157,0.445635856153763,0.00048029215141077,0.0025129806520525,0.0109208528593372,0.103120038663363,0,0.000992072162910571,0.00838235281389085,0.0464178143554719,0,0.00144228832121205,0.001460835714313,0,0,0.00319154848483144,0.0343731783827801,0.442591789615706
0.011760468495704,0.794013977275985,0.0209266528220473,0.0715937178005212,0.0150483317197885,0.0466315763153383,0.949396485968963,0.00567589669045232,0.152562178916037,0.31570631581417,0.0288350391369631,0.185374260300333,0.711934361801044,0.0101522729411399,0.142723044283689,0.161527098101847,5.50547530638492,1.6806663056079,0,5.07382844870801,3.44138834759484,0.925545378522454,0.468099349016653,0.219865959841389,0,0.0125208270060262,0.00501966794036954,0.00733917504045598,0.00981123814836825,0.157201858205531,0.222473102433657,0.109483934842933,0.0198588921489855,0.0098218630188224,0.0616526570656812,0.156691130709766,0.0233331468328045,0.0749722503140831,0.192016967955847,0.0941408827806731,0.0172391662103378,1.57444276399061,3.08423305898484,0.194086851674282,0.843312452883849,1.43145457792069,0.10571258824216,0.0479589406264532,0.000708261890646383,0,0.00174147752192853,0.000942469094490059,0,0,0.00484684865317778,0.000375683309587808,0,0.00106367719426518,0,0.00116804162273132,0.00302516124614502,0,0.000784152707850039,0.00279625402157582,0.00291671937878883,0.00239207204078611,0.000749658721101901,0.00188770514108511,0.00672998855912153,0.00960866437547033,0.00374528370210436,0.0104156514896425,0,0.0087499681599295,0,0.00207583744456919,0.0035239983458676,0.0209766869172062,0.0367589586168024,0.0360123997287363,0,0.000700609738899446,0.0064127966223624,0.0116759190358799,0,0.00358267760285802,0.00177892136805591,0.00648252428475496,0,0,0,0,0,0.000937766595923449,0.00700890842114512,0.0323435228144
0.0121948127527897,0.868163311831414,0.0544484985027783,0.0584557680547668,0.0131714325516943,0.0456438012925512,0.799935100754015,0.0184680794442589,0.196981732912286,1.51137390106053,0.0814945917987542,1.102577038024,2.92163011591502,0.00759286002829446,0.430062177486008,0.589194667841604,6.12796829431402,3.19366130142928,5.07382844870801,0,8.21091682338608,2.79893964497203,1.54800150089708,0.979479387182122,0,0.0160669492043066,0.00294210148251072,0.0104057981959953,0.0187370659338952,0.673347891024311,1.34527529063691,0.531075917871583,0.0135160020367951,0.0277838383966475,0.27859118475125,0.840801023365095,0.0231684234484647,0.224347584174976,0.817000961150387,0.283446481383684,0.0193791661783754,1.56966223256325,3.85983999289698,0.202590725208323,1.24791663465059,2.38775852894133,0.412593464753095,0.188785393072035,0.000554480958349889,0.00607721964706092,0.0102417297803559,0.00334641916993222,0,0.000681508204550152,0.00703447748006823,0.00316856847618981,0,0.00361538041987713,0,0.00561621225653041,0.0167949190475296,0,0.00711071619336381,0.00875705084407232,0.00730415924000635,0.00578364677963624,0.00795112275860584,0.00759215277684088,0.0150523197041674,0.0378371899439045,0.0243333996401629,0.0806514729291729,0,0.00703604734027123,0.000810828228061458,0.00424654425184479,0.00406736112374852,0.0384470619850475,0.166276993133294,0.147792403118097,0,0.00214639025093258,0.0139353264223175,0.0518178236752469,0,0.00915177397917098,0.0139754055903892,0.0148790409123814,0,0.0012544569520371,0.00595688805100504,0,0.00129630555511359,0.00640777850758585,0.0135266117194561,0.124018454744992
0.0067154201203431,0.447683545863842,0.0300915208821536,0.0383423805611744,0.00655311351228813,0.0186126805370846,0.42246324878804,0.0070773661598792,0.0841513666881024,0.363669022550527,0.0470896620451198,0.373300176127024,2.34210192795952,0.00860106325288849,0.288159409295557,0.635619461103748,3.64962876797289,2.89643428143389,3.44138834759484,8.21091682338608,0,5.57263020011642,2.69828598426191,1.566507273246,0.000524542686918643,0.0126037570539119,0.00108877109940053,0.00806114937738725,0.00822202344892121,0.663078645133458,1.75567842403144,1.00848902063059,0.012898216283988,0.0124958298754429,0.138328614047668,0.920412178767697,0.0152737350255894,0.168960611921146,0.792713009622372,0.467946632125462,0.015594939234702,0.746636374235325,2.43668620960291,0.101762581310868,0.564560455818655,1.40753918190497,0.50650945641259,0.403491566284844,0.00103803421374339,0.00135530591450644,0.00542903280243569,0.00120064836600737,0,0.000590173796970572,0.00359801092664175,0,0,0.000685312826372297,0,0.000450757121409059,0.00744076044069754,0,0,0.00126477488964651,0.00332192635191014,0.00358362708427129,0.00454957303906421,0.00350791168045594,0.00576770376768704,0.0371199915702049,0.022117293394402,0.0866228783970782,0,0.00425895923228079,0,0,0.00422333671586428,0.0225797289581036,0.23212023401638,0.196603441287491,0.00101939016714687,0.00355441292998102,0.00993675755774323,0.0606348637699384,0,0.00278076448613819,0.00897167784990578,0.0189215011956868,0,0.00108413785661193,0.00208291580526467,0.00051091722317078,0.00180135715603738,0.00303718182816437,0.0264307539028266,0.241268827122569
0.0274030039004343,0.204763707248049,0.109450277872163,0.0618899560536967,0.0100151870522997,0.0133224171612847,0.45015204356713,0.0134732311928216,0.0309064081757189,0.0844822597262415,0.0101986225376395,0.0952632095451975,0.977324951162393,0.00341651132992928,0.121503553173544,0.404755791906513,2.10473743992972,4.84540593932865,0.925545378522454,2.79893964497203,5.57263020011642,0,5.67590748795534,3.60477237394934,0.00147377249883002,0.0450790710811605,0.000894763191303626,0.0187794632530372,0.026728322552247,0.606316865736337,4.28903430116867,3.65048259247187,0.0267191597801712,0.0120312347875599,0.126256092683881,1.3502725744992,0.00687774605883018,0.106174016272467,0.659136014955172,1.12371346963319,0.00817974856872365,0.247774598659061,0.584408680245287,0.0214736740676215,0.123555587076601,0.337866118685787,0.924684010755889,5.62302759103584,0.00292948231103851,0.00229874667570735,0.0220655888755047,0.00280802231405649,0.000398548961544636,0,0.0147320777085544,0.000835739422383117,0.000306616314980274,0.00178648946981981,0.00053600402822828,0.000199432178229209,0.00533902098312415,0.00135808494861789,0.00191581817455459,0.00317181786525336,0.0390556010220434,0.0205045904901742,0.00188149228146663,0.00671371005138143,0.014852811775581,0.393020185673776,0.0424983051679817,0.318361107119455,0,0.00968340465859033,0.000616980650940764,0.00494653984327839,0.00417669550883167,0.0420553467394648,0.996099655068624,0.650500209199894,0.000203370773541434,0.00324540608867629,0.00825344420672866,0.260880524593398,0,0.00613367305103973,0.00969595377078571,0.0754337923808418,0,0.000730398641406499,0.00215721886065606,0.000208243163175375,0,0.00109897881032326,0.0853510259190445,1.45639855404538
0.00441427586037263,0.124418534151812,0.0204762632399235,0.0138449505226346,0.00367511283581437,0.00124527515980428,0.126038918153995,0.0143589725285828,0.0349679347607782,0.138142176350683,0.0409217944836218,0.27967367161091,2.7045856614622,0.015214533389544,0.8379751888349,2.77709580968485,0.675023210949191,0.261783463993824,0.468099349016653,1.54800150089708,2.69828598426191,5.67590748795534,0,4.54577203886912,0.000392202738946737,0.00786849374858694,0.00218606970034527,0.00643866353799391,0.00503685529120529,0.480659756248079,1.06235683262544,1.01564783253944,0.00780049360373595,0.016845438074512,0.326797984034747,3.48330479571846,0.0156937329207309,0.776530576752469,4.47748957444006,6.08935172650658,0.0042924268136383,0.2723221099088,0.57567215069469,0.0244225688545936,0.201884091917835,0.468123969273943,0.775833577683918,3.68451497687608,0.00083517177666677,0.00141868471382983,0.00461000631648631,0.000660772671945295,0,0,0.00186778869624388,0.00193586295928448,0,0.00180912968753469,0,0.000448566727389233,0.00710335389799291,0,0.0011719349418348,0.00141339550969594,0.00301216651447223,0.000414035252956493,0,0.00195909823063413,0.00827308566286933,0.0927273893419301,0.0417316152245201,0.282934126926619,0.000995784107944878,0.00349789141092614,0.000487724606963134,0.000395842724546659,0.00169312396320822,0.0235425650788471,0.17624897492694,0.216336266890467,0,0.00473382755469469,0.0180868651470283,0.369687068168329,0,0.00580441155488246,0.013515389144341,0.0981985663417478,0,0,0.00109417278091245,0.000996903580435721,0,0.0010880840601747,0.0913465197181104,0.850941464826083
0.00606898057953637,0.144367824874093,0.0316715376628688,0.0292277955571079,0.000722500553418937,0.00684038324324526,0.138462784012019,0.0100936360367903,0.00879768320016534,0.0528899071742426,0.00750169333095796,0.0596630673207895,0.812660530285125,0.0113402919985474,0.259831798094113,0.629577658614627,0.418616089076113,0.817293825402379,0.219865959841389,0.979479387182122,1.566507273246,3.60477237394934,4.54577203886912,0,0,0.023454682116283,0.00592856856190041,0.00962207860439473,0.0141439603546787,1.61303900731871,4.16636152391868,5.11978382568175,0.012166652581017,0.0213809089077337,0.616141341924856,8.73226370010115,0.0211056977001874,0.500155933575888,3.65853346856871,5.16453684239959,0.00648582096574757,0.188531517960312,0.491781749340505,0.0259216371790266,0.197117840276308,0.445362079154875,3.25402844793849,4.81358864188802,0.000893747052754548,0.00890192754340494,0.00383114529600049,0.000802989640020065,0,0,0.00449998253030296,0.00946848350377289,0.00193138629103211,0.00841586299394014,0.0023035668478632,0.00446173139338665,0.0665652938509847,0.00110670065879913,0.00420613388446139,0.0550501317140417,0.0129483866435737,0.0151306450341208,0,0.0237039699939388,0.13602409127146,0.585135436265068,0.370760529488676,3.51126992511707,0,0.00921132885907255,0.00101158961673212,0.0014485275028898,0.000639340322298919,0.186767871084157,1.91124381929145,2.23160047267063,0.00315224778882336,0.0264026199866296,0.15728081589065,2.91894981751836,0.00407197896878916,0.0439410253871075,0.259868550208779,0.87066352221604,0,0.00102541727534143,0.0072415760749084,0.00907055695323126,0.00617767469693123,0.0091019472564754,0.864476212352777,3.03449946069096
