0,0.209818747218976,1.84653235162786,1.112605416546,0.979377301427519,0.20236638185836,0.0530887347815599,0.246928318797376,0.0273266797245641,0.0381980973086159,0.0331220655565449,0.0273847326624635,0.0083710269914863,0.00882039158758274,0.0131252235126714,0.00975656428738085,0.0205502559467267,0.00194401863747758,0.0149030074561096,0.00438913076374549,0.00333166704960279,0.0039375669846494,0.00678831023973311,0.00290746998969467,1.87840113681428,0.0307058788415721,0.945571186873473,3.8368926925747,2.16773410736036,0.0373870857730993,0.0107310358675467,0.000889880110080898,2.33378663403672,0.047703227598495,0.0289235507298418,0.0175846981792516,0.00507830837140757,0.0100034042511697,0.0215081155659509,0.0058093310664872,0.252900641011217,0.0522846945253481,0.012975229902494,0.0108255064203936,0.00266887111250359,0.0141949148995497,0.00129106078603403,0.00200637869897775,5.15587755801396,0.282032917678824,0.919379267569726,0.32154632616014,0.0330963182539403,0.0322558057212689,0.0342881403298363,0.299481675619247,0.00969579314256485,0.000567321260757328,0.0181922602327038,0.00397103670576669,0.00069033860569793,0.00703598653201612,0.0272313200604217,0.00124458870429359,0.0151201615624581,0.00238047639003737,0.00248988203129875,0.000492947499696306,0.000373231058196144,0.00205609466094039,0.00079619239620005,0,0.428582319109516,0.0465185565883413,0.425006402594317,1.16843081916512,1.14655563600226,0.034472776909185,0.00605298221691125,0.00101370783200319,0.16984811203208,0.19957846645198,0.0154254428277541,0.0027165383462795,0.00743018673394942,0.0138899020961587,0.00297277162802023,0.00185017257773173,0.0218921398864123,0.0501624959121561,0.00470818809050971,0.0211321365179569,0.00798522521686392,0.00262112186977664,0,0.00172949517233865
0.209818747218976,0,0.0543034739215686,0.136754229576569,0.223249100164412,0.295770277617545,0.131626905355761,0.88191811404506,0.702249411053973,1.95812852235749,0.559837527935601,1.35332095671539,0.224046127595187,0.444725502376754,0.573310015622766,0.334862877699416,0.228258785225547,0.0611053722515705,0.257030056837099,0.16580920276174,0.068484420534949,0.0280936245980019,0.0283962020144629,0.0148920743151318,0.0258823596340706,0.0427861772323745,0.118920298024291,0.0976630303783092,0.109434587948117,0.445560098505239,0.176920806478357,0.00401744613382064,0.547429980287206,1.12172129936801,0.810823930619963,0.141780666454447,0.214060557577435,0.578094567326255,0.35782108377515,0.0230171111881725,0.104426214079886,1.1564953356864,0.7223587443329,1.26597784734262,0.877527296828644,0.97610938886273,0.00666899855111641,0.0108025480882599,0.05703376059809,0.169428627899609,0.0502139035614817,0.06058608631245,0.0173253125193584,0.0278018558099296,0.0529153833049201,0.144175130406245,0.00614921815548007,0.00546284428462756,0.0257452197267413,0.00635759520786114,0.000570300990084042,0.00849395065120558,0.0185461823995087,0.00547288067200114,0.052713533469858,0.0230472523122754,0.00162484025473747,0.0044134449509307,0.000515651912732402,0.0118303806667833,0.00396387424680461,0.0068753203239905,0.0202234906239963,0.0162572466840893,0.0994650572896152,0.0623579493827169,0.0787591266795948,0.0484412156398266,0.0336391276961606,0.00375616794056135,0.0646102033733301,0.261870814100024,0.0298687055563287,0.00731759702392766,0.00863819852944869,0.0229233460502483,0.00296784674637564,0.00394362403027764,0.00819039713340854,0.0607759046541045,0.01519336280764,0.0195422507748628,0.012938329135384,0.00557296361112447,0,0.0104783301785176
1.84653235162786,0.0543034739215686,0,3.39038672428845,0.0407707254826294,0.363352584908493,2.40232093945842,0.0246461449245411,0.0138961949346444,0.115801118478228,0.0103844599326468,0.0369500329912504,0.0529787666198671,0.00478251898710041,0.00665011152606641,0.0175963964302988,1.24776808758481,0.14733371087952,1.1407558034014,0.350686036241523,0.0864383083482092,0.0756565600528079,0.0438880170435794,0.0414997118303364,0.0472154525723403,1.82179463396501,0.142748052747224,2.44305416554856,1.1402514601995,0.266482521150883,0.13079077301633,0.0252707914798331,0.14980537649867,0.0308102553046726,0.038334180836408,0.0464529998193735,0.00298876995976085,0.0136055209574953,0.0264230904878505,0.0169848461554465,0.0263211011712796,0.10658188246715,0.190080336317386,0.00858998869701456,0.0200597317796931,0.103534713165967,0.0151238087860945,0.021120443229396,2.54806560404912,0.118026800616519,1.36402450457126,0.294786145989297,0.00805295850894319,0.0111733515004853,0.0854148916720243,0.0744009540644181,0.00665481529490461,0.000343510820635468,0.011236082884739,0.00230846615270745,0.000209485443929749,0.00518673037547369,0.00366549287354117,0,0.0275106060758793,0.0164316448690232,0.00114254266517197,0.000875124276145393,0.000331821792606747,0.0240745077565101,0.000919795286558896,0.00277774774982491,0.0172767020509961,0.375305504073977,0.080952559363145,0.490643168722815,0.529558492291707,0.0576339648142213,0.0356394179586394,0.0061128030597741,0.0296999602159114,0.0894893271358335,0.0161462166449532,0.0117225964295678,0.00426349340571608,0.00396544150595391,0.0006849479322052,0.00041851997987999,0.00602285703707938,0.0250177888929758,0.00359602882496154,0.0147066318160215,0.00576526264589247,0.00194401203285404,0.00104268604004914,0.00836327648889878
1.112605416546,0.136754229576569,3.39038672428845,0,0.924541820925395,2.50211578118115,2.51324351264736,0.0740207932450623,0.0527437199170122,0.223198076735901,0.0202519157221052,0.0711057694306794,0.0541687636283781,0.00545788395203488,0.0191871942283841,0.0302660695356899,0.750091302772379,0.0403385155591238,0.687600181300166,0.13407836397711,0.0424816061515677,0.0395957475196317,0.039596777601935,0.0208597893061082,0.0152229729631201,0.353622892367715,0.0884386286279126,0.523328803502939,0.288265765666435,0.166724927825609,0.08030947317422,0.00941972233874999,0.108361098825533,0.0339043402853868,0.0486421861342929,0.0446015454133639,0.00307636333532202,0.0194822337265026,0.0380309889229046,0.0132710835414946,0.186781949144048,0.29756443005839,0.14329232763601,0.0187275401571312,0.0232018344531007,0.119644033604951,0.0131605205670217,0.0192642705928454,0.0999265543663651,0.128310742474169,0.156058481542834,0.0843719402933596,0.00604179109510346,0.0141718916393089,0.0314389726482864,0.0895607354081145,0.0103813081427743,0.00116962209825362,0.0159641696144803,0.0019135158471479,0.000526646469689265,0.00381322037729623,0.014979536948485,0.000630416207435772,0.0152429043854452,0.0112021501487114,0.00131567039670093,0,0.00031219336772188,0.00820452757037614,0.0016128460551143,0.00028015003001438,0.00577333494720492,0.0676340041664678,0.0702880638928913,0.0559715695521016,0.120163666011624,0.0421247114941414,0.0175949574612921,0.00174481908355515,0.045523734698419,0.129237424312279,0.0167750962058883,0.00559090762939022,0.00310265008378887,0.00784561319097883,0.00195902603863036,0.000545260000047711,0.00985974520305039,0.0287337076658788,0.00336330432813302,0.0229281189627569,0.00378369656287092,0.00241775159719514,0,0.00600545663815085
0.979377301427519,0.223249100164412,0.0407707254826294,0.924541820925395,0,1.89961711200777,0.118425722841507,0.396948100334012,0.0819255373877868,0.100822486712523,0.104765842805361,0.038157261396532,0.0089914995563826,0.0154980730894053,0.00591629960176578,0.0151013520028547,0.0196532540401611,0.00182671725415233,0.00239844952495061,0.00295395331471644,0,0.000830347561932992,0.00621803799632618,0.00288669832186118,0.028472374568344,0.000781198174115948,0.154821314096393,0.087407780633025,0.0865978669052472,0.0146024561523239,0.00340358497511066,0,0.949343485572779,0.0190081592189148,0.0369258292528152,0.00397352818177099,0.00313599129034736,0.00777200569722043,0.0290428827732618,0.00366566582369458,1.54984424941954,0.247324153896534,0.00531730859268812,0.0291458670867265,0.0223194827156293,0.00959217653721176,0,0.00176459100051075,0.0232237537257862,0.133946709692665,0.032167848758202,0.0398007418697569,0.00779934065039511,0.0152147970162305,0.00699378497253958,0.156439909633739,0.0223191582939666,0,0.026182891032668,0.00139175004841455,0,0.00734006708011426,0.0097906423462474,0,0.00375531818258507,0.00161154863165656,0.000646403124336281,0,0,0.000816035609674748,0,0,0.0181839304815848,0.013322255114275,0.147785520761153,0.0374931414542275,0.0781122162260581,0.00311859967709763,0.00167376732552992,0,0.0552328590174298,0.138977908212503,0.0112133816100162,0.00475246694400744,0.00310635111089065,0.0115541784286734,0,0,0.00400681784643167,0.0316195243158317,0.00238085888233132,0.011313149159153,0.0074804322569928,0.00190224763650208,0,0.00051023704227364
0.20236638185836,0.295770277617545,0.363352584908493,2.50211578118115,1.89961711200777,0,1.08819398426632,0.258747939187434,0.175818895103591,0.287148654323173,0.0684107719870027,0.133862980372097,0.0313282441271156,0.0248200023578798,0.0321102115870544,0.0532364501817068,0.179251804466683,0.00398203415222842,0.174336236525567,0.0194219174754136,0.00537843674980606,0.00232568992254051,0.0136519640088151,0.00925507613399112,0.00877276340065096,0.0398998453251246,0.0845211268930355,0.0891209145214288,0.0832585767621547,0.0683440945303266,0.0132363422906118,0.00120461332721468,0.134409459328649,0.039548010746609,0.08222848580452,0.0157564527436016,0.00428996531797248,0.0333455300131548,0.0509807892472211,0.0081666265271069,1.11883757582775,1.90055559201517,0.0646705159168434,0.0761676590550153,0.0378552514424119,0.0994305532340598,0.00372025552781626,0.00281415373251869,0.0204711732855783,0.126964085601005,0.0515061456012867,0.0351350977856948,0.00478030767762438,0.0158682081021647,0.00870661545357383,0.0944298840670647,0.00723957681413501,0.00323380550926247,0.0196268084990184,0.00807086802068618,0.00357272284524923,0.00604999374361242,0.0113456990865203,0.00173879361809202,0.00501755147853932,0.00561253537457369,0.00135116774605308,0,0.0023264918169823,0.00157363961696696,0.000570346319464302,0.000654850965334353,0.0119029946086639,0.0188537424604766,0.0913380961435319,0.0369779326300427,0.0889699109215118,0.0318625598531261,0.00667663194648446,0.00221010998728702,0.0411256419734701,0.173435061867456,0.0166822350964558,0.00262062321181875,0.000859218055115733,0.00147418632367244,0.00182413716468956,0.000600306065078465,0.00341220320328613,0.0522897741894505,0.00433919579335147,0.0300786548968878,0,0.0021327365515246,0,0.000988455172567133
0.0530887347815599,0.131626905355761,2.40232093945842,2.51324351264736,0.118425722841507,1.08819398426632,0,0.0647194598716751,0.0422527232454191,0.450501244728829,0.0223747622399706,0.109334290926182,0.151678277888235,0.0175089604620214,0.0333272934176113,0.0541641388177867,8.66654953338562,0.940730342017456,4.79530179718701,1.45673975029768,0.345243272309941,0.162788211521487,0.0609116534034844,0.0509335155865691,0.00460314066575873,1.05463234327512,0.0147923795200983,0.0540011524233741,0.153216742580218,1.30619208731615,0.802943927545812,0.028223897376601,0.0274657088552138,0.097003742153435,0.0814610374883768,0.0738889366723174,0.0100152396764304,0.0280159155997739,0.0588163411687735,0.0132229006799642,0.0814150394928641,0.846939176783687,0.78452746334504,0.0385038456481713,0.0720807929342029,0.336736822034123,0.0362299897854364,0.0299414854126354,0.0172288556484219,0.0608618252781887,0.113457035047969,0.0284696980561965,0.000447861273661244,0.00228481290738387,0.695735971132458,0.0409092603867943,0.0024950125829324,0.00134939522234639,0.00233014791484813,0.000901990936282716,0.00149669082520841,0.00363232112179731,0.00703581825821913,0.000212183792961545,0.34904716253306,0.104599075699653,0.00321516178679793,0.00173226136844187,0.00237203407850225,0.0723871960666632,0.00193348664252383,0.00288750159104612,0.00362319370578884,0.154774821286604,0.0187820809712953,0.0127476815566356,0.0293352268109453,0.12476034468223,0.165955036883383,0.00706800138353707,0.0122971160413091,0.0689221127025544,0.0138205392031333,0.0106564217813615,0.00456042642374768,0.00239155588987383,0.000623204733903293,0.00195452557575435,0.00118245240704533,0.0169658771876451,0.0052211901760821,0.00923542107212988,0.00405203988540775,0.00407258837575463,0.000350013076987956,0.010322414085122
0.246928318797376,0.88191811404506,0.0246461449245411,0.0740207932450623,0.396948100334012,0.258747939187434,0.0647194598716751,0,0.554475088145902,0.50742778703642,1.70816912773677,0.969882416978681,0.0544004010733169,2.51904663994979,0.965854105559349,0.22590896424326,0.0478982668499583,0.0130673992033529,0.0382956002196114,0.0333481851425593,0.0167099233181867,0.00825621957147643,0.010999609447273,0.0143730493570802,0.063785195160145,0.00958856770135631,0.209502490187899,0.0529281850513341,0.0669814454177742,0.108455511768599,0.046566272432705,0.00109823117223897,1.4434648169516,2.96446802322825,0.517609630937642,0.0631448253512745,1.31475161045609,0.744992568370435,0.259953286400083,0.00850741416188906,0.208665780549032,0.188167471533198,0.12745115202602,0.49957134406795,0.145744097698457,0.216077142854133,0.00438972673573125,0.00780745385374593,0.063541045520167,0.233820284190764,0.0406234935685788,0.0555323837755701,0.0268131090474993,0.0259091474699434,0.0365496884990762,0.317182740734414,0.0124178985467485,0.00203695448596292,0.0267189167844599,0.0212200664812876,0.00988751451791138,0.0301708040147159,0.0599570617955274,0.00964266539012691,0.0266233470208896,0.0086840420593489,0.00112155412243785,0.00868493381615068,0.00137596754204851,0.00767664912298959,0.00721138554911362,0.00192189810418445,0.0581539031525857,0.0172995795476841,0.187131336251103,0.0372951030375438,0.0830014847406726,0.0389779924773144,0.0216819288338892,0.00293660540694934,0.207213342601866,0.347363604046047,0.0451712056145322,0.011016426292381,0.0316647842560989,0.0750932803488194,0.0159174663853922,0.0135870615782577,0.0216656288631397,0.0588578019416055,0.017808459683769,0.0266930598710342,0.0199442648803506,0.00899040941382273,0.000933519345553621,0.00702761851827309
0.0273266797245641,0.702249411053973,0.0138961949346444,0.0527437199170122,0.0819255373877868,0.175818895103591,0.0422527232454191,0.554475088145902,0,1.66592498749856,1.35397838635353,2.00480888247544,0.0469392514091221,0.439858155754007,0.422436478975862,0.171330802657155,0.0343498671103151,0.0069847332390397,0.0814198386426164,0.0273941266931125,0.00966514165807158,0.00256708005550927,0.0100987679292557,0.0146944068848798,0.0153027060703022,0.0113550084401541,0.11412692981635,0.0116319951226473,0.0281502998847814,0.0709208868411996,0.0319249327247067,0,0.23082116786953,0.551796691915235,0.335234458325431,0.0364107868303503,0.313986971286086,0.307490414294139,0.231430170170098,0.00740239593014197,0.0995755740727654,0.366325127553774,0.176369011380015,1.09290078914999,0.772028094681202,0.526474106374063,0,0.00170208879668381,0.00529609439766145,0.104188151397256,0.0113540239850742,0.0188231047321779,0.00397610495181636,0.00287065460582589,0.0110887686458463,0.0934280635579005,0.0102073285722749,0.00187741580925901,0.028577449327586,0.00163973764285184,0,0.0208868474760867,0.0210549080931628,0,0.0105773358657808,0.00609338234986299,0.000729082084843069,0.00119889086936636,0,0.00358541968729106,0,0.00110788690125125,0.00339400755062499,0.00624639387267564,0.0647160868071328,0.0086472072164025,0.0100141513700815,0.0201651650645783,0.00499279803832244,0,0.0366992653392925,0.16939808625393,0.0200635133455513,0.00597352269821919,0.00662545615197185,0.00510044752749225,0.00378504027441424,0.00514645725400289,0.0244230631073554,0.0230403829984563,0.00439009452969943,0.027194233639195,0.00306638850028718,0.00169197788498096,0,0.00102538065916816
0.0381980973086159,1.95812852235749,0.115801118478228,0.223198076735901,0.100822486712523,0.287148654323173,0.450501244728829,0.50742778703642,1.66592498749856,0,0.865970650921897,6.12650372576353,4.67470776680567,0.884742613113595,1.60120695246143,1.83253883827966,1.17808912774389,0.341191645257398,2.72084745390212,2.13674340086374,1.0249129683449,0.134075538479499,0.263715946537649,0.122719270591216,0.0071947317297127,0.134288131015714,0.0688518425500817,0.0447134335048937,0.100143257766963,1.30485874641827,0.743873712958029,0.0323018837046953,0.216359343837373,1.92529804748674,1.77636015973661,0.573366377846622,0.434725506302152,1.10163725411854,1.11939819742581,0.0783958014725834,0.0942563179944195,3.35022803567449,5.37668672595596,1.99834337191218,3.94037377628741,8.47415001026306,0.178245508758075,0.0464213512434681,0.0116958801333245,0.196954530185114,0.0645883774841714,0.0543581683408256,0.0135507276230371,0.0192542092027419,0.129412709536816,0.0935626439728868,0.0282991584608212,0.00644193258955199,0.0341806950545243,0.0127160300559557,0.00111522748590143,0.0291426799678488,0.0256233312871367,0.0119917923292419,0.145818892263191,0.0806891907236845,0.0101512233899075,0.0166420605729375,0.0082491770812135,0.0467157141278827,0.00659729909364681,0.00873401433982908,0.00583821538440796,0.0511208030056015,0.0458940077196957,0.0262824888775408,0.063304648291585,0.207951436983153,0.119235127326662,0.0109865778341857,0.0485323503440102,0.213533052701879,0.0892626323153353,0.0578023387256884,0.0208225797096254,0.031998866125762,0.00851888422023189,0.0149670740461706,0.00460973409921824,0.0457903556051998,0.033988703824892,0.0444623653883094,0.0629833126570409,0.0199419324917506,0.00142642307164553,0.0313835758047921
0.0331220655565449,0.559837527935601,0.0103844599326468,0.0202519157221052,0.104765842805361,0.0684107719870027,0.0223747622399706,1.70816912773677,1.35397838635353,0.865970650921897,0,1.45995754026765,0.050921525934374,1.659408590668,0.968733161943806,0.186090565789107,0.0279486111909508,0.0121281124133023,0.0486291235755109,0.0302230009558506,0.0128379933933588,0.00352938817915506,0.00473247073857958,0.00229297573084986,0.00510493447798366,0.00701111608880264,0.0912149876118132,0.00992771790794635,0.0258359063867298,0.070831311000659,0.0241006675689164,0,0.397924883833212,0.979889142680403,0.403481187463039,0.0371359877977272,0.458048564352234,0.417689127440386,0.145306639673036,0.00705909543839858,0.0617288489205761,0.171838086866975,0.186358415625486,0.740639926068145,0.195124881148022,0.344106501887368,0.00247803055922879,0.00149465093130463,0.00987410317305739,0.0737023096484626,0.0119402643259648,0.016945133316571,0.011867287177386,0.0281732075806522,0.0137574751059931,0.0922353188309601,0.0087565157905297,0.00167422929163448,0.0140273982025357,0.00155988784124159,0.00304649427119565,0.00966563615798291,0.0400603353752167,0.00232628997190896,0.0151551152184384,0.00766445649881616,0,0.000962465759906606,0,0.00137248358435317,0.00226649199614299,0,0.0186792500390206,0.00825814373158353,0.0810057504718653,0.0110010442016186,0.0232859037589303,0.0266375795844464,0.00683844429977747,0,0.0567094538622339,0.174226958565357,0.00992575939809437,0.00307362719853076,0.024986782959743,0.0192074722875753,0.00327727794330163,0.0019800138796779,0.00406295895433129,0.0247731737338429,0.00567855762934693,0.0275612623244505,0.00555889566349166,0.00860018612180036,0,0.00154737009322081
0.0273847326624635,1.35332095671539,0.0369500329912504,0.0711057694306794,0.038157261396532,0.133862980372097,0.109334290926182,0.969882416978681,2.00480888247544,6.12650372576353,1.45995754026765,0,2.16275892751532,1.08703757610016,2.90416739115986,1.89040898415019,0.258965268420404,0.095191854018053,0.387156271118841,0.52760101906881,0.195201459323831,0.0486838334614661,0.0547071931383554,0.0395085507629059,0.00513268800190303,0.0276718392998751,0.0587076899126842,0.024056612489858,0.0394983799947018,0.499734570900253,0.308339021617716,0.0122851654903914,0.403063218477375,2.27693089813714,1.51160030779392,0.30031525899929,0.477301688354733,1.48529535180734,1.08692011267742,0.045631291880922,0.0294104051464133,0.924062560942517,1.18058665119229,1.57620456329579,1.32031913604995,2.3251023924837,0.0329366287919896,0.00858376645937368,0.0065478331731867,0.149474672193346,0.0293746749172533,0.0277082198529034,0.00742503420545687,0.0087042623750772,0.049792126772315,0.107323721288133,0.00747364223647336,0.00957389683938471,0.0442999558678068,0.00581106971239714,0.00666303188592005,0.0171739125750128,0.0349464771661623,0.00392555515505977,0.057401338121658,0.0423287429120203,0.00445301433352988,0.00770616401288532,0.00330055723374372,0.0175577429918188,0,0.00212162589425542,0.005494434762883,0.0200416098259603,0.0486012606425398,0.0116883643344382,0.0312529571743208,0.0967536056730292,0.0590088012052213,0.00489250908574412,0.0373188699424117,0.191765806632444,0.055867084549914,0.0167410479669837,0.0138648201139426,0.013026058521707,0.00322700354605714,0.0029890086069197,0.003942552436512,0.0368647319633994,0.019874941361786,0.0340668215385447,0.0295417945966286,0.0151479181737265,0.000842726001561489,0.0143148021813791
0.0083710269914863,0.224046127595187,0.0529787666198671,0.0541687636283781,0.0089914995563826,0.0313282441271156,0.151678277888235,0.0544004010733169,0.0469392514091221,4.67470776680567,0.050921525934374,2.16275892751532,0,0.0577664220285821,0.279295551331845,0.848004165529288,0.400164206674825,0.331498065888545,0.462448678457967,2.45599306643378,1.49886553340811,0.24586144797572,0.543421855906549,0.100961572892721,0.00115236471463631,0.0450345437812067,0.00712923790663789,0.0201715747060219,0.0318445752507059,0.703072287174396,0.708244053421455,0.0311347338400682,0.0237285932426283,0.39063263732639,0.452484837439798,0.398075338022237,0.0355039258495026,0.177848307061481,0.385437481310929,0.0646753215143498,0.00995161818680554,0.289082288123366,2.07306713158511,0.170878936254297,0.466672903634468,2.9448307349697,0.163754446121297,0.0539061213067177,0.00581674247605021,0.127301267994119,0.0155911476529889,0.0176649907073627,0.00202770854230224,0,0.0818358794550166,0.0268423209862147,0.00271870607023539,0.00566458212682493,0.00343395703619277,0.014645753414883,0.00751249590040884,0.00582317628857836,0.0129077277790759,0.00260190873298267,0.10300775966545,0.0847266416688917,0.00768224130341408,0.00810958829515539,0.00860257899600626,0.0356050557245843,0.0146685670607585,0.00680253091760485,0.00326776626913425,0.0229318744891551,0.00683871282904546,0.00615794508987076,0.0122862317008269,0.147523853481182,0.0886371035657774,0.00485275707474125,0.00740194757464251,0.0832339361607108,0.0696012688659395,0.0403412056997834,0.00542601386167765,0.0150254060683708,0.00449834761622688,0.0151498266256269,0.00097366685290276,0.0207546273867251,0.0304551202912922,0.0198334252643556,0.0334807618127299,0.0183102225592978,0.00435681162702448,0.0339609014537014
0.00882039158758274,0.444725502376754,0.00478251898710041,0.00545788395203488,0.0154980730894053,0.0248200023578798,0.0175089604620214,2.51904663994979,0.439858155754007,0.884742613113595,1.659408590668,1.08703757610016,0.0577664220285821,0,1.73980530186049,0.289064236824649,0.025001572099303,0.0201678796059122,0.0566495326302593,0.0594831829716664,0.0114506869636121,0.00523787218136849,0.00233667283462928,0.00411411645727684,0.0117639103858058,0.00203815147928157,0.0297975972558984,0.0109072164702716,0.00553381995662947,0.0853321589295538,0.0352230405146897,0,0.4201831610849,2.60654307348146,0.728068565726819,0.0376616205029932,1.81028700112186,1.25478197122895,0.342314890505047,0.00818794507746815,0.0133292598773049,0.115416534443472,0.213006605103146,0.602334509829904,0.256255211318552,0.297149307140549,0.00755143969939598,0.00147587030473981,0.00456938639998471,0.0529821501491261,0.00847886247481314,0.00734595057407347,0.0131804323300874,0.000977431842667499,0.0089855699952196,0.0663626078933952,0,0,0.0176377572346855,0.0062785099539346,0.00258848991467869,0.0214738073715921,0.026704088513816,0.00795513519432117,0.00847966796567395,0.0064580041351936,0.0012297606961512,0.000832100917222092,0.00114952154662117,0.00217176866224712,0.00199962617086301,0,0.029551308607598,0.0066708676320016,0.0643127560853149,0.0076573875200768,0.0045850672094526,0.0169537972105804,0.00972876118567898,0,0.0455707054175525,0.0703976367106186,0.0211461036692825,0.00325450205696337,0.010335283541858,0.037629687513338,0.00893074660637608,0.0052956450605162,0.00762546533535774,0.0243257381965297,0.00600316015425628,0.00958827403085337,0.00597483818104816,0,0,0.00135382095764668
0.0131252235126714,0.573310015622766,0.00665011152606641,0.0191871942283841,0.00591629960176578,0.0321102115870544,0.0333272934176113,0.965854105559349,0.422436478975862,1.60120695246143,0.968733161943806,2.90416739115986,0.279295551331845,1.73980530186049,0,1.55205216167912,0.0838434022459171,0.0357417519408555,0.102636056893037,0.113806820285623,0.034706709031905,0.0127556580627552,0.014342624377813,0.0133139403741005,0.0139045829949693,0.0117439779128828,0.0496564088043939,0.00390679336791716,0.0110859432855988,0.237575583962366,0.106661538986489,0.00425949844813658,0.273010968980185,3.03985304651319,1.5664463162648,0.140199775044015,0.946191271907288,2.45094040452443,1.15856462087992,0.00865692422811093,0.00245418603724346,0.241751545235877,0.346909116200795,0.906986234146654,0.41557957479713,0.715871444008159,0.00399289408409677,0.00133585601880499,0.00703778019363741,0.0544501934550439,0.00714034996599264,0.0124290657409145,0.00759352298648087,0.00160210219493545,0.0189153719887365,0.0668553797429012,0.00109960105486316,0.00392827471357583,0.0135478426946208,0.00387493998608084,0.00151898571140748,0.0156477906070668,0.012034497330391,0.00639266633893468,0.0208667586059944,0.0148195980788731,0.00227448898976454,0.000734914495860516,0.00262029602248531,0.00635284328501951,0,0.00164630493182465,0.0166188298158866,0.00702347845666429,0.0235820302877841,0.00748269471823902,0.00922326143593896,0.0346155740015988,0.0192902982928098,0,0.0297555916957592,0.081167096281253,0.0367351722025148,0.00525827507379102,0.0209476220952482,0.0296395860840795,0.00516349763708869,0.00324121168162473,0.00419135802458571,0.0182049413798164,0.0221437873078641,0.0187211508301459,0.0122073273206248,0.00295290811273882,0,0.0034637021298935
0.00975656428738085,0.334862877699416,0.0175963964302988,0.0302660695356899,0.0151013520028547,0.0532364501817068,0.0541641388177867,0.22590896424326,0.171330802657155,1.83253883827966,0.186090565789107,1.89040898415019,0.848004165529288,0.289064236824649,1.55205216167912,0,0.0911090958551422,0.0530599556146788,0.132275632407095,0.210503829018999,0.0998824250240739,0.0265117959383014,0.486423272667013,0.0376749654542293,0.000920239827183991,0.0120638683825577,0.0121567213778924,0.0108904646688436,0.0223172807059531,0.418305639490129,0.207536495874378,0.0107111469619381,0.0542656215838346,1.24393045106753,1.51939272545606,0.437732564977073,0.223672750298713,1.48318612962312,1.6641705523762,0.233469103433727,0.0199235133670445,0.22955841550172,0.472431873465814,0.493016506893766,0.416746438680339,0.917154367340146,0.0342025961026066,0.0406382081673442,0.00414537072186413,0.12623853582639,0.0112159724191939,0.0195006680548728,0.000679050571827822,0.00650935746654965,0.0383779906366438,0.0561875841054905,0.00371621346453521,0.00821486778042321,0.0312076730266736,0.0117849497328076,0.00330338375650466,0.0223050034448949,0.0340239342972067,0.00269562405101066,0.0359737707737184,0.0285709401502204,0.00594238202585946,0.0141627998707481,0.00220722392934097,0.0210311402608573,0.0109489635010942,0.0119487139557817,0.00568085368077322,0.0110983772389325,0.0295033514513533,0.00574523650569056,0.00426468484044041,0.0840466668450359,0.0551401714042954,0.00191445666730822,0.0105245039516566,0.110279675913704,0.0999637514962897,0.0482609682732232,0.0161986286002874,0.0419367591926715,0.00504167652290175,0.0139741421998448,0,0.0322002097313613,0.0256520778158767,0.036390208331251,0.0359616444037428,0.0244369558828908,0.000904855434782803,0.0134021791342585
0.0205502559467267,0.228258785225547,1.24776808758481,0.750091302772379,0.0196532540401611,0.179251804466683,8.66654953338562,0.0478982668499583,0.0343498671103151,1.17808912774389,0.0279486111909508,0.258965268420404,0.400164206674825,0.025001572099303,0.0838434022459171,0.0911090958551422,0,4.90247598698443,11.8560487594768,4.66093316173583,1.69731720928735,0.947387892492032,0.108394583761515,0.0834801653335301,0.00101939863797747,0.697876484213616,0.0180250167754294,0.0339278031899149,0.113311168248314,1.85481002810004,2.8655781069459,0.0435670225264755,0.022252166177454,0.216714897036073,0.168878937868089,0.126943752911155,0.0210567551715648,0.0737744831248078,0.105039551958919,0.0212565668714052,0.00916796744836162,0.732357464557288,2.73479080498859,0.0720724253025058,0.237539424174255,1.0601446615684,0.131867855303194,0.0456731090608429,0.00638118073962731,0.0543716887433188,0.0739932937770383,0.0310347112789068,0.00345533087466375,0.00457672137867247,1.09418395623817,0.0223887838051271,0.0027025685155363,0.00328423817645085,0.00501889944701982,0.0012231604534292,0.000773796002951594,0.00211710465104253,0.00666187490764487,0.00114218936484757,1.12761515126381,0.379989735523996,0.00949668284528062,0.00625283806805983,0.00490570482432479,0.323348474095478,0.00363774567415273,0.00310709052985321,0.000484440063516153,0.115156456210966,0.0126318764757522,0.0100575197886424,0.0251223320007976,0.210646640439975,0.612485050899004,0.014090331167817,0.00793941184370951,0.036948599983389,0.0197369673920817,0.0159317769357757,0.00194650113858693,0.00438026569432402,0.00229917287076107,0.000821042562957313,0.00326636067049304,0.0126619055122453,0.00879879078873417,0.00670525521835941,0.00588286602397523,0.0058388544267194,0.00314249044911006,0.0221731162295186
0.00194401863747758,0.0611053722515705,0.14733371087952,0.0403385155591238,0.00182671725415233,0.00398203415222842,0.940730342017456,0.0130673992033529,0.0069847332390397,0.341191645257398,0.0121281124133023,0.095191854018053,0.331498065888545,0.0201678796059122,0.0357417519408555,0.0530599556146788,4.90247598698443,0,1.27981487955677,5.5611814452502,5.56988176790757,5.21507468416958,0.0970666359301964,0.0894577872039029,0.000358926838792181,0.239659344336366,0.00138518827361539,0.0150526178601881,0.0672138518807882,1.03490304734263,3.87882170946549,0.126860755595866,0.00943923646082247,0.094266404148059,0.0745300351362667,0.0868701915684717,0.0121232985981594,0.0282836738715727,0.0491772545444971,0.020042397407987,0.00167653897354214,0.0771135287337337,1.56657160862655,0.020548000097541,0.0939976376920639,0.60701320783737,0.204158635958215,0.0554131122572608,0.00156047033038012,0.0284360548118826,0.0472737933509647,0.0150765382152979,0,0.000932037319901463,0.432921216316191,0.00377652582733798,0,0.00403606158830623,0.000617268447437508,0.00258257888298519,0.00100204866728024,0.00245557709019595,0.00174880224864733,0.00110582111898072,0.708562001496881,0.455381064464749,0.0035960445038022,0.00216165148969799,0.00634133905976185,0.481924785190694,0.00463099395148612,0.00471547154293337,0,0.100377178798804,0.00520633274261463,0.00407157180722522,0.0120490318932893,0.165723210363761,0.790003487865232,0.0468961791418941,0.00137914183674225,0.0178196296505402,0.00954950787454806,0.00799696296959417,0.00405271468103671,0.00243789485658649,0.00429781756587633,0.00555033230446832,0,0.00514957864893331,0.0107033717842658,0.00693964663398484,0.00493965843272903,0.00384686091726531,0.00250287698759122,0.0459578112041731
0.0149030074561096,0.257030056837099,1.1407558034014,0.687600181300166,0.00239844952495061,0.174336236525567,4.79530179718701,0.0382956002196114,0.0814198386426164,2.72084745390212,0.0486291235755109,0.387156271118841,0.462448678457967,0.0566495326302593,0.102636056893037,0.132275632407095,11.8560487594768,1.27981487955677,0,4.98490895010579,1.05583507227114,0.228797177495163,0.100888830786704,0.0931492398883031,0.00412829901670086,1.02380780529009,0.00754969849729736,0.0461253209039303,0.173681075953019,1.02568160474412,0.625214631555458,0.0435202179118355,0.0297410698031154,0.23847522837806,0.202317242087219,0.135960095619556,0.0401213428718283,0.0876493091277851,0.101599044400753,0.02287509879711,0.0149843168476718,1.12592273925588,9.27807728451586,0.135619569931427,0.590738709490803,3.04723485585772,0.08060621237266,0.037238381728611,0.0105996857066394,0.0597533463796494,0.0633263699893865,0.0290142754427973,0.0106423369632038,0.00753682144774864,0.169062823292255,0.0222229740940875,0.0101523523816047,0.00307419361602806,0.00367474050416303,0.00254169472205958,0,0.00215948338776095,0.00706017124869751,0.00232927188608467,0.119559311140025,0.0663164800335377,0.00291255634772396,0.00638989325124913,0.00337230987049197,0.0402513826984003,0.00160328567606993,0.00397659846608368,0.0036086713527516,0.114716354579072,0.0273772086258116,0.0140669521930554,0.0366790602188942,0.109166020841033,0.0810444508098636,0.00989918604258209,0.0127526149132898,0.0588356124637201,0.0269295608986757,0.0126310877585026,0.00365232208636715,0.00267924367009578,0.00281478420658432,0.00223278163270953,0,0.0113124125555274,0.0121748465487821,0.0180611423475253,0.00812946894868313,0.00668338041472019,0,0.0204043375783121
0.00438913076374549,0.16580920276174,0.350686036241523,0.13407836397711,0.00295395331471644,0.0194219174754136,1.45673975029768,0.0333481851425593,0.0273941266931125,2.13674340086374,0.0302230009558506,0.52760101906881,2.45599306643378,0.0594831829716664,0.113806820285623,0.210503829018999,4.66093316173583,5.5611814452502,4.98490895010579,0,9.04168022493301,2.34620325935695,0.431426870956902,0.197593964166159,0.00111219736045869,0.361838386873229,0.00933256619181311,0.0199178286293314,0.102663034986545,1.36117581405953,2.07145758970505,0.102740539723801,0.0184043586785427,0.191653075274148,0.239280835272041,0.249065045174363,0.0367526751844651,0.101515005796671,0.146204326404469,0.0455300727184869,0.00984871356552047,0.327661078091355,5.13454004822185,0.110568900704212,0.293289675406069,2.49963183986959,0.314810301039554,0.0780364574427624,0.0025546427829333,0.0778102713477913,0.0499561906666571,0.020909816526817,0.00275711511766976,0.00637742213657196,0.328534412921473,0.0191375127707437,0.00136169331845221,0.00834313192261491,0.00310221196321629,0.00499728084731416,0.00283618770619063,0.00822887401318001,0.00266903891073025,0.00237137495465167,0.400362529976347,0.171248510123606,0.00710807432275595,0.00760859566715269,0.00677583355108895,0.135100776869907,0.00845589847701735,0.00374926397879386,0.00172722257443636,0.091695064890762,0.00796053425017449,0.0106094394821641,0.0196520854596987,0.183964478088334,0.333659691196522,0.0184762303168193,0.00766943432399269,0.0358172231960814,0.0533064273669609,0.0293920662003407,0.00850208923716775,0.00614641174769352,0.00496316134523424,0.00589634475695572,0,0.0190540049758628,0.0192465926387431,0.0179659030805005,0.0257509244787279,0.0102264833933551,0.000640943583082865,0.0449823930036168
0.00333166704960279,0.068484420534949,0.0864383083482092,0.0424816061515677,0,0.00537843674980606,0.345243272309941,0.0167099233181867,0.00966514165807158,1.0249129683449,0.0128379933933588,0.195201459323831,1.49886553340811,0.0114506869636121,0.034706709031905,0.0998824250240739,1.69731720928735,5.56988176790757,1.05583507227114,9.04168022493301,0,6.09595747007639,0.462892762311411,0.18463683644731,0.000814903724105934,0.114372029037831,0.00411402175541473,0.0144322194907732,0.0433227586395996,0.751249157904152,1.88381987366783,0.164751621874842,0.0100609105075464,0.0879156369143161,0.0870842277891563,0.183378115431414,0.0183972990133385,0.0309675711252318,0.0788773723856808,0.0372065987695847,0.00454844263557137,0.109554053527223,2.7515278839818,0.0260434734819958,0.124471278493669,1.30442813475211,0.275138320721973,0.13620145695676,0.00362913392401842,0.0756896496937424,0.0376190829129009,0.0153284320908736,0.00119518744069572,0,0.169403773084459,0.0078515514273312,0,0.00499417020820982,0.00332884502262414,0.00337302885609235,0.00608101443642185,0.00591210809442744,0.00213870909107727,0.000919719603097446,0.29411770476876,0.166650936681191,0.0060315441024211,0.0101096599289326,0.00561606114264458,0.149553448223378,0.00817626845306337,0.00625100217851451,0,0.0529006671766367,0.00046520823537044,0.00471962893079874,0.0157235906329241,0.108437569170487,0.251066587424958,0.0460229880949191,0.00383380978870006,0.0315295930282217,0.0425210354554728,0.031157971303581,0.00182019802380833,0.0130233728480418,0.00714006860605165,0.0133730238077379,0,0.0100832330785937,0.0148986856922682,0.00962333846324851,0.0163235650503249,0.0109145257293909,0.00228141625549458,0.0317455980897969
0.0039375669846494,0.0280936245980019,0.0756565600528079,0.0395957475196317,0.000830347561932992,0.00232568992254051,0.162788211521487,0.00825621957147643,0.00256708005550927,0.134075538479499,0.00352938817915506,0.0486838334614661,0.24586144797572,0.00523787218136849,0.0127556580627552,0.0265117959383014,0.947387892492032,5.21507468416958,0.228797177495163,2.34620325935695,6.09595747007639,0,1.41931499797813,0.562605691503657,0.00118674089349838,0.0866503203361766,0.00206397079308499,0.0122235831952173,0.0474506352671341,0.418564946639166,2.60570135973186,1.33155423364333,0.00585688080582129,0.0322637400379839,0.0375111986026385,0.164257243872327,0.00346263719521401,0.0155849187812253,0.0231333671510882,0.124247315192554,0.000555326894184652,0.0368095177552031,0.480541850393839,0.0145878623165529,0.0239382380995309,0.181128770683941,0.143709899058569,1.2413434020112,0.00344075814440431,0.0761953092068638,0.062914154998151,0.0309499793854044,0.000892655755431841,0.00209394596816423,0.174715883426418,0.0166084394696058,0.00161734892282041,0.00357368049713794,0.00529576692892814,0.00399399071063421,0.00881042899286758,0.00397024813445351,0.00206103747189135,0.00196339045866965,0.259094102647974,0.151118882810187,0.00750299717102491,0.00886744984386933,0.00722269070330312,0.422665902565713,0.0262971666556753,0.0106339998354691,0.000691293641821106,0.0652047465029871,0.0015275967368152,0.00575819313229019,0.0184743641325721,0.1443490275989,0.534144930079598,0.269990612491577,0.00210973970426519,0.0357864746470311,0.0585675382688602,0.0463000611419155,0.00236462781604663,0.00847736497547783,0.00724633242674718,0.0202024230971178,0.000735110206257938,0.0131655841306769,0.0109066248962812,0.020665031715036,0.0121646170315101,0.0083242743228254,0.00467885483864795,0.193268126607201
