0,2.11249708484391,4.20595256985256,4.14668418948035,2.76252714129642,0.886945066064117,1.6633278680448,1.72192369748225,0.0376143721637807,0.0295482814951019,0.0565473295057948,0.0921494540578919,0.0105884051806449,0.0839162616163661,0.0938127621388377,0.0360512235083494,0.204335459888556,0.0583426774822535,0.0521769485299166,0.0749233833393013,0.0324547656909863,0.0305122233572632,0.0233465382975797,0.00668893573105978,1.8346229645133,0.45372552886153,0.314530918608302,3.66925267206189,1.96397777502725,0.115434504738838,0.0304639774503045,0.00100092441413173,3.96554278774563,0.636891613780501,0.0309039444062015,0.0231828318329714,0.114503354243327,0.113905733748704,0.0294000803205659,0.0126625155250547,0.797498445762912,0.508745815388487,0.103299370434307,0.090204198644123,0.0424862283710714,0.0228637315237924,0.00246736804429882,0.00340051829546136,2.52291561877783,0.10613578812748,1.0019826537452,0.11053753593094,0.0459328726341484,0.0512678442923224,0.085718542833037,0.114006016462045,0.0153819286764514,0.0120376190527123,0.0166169279488412,0.0135952884886864,0.00763778400603456,0.00589625774015516,0.0143804154815895,0.00363852141911289,0.0668951386999584,0.0190801366106708,0.0235682143704202,0.0132917603329834,0.00485205494538322,0.00361581073136073,0.00223395732371406,0.00325385525744207,0.356207893328773,0.116780712359251,0.243564767681714,1.04240334234546,0.855587302197566,0.0600762312420847,0.0251608835711736,0.000170785681753419,0.300489860524522,0.0690415034808751,0.0216596602767271,0.0128196145114927,0.00728603693497241,0.0159132802318074,0.00929253474258511,0.00223720642469433,0.0302536555724087,0.0648477573387324,0.00677503492431788,0.00929209480669108,0.00509020857767609,0.0039072731637105,0.000712754147899619,0.0017170398342177
2.11249708484391,0,0.384159897112843,1.9122297062341,3.5406959915904,3.89928683592837,5.49343712517487,3.73814159377543,0.452914570837232,0.607271877948967,0.699515821273482,1.25359308837253,0.336624378605614,0.500620024465482,1.04348522733353,0.573938242823316,1.2973615978287,0.438165012782062,0.615416164729335,0.928815095720047,0.530400805868597,0.239814856029432,0.230951645512323,0.0367235615940811,0.221740996907513,0.198200468163468,0.847902779634847,0.354159756103241,0.590260515259168,0.639865426758942,0.19843735621926,0.0213436120046631,7.75804788972166,2.83839660605029,0.666796031315702,0.332852489837425,0.4683562345985,1.19381586881405,0.494089191539664,0.156353078117314,3.7237040433175,9.38721468577778,1.95677256334522,1.13487544789698,1.56665130584708,0.61040837002684,0.0425158776988482,0.0313415852442446,0.365456871231104,0.30737627636421,0.104008803916529,0.0647192640073063,0.160682964224898,0.171756308546986,0.125218661478078,0.366960126271894,0.112484747202566,0.0928973668812479,0.137269423836152,0.128503337800059,0.0469430706396015,0.032749497395321,0.113021187987649,0.0581975734528571,0.0963084579056725,0.0503895963542097,0.101087284483083,0.0846728047664078,0.0206867291267222,0.0222021811113454,0.0441173407302303,0.030610967340406,0.102927430187866,0.0649609506684898,0.632093841173808,0.220912393726938,0.293170498165209,0.292829847785,0.0897091837872975,0.00465682591703476,0.593697990364704,0.309922858343504,0.338777030752075,0.15074622532878,0.0305626623563863,0.160761253961997,0.108574848575605,0.037751886688174,0.104599972896419,0.168606720961968,0.0164891188443379,0.0550963229722998,0.0225338635275483,0.0548238510631949,0.00286597281665843,0.017337399290988
4.20595256985256,0.384159897112843,0,7.62700755374506,0.0763709609858097,0.200119470050519,4.86532802901904,0.028929116797471,0.0131127773454238,0.00504221895124212,0.0112949449028087,0.0224911907175845,0.0124131176443712,0.0054407893634555,0.0200491522590593,0.00727262824892897,1.03510299042688,0.379777019033385,0.177026924376171,0.24485130461975,0.107520292003813,0.1205169858661,0.024415156094955,0.00727006935024222,0.163603866732448,4.15471400051805,0.210192908733978,2.8492340187598,3.2829109592189,0.492502163645272,0.140287596909293,0.00517787072903096,0.121224265925447,0.145351882539911,0.0256004929891312,0.0397100513241871,0.0084040443797036,0.0225352158385459,0.0161657180018009,0.00722581918360659,0.116682939138403,0.242502298122329,0.237479395759509,0.0431996251063736,0.0197166735965432,0.0368875345965202,0.00189221294199982,0.00387671818992963,1.18263478698393,0.153200525031674,2.16593170446419,0.210456559953225,0.0703583512356139,0.100195740432751,0.249600740913512,0.06283182664466,0.0203330143174933,0.0211586513637337,0.0148099315655071,0.0195424476982685,0.00384928806121045,0.00435913516143479,0.0146012122899936,0.00135482457593724,0.190796771457361,0.0519050123653362,0.0773214737433785,0.0282168372076731,0.00750132826833108,0.0143129986719026,0.00218294777664509,0.0072201802216557,0.0897847615658448,0.671974536330971,0.205928672617188,1.54186754505514,1.59446782951655,0.181300924914029,0.0684784955206441,0.00293963970186471,0.224719491695334,0.0374336934877034,0.0291473415080672,0.017690725471075,0.00473036344074002,0.0134893878942149,0.0120301787074358,0.00255949270177959,0.0442950683985731,0.106696943494342,0.0195616255275294,0.0125388759550562,0.0180187808544159,0.0215350577568406,0.000855077075254472,0.000855519062526712
4.14668418948035,1.9122297062341,7.62700755374506,0,1.60638849230032,1.71587183523342,9.94012676580332,0.242097789235445,0.014539102983544,0.0121952775286848,0.0414042643814984,0.0440967356092156,0.013790493775928,0.0129644643226953,0.0428023112647203,0.0105210921651158,1.64152957837356,0.506479159134105,0.382703722043638,0.359774717816269,0.164934369956919,0.118157230324199,0.0339067405793475,0.00511543534124805,0.2142788617957,2.17807127359324,0.342811297916942,2.00645073347639,2.3951826477057,0.468222243470862,0.101374507405564,0.00236443707774199,0.966406160148042,0.332720806497425,0.0441894439066406,0.0331010051634191,0.0212119638226942,0.0436133023829028,0.0282894667842539,0.013353774506827,0.722272686761573,1.4023626653024,0.536163365489186,0.0588987831978667,0.0582820464664664,0.114342470849777,0.00655992767030972,0.00402573421230935,0.54525582676606,0.125826147942817,0.428156861381953,0.0579692701270553,0.0369539375765094,0.0383750299377018,0.0892579503533044,0.0993040819290599,0.0275276843862341,0.0149412683498913,0.0282226818355044,0.0277053707934231,0.0099213267513617,0.00321865124367569,0.0114219389190303,0.00309947617720043,0.0688270243379699,0.0253887884945795,0.0342341655191225,0.0133082317455172,0.00497231730382011,0.00637905518764056,0.000986535518785039,0.00147930233169267,0.116910247358549,0.114598390808388,0.295892824804995,0.565377442187787,0.727289022152511,0.120060507468962,0.0426815500910618,0.00217018160678133,0.245150512761316,0.0703089905668645,0.0339472657218417,0.0185329119115642,0.00465617322673132,0.0212882990290476,0.00991961007820868,0.0035930850902267,0.0274018463433571,0.0605457403063128,0.00958591333078699,0.0124291397115041,0.00813118619506452,0.0251809820284337,0,0.00102723160214705
2.76252714129642,3.5406959915904,0.0763709609858097,1.60638849230032,0,8.63641395466617,2.93280268948576,1.66064017405499,0.157234434510926,0.100646361236843,0.356640222531006,0.303744176597511,0.0116741429406265,0.325418415882682,0.308384838493047,0.0744489994817443,0.101813412227198,0.0194015327656637,0.0384614587162946,0.0354544073953043,0.0330497811253611,0.00788080885460632,0.00637493497848581,0.00330181236295229,0.0747841555742884,0.0442418886257359,0.115927924556434,0.0518673647354013,0.0894821339675646,0.0301446842344862,0.00859120174220477,0,4.50449604237205,0.787915054251007,0.0837466621966604,0.0130905846514719,0.248549185544819,0.294538311072381,0.0236651928280943,0.0110104202423438,3.76276292807726,1.70331130009202,0.148320983430043,0.202598495633463,0.155150618157286,0.0208076967234475,0.00403599128178844,0.00117079482051468,0.0312005554970377,0.0221531624207265,0.012081861580892,0,0.0137743614527291,0.00658409933791163,0.00731962494539627,0.0256429342652852,0.00261414085304523,0.00140179726881091,0.00245676180440997,0.0095042687526454,0.00219983450799828,0.00584320351481438,0.00594047383615313,0.00146676104745584,0.00478453476620512,0.00429206453461431,0.0120541233963317,0.00666630363180637,0.0015650108948165,0.000320017256308246,0.00314052307216298,0.00110343648625588,0.0151547042724213,0.0058827284275402,0.0739395789435114,0.0229030915828909,0.02764446191348,0.01251667715273,0.00199588361061563,0,0.0618518783528205,0.0588308408668222,0.0216778297864385,0.00368725051988775,0.00342389226019474,0.00653301357409549,0.0112120076783886,0.00076575573151752,0.00273328762595282,0.00977662908836305,0,0.00475212129812075,0,0,0,0.000738187030473403
0.886945066064117,3.89928683592837,0.200119470050519,1.71587183523342,8.63641395466617,0,3.60047096774396,0.901256076631477,0.0742702617086225,0.0286575793472394,0.0978258797786964,0.0570252528897408,0.0134032119576285,0.0918247582223505,0.0949322078352323,0.0319499483862459,0.213582945339952,0.0423399591533084,0.088889999636014,0.0526988704418491,0.0326437407348401,0.00841176202598722,0.00676106054606984,0.00637314952432939,0.0524193720049687,0.0805162053371465,0.159070501114198,0.149872870191987,0.161465518008036,0.0457322359308763,0.0111302151345133,0,2.55381019921052,0.389723816561041,0.0427097947171204,0.0100172461537685,0.104594514426392,0.113151198623297,0.0170982038705361,0.00899951965002377,1.93273257459056,2.92277036139302,0.195630788439711,0.166817273959214,0.145844049279981,0.0429552327092764,0.00149256084124195,0.000597888191464578,0.0435572736619847,0.015759664082262,0.0235523620994474,0.00165469774423787,0.0113051578370887,0.00795337842013277,0.00474441404989741,0.0268193739211353,0.0114701619459963,0.00216557174640766,0.0191127889189287,0.00547332349010077,0,0.00405247290271041,0.0139889043084875,0.00384883169537419,0.0105064455626223,0.00314937386194096,0.00154205468443115,0.00560400234601674,0.000871106400517657,0.00122392322911058,0,0.00102584646507286,0.0138019458939931,0.00394620385494647,0.0819588947160594,0.0476468534954731,0.059586136524503,0.0128584512090296,0.0045797861315844,0.00108725977489632,0.0551639404612816,0.034064645326897,0.021395160666951,0.00762646142521798,0.00684623515885355,0.00574436053096286,0.00840071477818138,0.000654902787371493,0.0120959500566684,0.00660396525172358,0.00109263446769589,0.00576940583691515,0.00454418088806397,0.00760062162808223,0.0033877069439332,0.000505698371145138
1.6633278680448,5.49343712517487,4.86532802901904,9.94012676580332,2.93280268948576,3.60047096774396,0,0.588880520564528,0.0511722851027709,0.0640302693771897,0.0718034295561312,0.136330174715153,0.0849964550232425,0.0422690016561714,0.0950104180989413,0.0375979366214084,8.65060185948647,3.84720304110011,1.62713695018161,2.19466601764563,0.97214867050546,0.923837874162111,0.142628361053373,0.0325674110856939,0.108814325892958,1.90018323918551,0.305999564186379,0.611706279421019,1.24172990163294,2.26558779554685,1.0624148226519,0.0208381088200906,1.79224145557555,0.553327928071578,0.120184571696413,0.147391952203562,0.0438078809108748,0.132044538880106,0.0953411281818503,0.0381951851322058,1.38367350896604,4.80164413689192,1.81858879214878,0.155944655278461,0.259996491406764,0.281871544515604,0.0246320738569508,0.0220373258806651,0.310165717723741,0.181003236277887,0.287574105030527,0.0672347068936877,0.0438302089479949,0.0479223032600623,1.36967342204275,0.127595474634289,0.0430168774340226,0.0624662653799185,0.0328010580149244,0.0725015133907393,0.0222691972794834,0.00760572495976787,0.0441634844645506,0.0179730261665422,0.791522643932422,0.2900956224678,0.161057516991689,0.111248271362091,0.0242563336204632,0.0389422523270965,0.0199070872832601,0.017677455577384,0.0543643171025215,0.373870706244736,0.268419891707094,0.229025033906293,0.50572432563236,1.03892734614,0.379299911171045,0.00665059570628553,0.276871841517055,0.152113756589412,0.137924151184675,0.0813054744899217,0.0039192922634611,0.050641697431915,0.035866704521937,0.00618973029882854,0.0259323868019745,0.150751892881065,0.0463711107896671,0.0344069627137872,0.0274723404275455,0.055539081712888,0.00592564277097974,0.017257424702087
1.72192369748225,3.73814159377543,0.028929116797471,0.242097789235445,1.66064017405499,0.901256076631477,0.588880520564528,0,0.567913600418288,0.44519682751462,0.70485745112595,1.23086951264941,0.137473029442063,1.22476817116327,1.19625969508513,0.534045597064266,0.0816253511647564,0.0235687480424487,0.0618500915351839,0.110226282340256,0.0702882045037531,0.0438618105763572,0.0905420748277416,0.0132432369086588,0.0892111738708122,0.0130225818332316,0.224038226233337,0.0486779289708299,0.0705507913946744,0.0853791910034975,0.0324616123450535,0.00320726675113167,5.18169284122058,4.4749430581834,0.251462537870454,0.0766016738451691,1.30569157094183,1.45118866479048,0.239383622648182,0.0520927302300111,0.922163875283556,2.97965779549534,0.163430520859108,0.86515818317776,0.391128094819759,0.100280259399806,0.0046854430825545,0.0116794667564818,0.0879887445820093,0.0605320691682102,0.0175204958572894,0.0156014930014686,0.0287149288824178,0.00945732335798334,0.0128467468732268,0.180636526846725,0.0203235563289781,0.0197010343654151,0.029652294204956,0.0379843761440729,0.0236832336336196,0.0267805398659045,0.0618354925407365,0.0253516834510427,0.0129710665369571,0.00798640341525945,0.0102142046511287,0.0152175015049884,0.00216624023340547,0.00720511608842527,0.0187253401621767,0.0156683994602743,0.0168664195822335,0.00458997087792526,0.163396096973729,0.0285389082045013,0.0389808077924566,0.0718995830266481,0.0202448619422525,0.00152226727164304,0.150555775511235,0.159093237198862,0.127451417897321,0.0347496306054288,0.0434211003775098,0.0792893597964715,0.036005441074308,0.0217286003835151,0.0165981406757589,0.03113304641469,0.00882101887220429,0.0195548855426098,0.0118161416211583,0.0178885812550729,0.00172300621790605,0.00664892883198078
0.0376143721637807,0.452914570837232,0.0131127773454238,0.014539102983544,0.157234434510926,0.0742702617086225,0.0511722851027709,0.567913600418288,0,1.12405020850451,0.47209259037177,2.87159698669024,0.157840951333735,0.218781408093548,1.14814521108585,0.288382844869971,0.00964469834276949,0.00703473320205955,0.0189870269912492,0.0768235879201742,0.0440679652490829,0.0297750851946898,0.0416710373061618,0.0122777004435493,0.0164667328739767,0.012469068234379,0.143118924463168,0.0404968058698623,0.0449437774547507,0.0486641152936392,0.0199333970390953,0.0214807230334282,0.143731049820281,0.330791087049633,0.251998373941564,0.0938002442011343,0.0875108981026143,0.374361998535313,0.120388035821461,0.0197997551232353,0.0378901859783046,0.480992204230524,0.122645666332378,0.840917997158755,0.629414337271054,0.110249925307222,0.0244413716881322,0.00789667215178281,0.0521090646304061,0.037667895704134,0.0138614875440424,0.00623274259993908,0.0318798074460694,0.020847669835621,0.0128316803757259,0.0777417361659643,0.0850529341629795,0.0095306438538755,0.0699490731575863,0.0387939139567235,0.0186193201947168,0.0194156839130718,0.0326040742601545,0.0353308733368422,0.0172217704320383,0.00343710121971205,0.00851949394040584,0.0244195903835313,0.0101015088383635,0.00766541811379406,0.0191838113685378,0.0302159522651513,0.0216151808662049,0,0.112073329961501,0.020551292627644,0.0395120992754736,0.0739002259578961,0.0153413096202969,0.00419809439373975,0.089844530330218,0.0381028750547715,0.0859268567824864,0.0460852584997987,0.00965905359051827,0.0786691370200877,0.0570064815754306,0.00938087800038878,0.0524859650479231,0.0223547309950254,0.00481000642926994,0.00731614602578168,0.017618162963021,0.0190845233580849,0.0256303810534424,0.00442777760062373
0.0295482814951019,0.607271877948967,0.00504221895124212,0.0121952775286848,0.100646361236843,0.0286575793472394,0.0640302693771897,0.44519682751462,1.12405020850451,0,0.221307227913735,2.807739158987,1.11901329408254,0.0904290601905481,1.18075786394024,1.17542470353072,0.0439551983372509,0.0334549496986969,0.0334344469905485,0.975320081819789,0.499606419954605,0.0628210223575263,0.217253047792623,0.0170997623554865,0.0204412641720026,0.00363573291742121,0.044576166265945,0.00966150095182024,0.0241818157980955,0.0496808563911659,0.0306538014269152,0.00503130357722359,0.128618823788468,0.224393926601301,0.515115808728259,0.216682397641142,0.0645150770653808,1.12303621611639,0.769455827983249,0.163185594757215,0.0302178165277166,0.859236808887382,0.340108212299395,0.918250712140671,1.17748086120955,2.10866351929452,0.011333235763989,0.0127678071061785,0.0223549320717815,0.0319874322294283,0.00610749835511648,0.00157460689315138,0.0119582886305178,0.0108772500991927,0.00588001445395808,0.0451826881231024,0.00753101671580225,0.0230033417242531,0.0138216105722668,0.0287343118196569,0.00764058720096081,0.00203133403083831,0.0172644925993213,0.0187086779388618,0.00489668362117479,0.00299646386402369,0.0020428098756677,0.00525092220561807,0.00958230834981898,0.00580878580996384,0.00831095087175055,0.000732356566046893,0.0069499854299396,0.00320862978577699,0.0497950333132674,0.0082946779223362,0.00495924119966327,0.0317505799146384,0.00660799508900744,0,0.050253688313175,0.0191718633984941,0.0830768527517675,0.038819832022642,0,0.0342982375265079,0.0329704398005153,0.0183377998306674,0.00409370788500985,0.0187240148398974,0.0204757594309575,0.0103833712609125,0.00300837609567894,0.00946121641546727,0,0.00407798788013761
0.0565473295057948,0.699515821273482,0.0112949449028087,0.0414042643814984,0.356640222531006,0.0978258797786964,0.0718034295561312,0.70485745112595,0.47209259037177,0.221307227913735,0,1.54605437258465,0.10201906947806,1.09402560520284,1.82805207438696,0.367028698534151,0.0409887801391375,0.0170240844874226,0.0220200519802293,0.08228828557887,0.0572554787132656,0.0250242040752926,0.0488167254758612,0.0138520035521612,0.0154820762052199,0.0150719901697378,0.203033948472459,0.027399919869536,0.0649804254415808,0.0637511735547882,0.019164410393607,0.0365388461369667,0.315556547614705,0.968257611421426,0.310683094038622,0.0810511556715657,0.597769033933864,0.897294926145375,0.12441675311728,0.0277478476784685,0.0874419493011897,0.206897372105815,0.21765987431918,0.496131103313941,0.300180175767376,0.102434341590031,0.00483749977367146,0.0227384739431282,0.0599707224045852,0.0478145073916042,0.0155794665632346,0.00873625906519759,0.0447854706781685,0.0677150789844724,0.0184228743017301,0.0657426803041862,0.0433881395336528,0.046267963209968,0.0514459854546474,0.0614092089041431,0.0184753750699078,0.0267865481789762,0.0202188179130959,0.0273332148303153,0.0185715017630246,0.00712000409361301,0.0152523204713542,0.0127139778021172,0.00697478880888626,0.00554597335170611,0.0144394038581128,0.00543286024190961,0.0283356648021198,0.00834832977383138,0.170616971369269,0.0342569163411025,0.0591343246185045,0.0593256011839494,0.0160673417907252,0.00266639188683226,0.0897528445595612,0.0758693050798999,0.125918950335627,0.0389492647983762,0.0152242301775138,0.0384264549942372,0.037762778342748,0.00857177224781532,0.0907133026042029,0.049287064964167,0.0227730120483765,0.019157371164494,0.0147393828885779,0.0300088509221444,0,0.00813333352833553
0.0921494540578919,1.25359308837253,0.0224911907175845,0.0440967356092156,0.303744176597511,0.0570252528897408,0.136330174715153,1.23086951264941,2.87159698669024,2.807739158987,1.54605437258465,0,1.83790192922898,0.357516212410385,2.91153827950272,3.61889932125705,0.0901296020420829,0.0710138092238497,0.0656807015848742,1.42409813455061,0.892151872378101,0.160458360687112,0.397659689641653,0.0389871314970718,0.0366846856211142,0.0243239797436336,0.27488407064352,0.0475681799952253,0.0758532759271549,0.215932294226897,0.120986087303772,0.0450464694796256,0.283107993104976,0.846828508177997,0.871268207990133,0.535716832846568,0.173874003303204,1.89574702844494,0.995109173711808,0.232850419722541,0.0878438820504063,0.792474126884939,0.400528475408132,1.57498674227418,1.11160108209186,1.86328872553845,0.0316194460134848,0.0486003764522588,0.0821694223891494,0.117889855034665,0.0218935097870213,0.0170782162340333,0.0560880547272973,0.0365209337031289,0.0241091302701693,0.149766739851356,0.0519699139486214,0.0541221597763878,0.120446708914533,0.131214024596476,0.0967131036144265,0.0206502048173024,0.133753116503855,0.150987764060566,0.0301096907316402,0.0206924639994612,0.0492374095631321,0.0379228882163939,0.0190277492357004,0.0191813035603388,0.058629046637088,0.0343566446018655,0.0235764662842795,0.0144835460708962,0.192299967297664,0.0357526564825956,0.0593205402774862,0.185224850690399,0.103914178904203,0.0258416297000469,0.154798345567326,0.0913874548706519,0.27855355206327,0.174530053007507,0.0100863049043014,0.175271013761756,0.176308777246351,0.0793380738156798,0.0343775909579411,0.0456691131781298,0.0132066244092763,0.0206491858673477,0.0152059369773747,0.043617823402552,0.00625171480197489,0.0414917457487907
0.0105884051806449,0.336624378605614,0.0124131176443712,0.013790493775928,0.0116741429406265,0.0134032119576285,0.0849964550232425,0.137473029442063,0.157840951333735,1.11901329408254,0.10201906947806,1.83790192922898,0,0.0929080628745327,1.61102620319309,6.60599148601904,0.171048156823409,0.299077946948198,0.147424798070819,5.67001706437996,8.0292661701146,1.02510293233819,3.86358915600287,0.0619721281103184,0.0102147849251438,0.0127024843039874,0.0210527577803421,0.010329237183425,0.0427213709480481,0.264943265393149,0.186916987568025,0.0281393834571472,0.0500494574120413,0.280923487608023,0.950725573523667,0.554458472301731,0.0820475144953168,2.58866202966171,2.4196687024703,0.75048494793992,0.00469206892597929,0.126030814562774,0.920224278338537,0.244772001102358,0.667845204123882,2.71326985568591,0.0592469844683512,0.0529677723655258,0.00626919145263038,0.0254054150401199,0.0029261314560612,0.00298625117502016,0.00140280865994777,0.00132068780930533,0.0104500653792472,0.0369647992857097,0.0142371124888552,0.0153093847380337,0.0178183665164307,0.0357493399339277,0.0161436808248893,0.0029097122714284,0.0308182319484087,0.0202537384842718,0.0123457771140718,0.017313171475601,0.010322599732778,0.0210047350960299,0.0105382344335699,0.0155850209559701,0.0220215972012191,0.0190916058787203,0.0074682942009912,0.0128028547894811,0.0272329347766645,0.00527649476992708,0.0225593633739656,0.149974981449299,0.0485618240695305,0.0130119645526663,0.0280898455304448,0.0468235235268639,0.101000911739406,0.0847113553735069,0.00513948940009551,0.0417485403351009,0.0592445424202897,0.0169814685814731,0,0.013679497958852,0.00810677180014468,0.016221119219828,0.0154968046614836,0.0107847804211336,0.0094202822438979,0.0194922016682542
0.0839162616163661,0.500620024465482,0.0054407893634555,0.0129644643226953,0.325418415882682,0.0918247582223505,0.0422690016561714,1.22476817116327,0.218781408093548,0.0904290601905481,1.09402560520284,0.357516212410385,0.0929080628745327,0,2.37184499031606,0.482639986584241,0.0154604910206755,0.00660906302619665,0.0108561539345395,0.0467451644310275,0.046232820849584,0.0113533474808897,0.0398535818080153,0.00158463354190413,0.0225099320425327,0.0125331041696551,0.091250336018277,0.0116242489194244,0.0312693258901649,0.0466471359833589,0.010489383792017,0.00113879646887659,0.477616784306709,1.61473035298836,0.314078485328322,0.0345217340420511,1.18172033737389,1.46552583174326,0.116014434446094,0.0265510778752224,0.14066193458042,0.14204033139242,0.125379446952733,0.26898101417825,0.160446553484611,0.0916522215968642,0.00518388991983987,0.0041558060756498,0.0176648325100406,0.0131333856856694,0.00518939568944093,0.00334615728965856,0.00697417469507952,0.0115992074995139,0.00365426116826236,0.040392203772409,0.00509344991991201,0.00846439543681299,0.0299263697707229,0.0194181551169271,0.0053991950355297,0.00839816142712529,0.0343875230491028,0.0135869468060165,0.011622404104695,0.00652139196004866,0.00855918065639782,0.00847308605675853,0.0141640465923239,0.00319663620777922,0.00975263694718034,0.0137615460547236,0.00578445379820788,0.0034093707553217,0.103205119611352,0.0119513360113837,0.0118305380684876,0.019084065871894,0.0103785287184202,0.00165095811113913,0.021316275715761,0.0325931447086938,0.0506851611518788,0.0124654816347659,0.00759075759193695,0.0312231292895589,0.0403666285052903,0.00888190553599904,0.00812175211998387,0.0250305724081109,0.00408091983210729,0.00586614248765033,0.00312234523266074,0.00922139819566695,0.00346208888972022,0.0086537714727841
0.0938127621388377,1.04348522733353,0.0200491522590593,0.0428023112647203,0.308384838493047,0.0949322078352323,0.0950104180989413,1.19625969508513,1.14814521108585,1.18075786394024,1.82805207438696,2.91153827950272,1.61102620319309,2.37184499031606,0,4.22541597879392,0.0704137257396348,0.0594834580434598,0.045116181681032,0.535514348355828,0.480676527095573,0.123764086648992,0.344907409588549,0.033516072836456,0.0256456184536539,0.0138343262797853,0.144491042313939,0.0126545340984355,0.0427410303407361,0.152262683534643,0.0763303903564783,0.0289305962860194,0.415854222318705,1.52886757021608,0.830283532620914,0.259169577490059,0.667999647956158,2.78119217641897,0.865866533046848,0.190929886072857,0.0943232565984582,0.536951745413367,0.276714084778278,1.33345955795321,0.757825930404205,0.582907887166913,0.0160230546506394,0.0377725254284736,0.0639134690837939,0.0650138977755705,0.0212080061817536,0.0120114550393579,0.0301712577368871,0.0309612383146003,0.0171547954630094,0.0965751281972831,0.0329772901806974,0.058545017966452,0.0407751162588029,0.0715669683279878,0.0286524853040702,0.00594918655389677,0.0792179244494065,0.058185606191831,0.020009860026863,0.0117818655414267,0.0336518384414525,0.0207667231305844,0.00923019242749408,0.0197757502128753,0.0412389650776108,0.0352977500566856,0.00885897133058373,0.00280895321309052,0.114682933866909,0.0312127272388553,0.0506967107956989,0.104407035131202,0.0548271337597837,0.00993800251240674,0.116836245764115,0.101307990937749,0.174388086758683,0.100292291026387,0.019494782723932,0.101678870620408,0.133326913391939,0.0414535924525101,0.0165713624470481,0.036029803836809,0.0143948629567848,0.030936085537828,0.0253985010655883,0.010912049396408,0.00279091574733684,0.0199162221068062
0.0360512235083494,0.573938242823316,0.00727262824892897,0.0105210921651158,0.0744489994817443,0.0319499483862459,0.0375979366214084,0.534045597064266,0.288382844869971,1.17542470353072,0.367028698534151,3.61889932125705,6.60599148601904,0.482639986584241,4.22541597879392,0,0.0665702614071066,0.130063134104595,0.0780659857265926,2.58249840469391,2.539887181979,0.276847455579218,3.89787853265635,0.050438708797096,0.0161493826726377,0,0.0599331040538757,0.00228340451057066,0.0245667334241067,0.126740321245932,0.0689427182928476,0.0162253743628642,0.218091160871018,0.955600014611049,0.862740934791815,0.393877046512197,0.408938781846598,6.80370619775861,4.64271591131292,1.28141633307738,0.0355072579151648,0.14464950942777,0.498942869144,0.560772177459982,0.628555800992839,1.96967982196799,0.0205612976549691,0.028914175305802,0.0100592580754084,0.0338651524815465,0.0038176930033635,0.00238103744013956,0.00187153140403892,0.00208838453709692,0.0069609343642477,0.0571650321511069,0.018329803751381,0.0183622883052846,0.0283856061315584,0.0254115207595026,0.0127405765116484,0.0137547736867165,0.0180263038597126,0.0309346024295785,0.00495577066442199,0.0047043101635003,0.00113910716685606,0.00851847567313415,0.00915784102129431,0.00359550548447562,0.0116172780664044,0.0218552396776846,0.00613801933425667,0.00648241566862456,0.0540692124500532,0.00288556462729635,0.00875854811714719,0.0722432848573736,0.0202486237630141,0.0113808950774678,0.0507437660415533,0.0850278816001704,0.148496100458174,0.0342173038176432,0.00855664914157513,0.0753981424591306,0.0572998117839685,0.0181167866935773,0.0036790527123453,0.00536970306431322,0,0.00832435359444616,0,0.00900809292157307,0.00484293212316,0.0152419122611778
0.204335459888556,1.2973615978287,1.03510299042688,1.64152957837356,0.101813412227198,0.213582945339952,8.65060185948647,0.0816253511647564,0.00964469834276949,0.0439551983372509,0.0409887801391375,0.0901296020420829,0.171048156823409,0.0154604910206755,0.0704137257396348,0.0665702614071066,0,5.15937785972632,4.40032875761813,3.829080397844,1.54816935522641,1.16388766135112,0.177135047905215,0.0256193634137909,0.048167116222876,0.619719499904564,0.142386167132233,0.138842801600495,0.484967713610586,1.92168303395211,1.15432682949301,0.0303213089350918,0.259317081586482,0.339659212078741,0.131271524843686,0.175210393405754,0.0189888739961086,0.121738309166332,0.120629437313234,0.059287368625135,0.112692658010752,1.43671220008031,3.01027808608997,0.06275083775066,0.292877976553161,0.518035980562517,0.0356726256830382,0.0322397748611744,0.139271741673661,0.122509882133909,0.126416537294983,0.0446346392674456,0.0375411842893529,0.0385733807398402,0.863419861946341,0.0956129287173969,0.0334718541881196,0.0469896243694842,0.0366408674504834,0.081862985183705,0.0255838429876236,0.00592359673342474,0.0454406227816905,0.0146615344803317,0.743364620331636,0.315198956138056,0.167654265428892,0.0967013583194349,0.0472686129903792,0.0338657952923726,0.0140411410263375,0.0268942078120398,0.027138768241564,0.209171521696542,0.170168701154661,0.0926403553465416,0.25552672678411,0.937481764192727,0.422167934710668,0.0143178115005207,0.156424125141386,0.108475820288162,0.136428981919428,0.0846563914881299,0.00162546902997568,0.0429272678827183,0.0309070775226608,0.0136223111119275,0.022530467163259,0.113124989775644,0.0550588566895969,0.0300207881646526,0.0260548743261572,0.0654104996543423,0.00489252512184097,0.00902498607836408
0.0583426774822535,0.438165012782062,0.379777019033385,0.506479159134105,0.0194015327656637,0.0423399591533084,3.84720304110011,0.0235687480424487,0.00703473320205955,0.0334549496986969,0.0170240844874226,0.0710138092238497,0.299077946948198,0.00660906302619665,0.0594834580434598,0.130063134104595,5.15937785972632,0,1.77640864926032,4.8745515989534,4.9593795152052,6.84888634090965,0.409541095683141,0.0808412926823235,0.00881473343133138,0.586919189175217,0.120001967666242,0.0792759085090031,0.335308940827592,2.86211644445682,2.69224174606855,0.0616851956192022,0.0591462746485859,0.218309803765182,0.205253178085587,0.301520699984977,0.00107651803482922,0.127909216780555,0.19490048133413,0.119219927841794,0.030306570152553,0.351019147255734,2.11691256294184,0.0312901781140211,0.104447965151114,0.595648239078424,0.160189195832073,0.0600952366552531,0.0344510558427661,0.143725402032541,0.134014530188498,0.0495961705146593,0.0198278302106974,0.0393442037538156,1.03544561145632,0.0743257677496779,0.0404146440039746,0.0593890041158359,0.0481762498025202,0.0993563136162757,0.0620286282342806,0.0131877776957592,0.0723661380845428,0.0213979020625591,1.0773225663653,0.649255572837949,0.295995840725251,0.142393909322655,0.0395263940254512,0.0672680530117174,0.0293894315149426,0.0450400327821264,0.00378928392093297,0.315762644534759,0.0837404464416115,0.0515791927563683,0.237300155659752,1.70187359813428,0.800359850685931,0.0164389324976519,0.0812028440112392,0.0983215719226338,0.214647865784482,0.13776975679097,0.00296296637376581,0.0652116177033278,0.0862869404536425,0.0355120398096372,0.0126349076239705,0.182528316667219,0.062793792313843,0.0265388213893195,0.0407280752813061,0.077111946264658,0.0138439215457264,0.0197033982847761
0.0521769485299166,0.615416164729335,0.177026924376171,0.382703722043638,0.0384614587162946,0.088889999636014,1.62713695018161,0.0618500915351839,0.0189870269912492,0.0334344469905485,0.0220200519802293,0.0656807015848742,0.147424798070819,0.0108561539345395,0.045116181681032,0.0780659857265926,4.40032875761813,1.77640864926032,0,3.72999837437777,1.0022057402129,0.302487140119219,0.0791179560727179,0.032488923803111,0.0466402601268368,0.143828759578091,0.0851072373474931,0.0547546899225355,0.154722773579885,0.496223672876914,0.16759527433365,0.00444822782674065,0.137177919464894,0.225403445502604,0.0880974929805041,0.064751604646352,0.0225771121776471,0.117407669007905,0.0716712292744227,0.0486159216625023,0.0629108249290915,0.646668163446374,2.60114944955567,0.0601030137489298,0.173170221409354,0.511909052928133,0.0223008240448611,0.00621560923285541,0.0379346247346161,0.0486086274355981,0.0216447151379929,0.0100424880518341,0.0226580184862746,0.0214433708291846,0.0720191510754577,0.0318507774836189,0.028659837013801,0.0122252250316097,0.0164600699472334,0.0296451143046978,0.00794696331577049,0.00554015948606431,0.0249160269242695,0.00494602531465139,0.0525176781810866,0.034231802319368,0.0203631799241201,0.00695610173567229,0.0109408146540705,0.0114823161952613,0.0051662324937088,0.0188140535502904,0.0126527683358863,0.039302636631198,0.0992926795996311,0.0353897401690108,0.0706617128039211,0.157370769384494,0.0523601712866261,0.00342355859791593,0.0698381876127975,0.043775988459805,0.0759608590587811,0.0298970164886213,0,0.0165625732164732,0.0265270031620232,0.00504904389498562,0.0109886462375065,0.0348898240550065,0.00704218948797265,0.0136280518620292,0.00869273204172399,0.0239125153906583,0,0.00611195273586112
0.0749233833393013,0.928815095720047,0.24485130461975,0.359774717816269,0.0354544073953043,0.0526988704418491,2.19466601764563,0.110226282340256,0.0768235879201742,0.975320081819789,0.08228828557887,1.42409813455061,5.67001706437996,0.0467451644310275,0.535514348355828,2.58249840469391,3.829080397844,4.8745515989534,3.72999837437777,0,10.0231891827845,2.23292519591977,1.80847657120904,0.0945536587831364,0.0357850631525133,0.201361187471464,0.141065288824141,0.0685247896318842,0.214558957878802,1.34084112115825,0.675433647846123,0.0522471946573317,0.147894306574693,0.623308949569761,1.16311798791567,0.859020112712644,0.0524692026002702,2.04347367913509,2.30926877222338,0.576816253848241,0.0423698297152744,0.642440626670644,4.2075824686477,0.374453027888785,1.3051676347515,3.701255567445,0.139598878537933,0.0761634217867136,0.058286359568482,0.11045495260248,0.0338154215671331,0.0181174297011947,0.0280022662027255,0.0191105711931523,0.137288388846155,0.0845433111078809,0.0341476814527168,0.0474904905573818,0.042073960617347,0.0760445893901667,0.0573302166525199,0.0131998051372964,0.0556692014491997,0.0516313310394099,0.124430123287285,0.0558130636030755,0.0415240576887741,0.0487220647979873,0.0221112892756576,0.0359882997315109,0.0406562610755842,0.0628482180739861,0.0162508308487468,0.0626882082319641,0.136226036454741,0.0399440275556236,0.100855143950159,0.567306245570268,0.171664731457125,0.0176163230976996,0.132559353914909,0.120327745664276,0.288371787959332,0.165518898338573,0.0034879885107264,0.0884466435819508,0.107337064033408,0.0512944553061896,0.0325408992464586,0.0851373441238047,0.0280415264014842,0.0223281213254395,0.0247387650812335,0.0436963201595195,0.0131981032575287,0.0549659538162138
0.0324547656909863,0.530400805868597,0.107520292003813,0.164934369956919,0.0330497811253611,0.0326437407348401,0.97214867050546,0.0702882045037531,0.0440679652490829,0.499606419954605,0.0572554787132656,0.892151872378101,8.0292661701146,0.046232820849584,0.480676527095573,2.539887181979,1.54816935522641,4.9593795152052,1.0022057402129,10.0231891827845,0,6.89411864097819,3.77432882455217,0.140902982989108,0.030284974191012,0.117025488249965,0.0687123358626831,0.0346179360300901,0.113294226413399,1.38237684965135,0.948705963604385,0.13040928469336,0.0736781364020882,0.466600568802906,0.981304936375194,0.969601055543205,0.0274005969212876,1.57932514572727,2.37626157551301,0.940609319716922,0.0233324113810866,0.298184212500981,2.92621246080598,0.243803506494811,0.971576495383188,3.14670764052699,0.309727783046648,0.158745546620101,0.0179223211160417,0.0717932102989463,0.0253869879971869,0.0134247340400001,0.0179920213007849,0.0164788424791952,0.105130603550328,0.0546784052440408,0.0273656482002634,0.0399378594295063,0.0203635742912614,0.0682354376025288,0.04326446598147,0.0201006259838937,0.0605226355742249,0.0306218403338659,0.0928812334933562,0.0744066867232671,0.0581080411764021,0.0521943354185064,0.0287275142158314,0.0263285763139188,0.0415116601728787,0.0547001412213811,0.0160479887975267,0.052742726540053,0.0632373041141403,0.0175913612655539,0.0702805230913862,0.539349063129438,0.17896915512882,0.0425887669572409,0.0629279197595863,0.0758176349183516,0.278280168361558,0.217985913727371,0.00612017203924985,0.0882297959254029,0.113788498159611,0.0443368556199898,0.0094364469221974,0.0587169027880274,0.0270993400234959,0.0295458384105574,0.014773672262607,0.0355981311422588,0.0123348940276761,0.0278620256995358
0.0305122233572632,0.239814856029432,0.1205169858661,0.118157230324199,0.00788080885460632,0.00841176202598722,0.923837874162111,0.0438618105763572,0.0297750851946898,0.0628210223575263,0.0250242040752926,0.160458360687112,1.02510293233819,0.0113533474808897,0.123764086648992,0.276847455579218,1.16388766135112,6.84888634090965,0.302487140119219,2.23292519591977,6.89411864097819,0,4.38018700858856,0.779337142362566,0.00972143572032021,0.169247555613315,0.0545414677819077,0.0258989618839639,0.109263605997102,1.70625146336033,4.30803350472232,1.02981896675329,0.0451994081117726,0.227691687181491,0.4294147338196,1.34694717981598,0.0116372130843927,0.37337486677546,0.593561969122622,1.34257295133367,0.00846556341033684,0.0936909522192997,0.787535261941234,0.0521607118633295,0.0899416866366115,0.497361234060764,0.730115158418232,1.34707645132301,0.0211809787281369,0.0828537661517929,0.0769253080689296,0.024713216298937,0.00957140453858515,0.0103672485688875,0.321643049095814,0.065678952818392,0.0167432115018751,0.0553081647739985,0.0202367594799659,0.0958886134478639,0.104168555939934,0.0064474069428411,0.0931220978235214,0.0735445694285107,0.420160605144307,0.290668921558451,0.125566834540615,0.121063944721109,0.0993527338971783,0.256747632612692,0.103655573931793,0.361123032749098,0.00723078085125214,0.10722846921864,0.0450672925541296,0.0236301518151241,0.0999497066006125,1.06626605606316,0.880593658263964,0.211038142373795,0.0618599381381754,0.0724094299775136,0.316957996841209,0.824416203137266,0.00504032667644819,0.0830832635768639,0.185454142289726,0.184237392249073,0.00459707943645765,0.0927979231166539,0.0439123060699659,0.0269529611302346,0.0168131290893663,0.0467512586679074,0.101270402869343,0.238731655283739
