0,0.726381749780473,2.30954570227588,1.91891874231141,0.845569557017164,0.453868311990843,0.9598154765355,1.40779064043459,0.0322147588972522,0.0310413593493925,0.097178693525206,0.0485729503675908,0.0212418131640158,0.0742036019002965,0.0781790430408344,0.0191323005729098,0.10326809176884,0.00589026628030553,0.0224878807876854,0.0238076312491692,0.0289393597967071,0.0270779971163425,0.0230714165411252,0.0194894173856068,1.19156881356124,0.148120713523592,0.16286249473491,2.477052669305,0.841632581955011,0.0755062336108285,0.0594142754130998,0.00791556789568619,1.29302798157803,0.0352117048154456,0.0123426245693405,0.0176187338108907,0.0555790498477869,0.0321760810694861,0.015744560425882,0.010695326339893,0.325267243312323,0.107774460809699,0.0237629220865062,0.120690754092347,0.0116899830659841,0.0107416253285222,0.00270691165163196,0.00640526648153862,1.64384813889615,0.0140653851160938,0.916513781634317,0.153167411974627,0.00795149253593303,0.00670687126604976,0.0980048169442374,0.00874826330351564,0.00148535441093397,0.00503191856504143,0.00135188996545209,0.00317775295389396,0.00165905622900777,0.00206804030002498,0.00405959396415622,0.000307722506266345,0.0498204663730345,0.0143346300876083,0.00729908534734475,0.00449389751906414,0.00327059353721269,0.0190042032417533,0.00203100855533742,0.00238417935921956,0.416304865725304,0.0991710874742051,0.189629736193239,0.786364511989059,0.312587696178291,0.0669720195322366,0.0427034937685159,0.00302772586651942,0.0296688626677201,0.0272967190450362,0.00938835830094889,0.00411157112152086,0.00203161089220734,0.0037729666583273,0.000746790505113367,0.00255185348033206,0.00248281573309369,0.0101048211568776,0.00322083670751448,0.00351864148748302,0.0020840561584447,0.00348886432269434,0.00164195149127091,0.00471225206133918
0.726381749780473,0,0.84896550778162,1.87681103826706,1.90533377768859,1.569850966326,1.79524069618152,7.63262321299798,0.362629030967442,1.26036477927411,0.727812192700143,0.778023190845871,0.457347624744682,0.53383002974046,0.498496266023626,0.989332599358537,0.481538758266799,0.0406249408390382,0.321947986541559,0.284268982648212,0.175796499318845,0.110221673324911,0.213917651748808,0.0972383323610183,0.016671574688375,0.7313902256447,0.22192631384379,0.594042204737978,1.74297881241736,0.45544252594926,0.148412352509358,0.031173459306049,5.04288359834448,0.50596162444268,0.566377352324227,0.210146370449674,0.268950513191276,0.345531491341696,0.731147466206612,0.0655737612753383,2.65533553223307,3.17646639179691,0.920406402800085,3.66745741226304,2.35346209367167,0.733615146673511,0.0739674858674959,0.0108897169287697,0.0356395202668885,0.0474203920566443,0.260663179177701,0.0952602781701237,0.0103376906738409,0.0470753866155654,0.110415414092855,0.0368623997903709,0.018553823843662,0.0336744039346319,0.0130944682680285,0.0440691077240211,0.00429286708094147,0.0129519096168085,0.0162243365322309,0.016832877384826,0.0559846278429014,0.0133936355185953,0.0422198250271242,0.0187553636226,0.014045221440907,0.0175733241962629,0.0163600148807057,0.0212722883292022,0.0176677956716941,0.312438572943344,0.172846127983854,0.190870483440382,0.383398374957043,0.095975938721821,0.0454973066652051,0.0046249014014435,0.0864066283802964,0.086033934569442,0.0419900949298074,0.0103527567825293,0.017970507176357,0.0225191205133474,0.00720014854271317,0.0174346669068535,0.00944317651246782,0.0554052869908486,0.0118257560911871,0.00936554784382324,0.020447480002255,0.0196625341740873,0.000882702563792526,0.0279376203631987
2.30954570227588,0.84896550778162,0,4.39899504516013,0.263522770810846,0.37943203464081,5.86383354834883,0.544599826934837,0.0145936748368426,0.0221577519174959,0.0456630122420656,0.0325167144441104,0.0521769147194277,0.0326052487865524,0.0363765853121542,0.0537007499775876,0.635238805235157,0.0785407914196164,0.0366703260120191,0.046362875194108,0.0645439100896866,0.0692717964195833,0.047957133086927,0.0480716782611591,0.034594082204526,7.19629209491039,0.0503401257021697,2.42414651487069,2.83091010205909,0.501139073703709,0.213835787505964,0.0366195671370861,0.403000669881668,0.0208704239383841,0.0201901073608928,0.040406555413926,0.0210334174852196,0.0184440422116212,0.0419657164191038,0.0217427440166668,0.495156632499986,0.179638511280989,0.0481781654768622,0.105108734158824,0.0305703978259338,0.0175191641245403,0.0331030164288447,0.0121895131682212,0.456893638593476,0.0265015592315497,3.68253172771248,0.246290914178934,0.00301402401829826,0.0104111470217412,0.466999302474943,0.00267991666744819,0.00437144165251322,0.00312464324571916,0.000425986675761131,0.00331626618347128,0.00239352332640689,0.00330806876977994,0.00277460864169029,0,0.0939639571648842,0.0377461998715797,0.0132827218689269,0.00496957923343169,0.00520534276463158,0.021916239650905,0.00150418980741904,0.00183945792648618,0.00924532074085804,2.89620517269829,0.0432664848597118,0.680099694076245,0.874351330622439,0.179799266781937,0.0991314813511585,0.00248709571705843,0.00922837162363722,0.0193382074464247,0.00942119257414014,0.00221367849784241,0.00375866213270546,0.00395892676916128,0.000576845586756473,0.00263261455580172,0.00618187997799517,0.0163630567215235,0.00252053378706457,0.00266735200588678,0.00583102956390245,0.0049221183485929,0,0.00458530054868949
1.91891874231141,1.87681103826706,4.39899504516013,0,2.40149657736252,2.45593574706985,7.4830604322808,1.56117874369993,0.117047085644732,0.10649853521819,0.237075457815348,0.114667187237168,0.122410577093109,0.127782096924772,0.166626888402115,0.112776577007439,0.581406993001887,0.0312534235529161,0.195943958936407,0.17504898561905,0.151974730416758,0.0994325251709412,0.0859737173247591,0.0391462983025925,0.0157971404176477,1.77501826137243,0.0426096302830404,0.701616002776386,1.26779789075603,0.248923295091606,0.121121969571895,0.0203036714177592,1.32176861537835,0.0480709963812051,0.0445788982828871,0.02876536574816,0.0303100687863628,0.0771226642700008,0.0558859946024438,0.0168957284423678,1.69731854892896,0.620180441645325,0.149520065622347,0.319988792840208,0.0811227702643382,0.0798873715750426,0.0185858247425458,0.00792181430340191,0.0289809870457603,0.0113768068189621,0.453873656579658,0.0683440080025102,0.00460403046520955,0.00333309147507493,0.135819964268822,0.00575059145808313,0.00261751151133963,0.00249720280977865,0.00078197547070652,0.00114093053050446,0,0.0023224780376212,0.00331957409043217,0.00159052849005969,0.0478189082402832,0.0202948254810311,0.00598978199584508,0.00636655239681402,0.00418287444877704,0.0144602497706401,0.00227933898397169,0.00103567735801597,0.00634904393959182,0.581302694312356,0.0230197095912695,0.115206950795317,0.328438968818938,0.0958364880490995,0.0468968650809995,0.00574191317830042,0.0129641381135035,0.00896104464707564,0.0155475483572628,0.00513690096780051,0.00307836445607584,0.00100452808359206,0.00086541678557616,0.00173616769006674,0.00192775446483218,0.00928001645408574,0.000308054473617944,0.00107021949256002,0.00244075605893683,0.00141962204796839,0.00342099390234413,0.00415833193093525
0.845569557017164,1.90533377768859,0.263522770810846,2.40149657736252,0,1.36915593164051,1.03504142873024,1.43204052857788,0.069854054401538,0.0509679510076052,0.255033581337581,0.0535868080844047,0.0280635978166609,0.12238824480135,0.0905919767103265,0.0609243913701263,0.121014902714649,0.0184263539610587,0.0860766364812815,0.0279644004208796,0.0274893059475954,0.0109058688052921,0.0265633142699296,0.0100814724306304,0.00236857003825244,0.210304654071348,0.0090068912546033,0.0990135390986996,0.176890345785025,0.076504308084965,0.032962181936806,0.00704170157381917,1.565901286841,0.0321428702508751,0.0289110260558348,0.0193157443988351,0.0118845848893644,0.0452892424198561,0.0229286089506694,0.0112537810708499,1.8365190012339,0.344666144179791,0.0936487875906041,0.523212604983477,0.0581470071046032,0.0244893431238213,0.0108825799017553,0.00368261454004087,0.00746386233930762,0.00295349199498102,0.0618194489075591,0.00591127343190764,0.00227091571504168,0.00120339153886519,0.0152966598051524,0.00268212679312993,0,0,0.0016215314915651,0.00203664019867292,0,0,0.00345800928748596,0,0.0076597904275176,0.00252538950062854,0.00167710879534495,0.000701052996461317,0.00421266550250911,0.0016496665516518,0.00128982418300175,0.00174629025643507,0,0.0622839649139471,0.00907588518305838,0.0222951401783525,0.0664709883286302,0.0263837856105127,0.0131069996403454,0.00223617867991743,0.010606060034599,0.0155509425115928,0.00517445117923759,0.00280350456436172,0,0.00210150524163365,0,0,0.00237714241670503,0.000913459885981321,0.00108885996532301,0,0,0,0.00293437193463286,0.000660871054932677
0.453868311990843,1.569850966326,0.37943203464081,2.45593574706985,1.36915593164051,0,2.26195124934971,1.38323338252998,0.116832436440321,0.149285961949792,0.337721296567305,0.0987372317560832,0.108171854902967,0.158748283728948,0.205965195475835,0.145996056445503,0.330099981819116,0.0131294772822024,0.225336505277277,0.103659471083202,0.103805999684017,0.0409755146946467,0.0537765590076316,0.00350454235852066,0.00393753820725525,0.291517709357865,0.0120079655434135,0.0651365222001249,0.201950834227652,0.0930445148929569,0.012935156954952,0,0.759162564098316,0.0416729876867876,0.0218738503522622,0.0104608608814932,0.0229472245710891,0.0714359835826189,0.0666902895263794,0.00389391327612407,1.45568044845583,0.816605775851147,0.232729557851235,0.43987034515678,0.165076189727928,0.0885358935176088,0.0121130712407017,0.000507769828045353,0.00351115275311458,0.00956386779844115,0.0318244858546246,0.00649861309058551,0.00304191206185786,0.00204015677218875,0.00685327641324946,0.000979793801086336,0,0.00517591277247362,0,0.00374234678508265,0,0,0.000960639694339585,0.00433910245802183,0.00184882170379057,0.00141646200645712,0,0.00835608241354403,0.000626428012333827,0.00050732586899585,0.00122137367839122,0,0,0.0703838713453919,0.00877527552602678,0.0130669253929602,0.0505426152747361,0.00662058982836549,0.00524017902438941,0,0.00757935052132053,0.00416580430914172,0.00244349575827446,0.00173658953604292,0,0.00381639913264109,0,0.00247521274370956,0,0,0,0.00164111928806092,0,0.0025196412491463,0,0.00228415118852531
0.9598154765355,1.79524069618152,5.86383354834883,7.4830604322808,1.03504142873024,2.26195124934971,0,1.76765370012173,0.294513676395858,0.796971414792548,0.477127533268492,0.490766350932059,1.12686399162869,0.181184504065785,0.451284094076049,0.899984869223805,19.3904216278218,2.54024394199121,1.17164914607459,1.79309776748254,2.38873941827372,1.80660356823158,1.29542738105683,0.174989138056634,0.00499786615161426,5.35096448065921,0.0672668392485197,0.246883569535634,1.08948847713391,2.69390791956083,1.36858205803339,0.140347391154518,0.724717674637731,0.224594052409866,0.213105115653206,0.168142649505111,0.0433957096171895,0.232949926293137,0.44201064650814,0.0834722256118642,0.779351775628875,1.58676212485498,1.26771999486999,0.554478047414241,0.434518622999199,0.730552350715241,0.162680356741989,0.037930494941479,0.0228870732246502,0.0235304504098121,0.732340636359608,0.0664882115015471,0.0108412622324678,0.0133123383676004,3.38227735652135,0.0160826023676719,0.00854965074504597,0.0139520969231141,0.00199147631781895,0.0129110208485747,0.00632953443421101,0.00449019274990019,0.00929543917179631,0.00383865994068396,0.376867252555777,0.0426767520471039,0.00891967589699877,0.00590471711842684,0.00996934185604659,0.0336915164608922,0.00596267287433369,0.00280002621053235,0.00367119365287836,2.66048195264017,0.0565846062296365,0.0489811448910765,0.512174935191017,0.305420524825317,0.206937805690321,0.00828016948889763,0.0404536547405203,0.0293380715963289,0.0201178838109274,0.0110069238961747,0.00722265505634004,0.00657298642041099,0.0102773002216571,0.00698787166121145,0.00755821895285103,0.0159418183029881,0.0106393705306294,0.00536502118986453,0.00470443640587118,0.00562961849537493,0.000919675472379408,0.00976384274080676
1.40779064043459,7.63262321299798,0.544599826934837,1.56117874369993,1.43204052857788,1.38323338252998,1.76765370012173,0,0.264498767718195,0.262285385663897,0.630655400222058,0.706693750544622,0.154043244297634,4.09163828446329,1.14412042799569,0.263281679716673,0.260567956948999,0.0243512932284652,0.115392960900035,0.10990468929033,0.095636768359445,0.0529775929305816,0.105630629246646,0.0337575847156343,0.0660001612592557,0.366802578057429,0.271480028354136,0.276382577859967,0.912978804117289,0.248496803794235,0.0900960029625634,0.0154974454408224,7.67926298992429,0.65292674050875,0.107937928232407,0.0741833365766293,5.7594504363892,0.916675594336922,0.209710827808584,0.0268953652268651,1.94783941272576,1.31976031958773,0.205701007162272,2.00083033994877,0.273482612213897,0.134239735936552,0.0189807404854016,0.00968442421740844,0.13822142752327,0.0819239805832358,0.271898605385411,0.164367712956614,0.050670744916164,0.0863398744288202,0.151210890287207,0.076137038133341,0.0245379458582637,0.0316843156783963,0.0400559604171515,0.053942505756165,0.0081568525440797,0.0194262116460348,0.0299230323231745,0.00509751021580809,0.0865489435161476,0.0182239309672532,0.0210081299539139,0.015486427506827,0.00945726447718143,0.0183498588236999,0.0143729358532371,0.0131656634100139,0.04486735781388,0.212544186123504,0.201838666784985,0.140805977909534,0.288453706271343,0.110936982315312,0.0360850211552308,0.00419976916352127,0.141658184529189,0.127657014908026,0.0487971627118138,0.012263395503075,0.0173856152802942,0.0185600765301566,0.00676709786011323,0.00989402485301527,0.0192459243380777,0.0741850712971356,0.0262187129922697,0.0283322764703617,0.0220996866484965,0.0247519740841522,0.0017742570332229,0.0110606408347256
0.0322147588972522,0.362629030967442,0.0145936748368426,0.117047085644732,0.069854054401538,0.116832436440321,0.294513676395858,0.264498767718195,0,0.891266018177435,0.36840661493738,0.371595373403231,0.122334216201229,0.151696962692289,0.344256029659917,0.234777295238206,0.317483215785299,0.0032537836625865,0.277810096050001,0.0875715339505765,0.0502710072651804,0.0231874639933282,0.0245028257581707,0.00562402417213823,0.00893191255292058,0.0235371290294334,0.0385791363795139,0.00569188728489887,0.0295451026818234,0.0264222622218001,0.002344142628114,0.00266885112284468,0.10789727552557,0.225561534635346,0.0948624497129819,0.0229061266087691,0.115553048064422,0.218392689123571,0.089214497534822,0.00851202246122516,0.113224190051917,0.543519006474543,0.17776681188852,0.450930834467522,0.351576356658788,0.548753406555803,0.0159591387212012,0.00299614664948233,0.00806278043523368,0.0202176327612717,0.00748667015916065,0.0115014898250831,0.00685791744950004,0.0244078115492031,0.0111659705164124,0.0117563709508085,0.0162202517689097,0.0117974493934481,0.0107125124813457,0.0150615647685976,0.0142279825796114,0.00200741452657532,0.00519751747515181,0.0026679950229353,0.013577805559152,0,0.00185274623360376,0.00849410255935594,0.00362923890102396,0.00253939730248819,0.0105166314070809,0.0017129900623819,0.00208489875833018,0.00561280689224192,0.0360427698172447,0.0102002373897526,0.0138910323481373,0.00109808471327618,0.0014908540160968,0,0.0156102842094804,0.0141985797068628,0.00601620207393849,0.00425082598798,0,0.00460966854576871,0,0,0.00543328298373646,0.00945595729870485,0.00840169087646232,0.0131439815529241,0.00932116298866652,0.00669152421616914,0,0.00832185159506671
0.0310413593493925,1.26036477927411,0.0221577519174959,0.10649853521819,0.0509679510076052,0.149285961949792,0.796971414792548,0.262285385663897,0.891266018177435,0,0.454929618124815,2.0099703179781,2.18278354107783,0.137932446483448,0.571587308996295,1.44033552729286,1.93978490992796,0.0312872239567813,2.52823634334075,1.18989148621908,0.305492169524614,0.0883384171852437,0.208397692996192,0.0396376578574548,0.00108264731976282,0.0278978005122917,0.0886645775090471,0.00594441714174299,0.0901783663549267,0.148504392875332,0.0484977128540486,0.0138235546810043,0.13995166250813,0.843848926728706,0.706479358035,0.114382977358708,0.144842912313089,0.687734292919757,0.62928405760546,0.0364951009442058,0.0357807389568103,3.29683836482842,2.68941446135231,0.622393702988227,2.7789212510775,5.10364459340903,0.032492533390347,0.012408789463598,0.0144632478497143,0.0351213114849885,0.00905017846117532,0.0202271141753178,0.0105606109486494,0.0297353973559211,0.0214005298009244,0.0420149278688962,0.0258452137406951,0.0169069614420239,0.0167995910279258,0.0185470943946565,0.0202712823768951,0.0149998772874589,0.0211421496640407,0.0180190893361023,0.0244807543388319,0.00272347626125144,0.0175934698451935,0.0180196720949463,0.00520359622549787,0.00810947440035591,0.0202261615248653,0.0139877108712831,0.00670031065064675,0.0140873070070814,0.0896830834307359,0.008570587794777,0.0142991789110861,0.0281818153500649,0.0107777766795572,0,0.0455498087367404,0.0385461645578701,0.0471617755387029,0.0156865635758374,0.00621059522986389,0.0286954207091195,0.0142079493468599,0.0190371486470677,0.00572540916421581,0.0172623520320448,0.0188928382968306,0.00570556300950908,0.0271861484005963,0.0111147580106791,0.00450027758319343,0.0181613514748046
0.097178693525206,0.727812192700143,0.0456630122420656,0.237075457815348,0.255033581337581,0.337721296567305,0.477127533268492,0.630655400222058,0.36840661493738,0.454929618124815,0,0.902233839373206,0.211664421865772,0.355693050633861,1.39091605273494,0.33760757366071,0.152441688788305,0.0138613801916108,0.157673125951548,0.136947545240133,0.0983670099171992,0.0351735382753302,0.0622446761398258,0.00777077994391658,0.0139408263450078,0.0459186206952094,0.129175215116836,0.0161325499157033,0.0635626627140881,0.0503168178585636,0.0165498268639911,0.012143786158244,0.284777755496911,0.239243179875661,0.186760052283158,0.021402862046996,0.315198334624246,0.380237622352229,0.22666929327275,0.0174668701746485,0.296889913089478,0.432127920538942,0.204023720548271,0.767035182456526,0.251738277731675,0.204423782348448,0.0227717608221154,0.00212887324054656,0.016459525511693,0.0360366370836386,0.0149963890250712,0.0245097744700801,0.0451476104191481,0.0413969623756519,0.019451029164195,0.0184666435681587,0.0257036587723837,0.0118840774399661,0.0381965279582278,0.0262861234505025,0.00859072230810919,0.0145396060247194,0.0164417459578842,0.00663375035722957,0.0145223382419824,0,0.0055728579025232,0.00976477645247576,0.0101558744059715,0.0055569232488929,0.0190633123242505,0.0143754600985721,0.0319786695044789,0.0113461884582527,0.0861317941088657,0.0203439217524329,0.0270537114231133,0.00928194967122521,0.00893963118832588,0.00420711125489026,0.0598829049613582,0.0199289126146659,0.0279376373383677,0.00863194088406471,0.00607818215871525,0.0149269045701648,0.0117010023963192,0.0157853415705902,0.00965037399821769,0.0373847074045699,0.0202603885134769,0.0353799392167229,0.0171797984342702,0.00914224007598954,0,0.00624591076471573
0.0485729503675908,0.778023190845871,0.0325167144441104,0.114667187237168,0.0535868080844047,0.0987372317560832,0.490766350932059,0.706693750544622,0.371595373403231,2.0099703179781,0.902233839373206,0,1.24329607623896,0.275034493200395,2.01316214220167,1.90701194770648,0.41601611998868,0.034358033442975,0.411510235548472,0.779197724084642,0.273801405592011,0.145480795498842,0.303069242560363,0.0715251595169115,0.0282480569978308,0.0158530333004496,0.211858239436194,0.0196031548909646,0.102957168571168,0.121418739519823,0.0689622625750031,0.0228785614011562,0.240918315331963,1.06393075093203,0.719733512866276,0.232677499751623,0.36320310819033,1.53701012041113,0.895611345654082,0.0807467223964933,0.0337874851375066,0.522050182836228,0.557684045867364,0.565146961406581,0.505338877175551,0.783410480129994,0.081861617620853,0.0236352255581157,0.0656393428193559,0.102407817529674,0.0278716961927097,0.0917366862245144,0.0859880162746561,0.0809974049635336,0.0773031761789273,0.0918767598666428,0.0757723518640256,0.0811528617701354,0.0466454568405833,0.0974190523570157,0.0617504806270859,0.0190751237055593,0.0712543889823148,0.0596527285321685,0.0720307831930403,0.0084511760960909,0.0627622899561017,0.0533146978776128,0.0390564989405748,0.0401477777502824,0.0991810166435797,0.0372842656729811,0.0224507038231356,0.0373146326721583,0.178765368084191,0.0401479815496085,0.0473020232940657,0.0639488094905155,0.0393172881092385,0.0218400544841894,0.172193883364713,0.14462367961316,0.223284242915971,0.0878319718795697,0.0317985644887557,0.0554940212709304,0.0609210263681645,0.0756000964897407,0.0342398925362133,0.079572908719831,0.0620578651278788,0.0387948915980304,0.0367223469603723,0.0371143295089249,0.0126080289862969,0.0514859420436937
0.0212418131640158,0.457347624744682,0.0521769147194277,0.122410577093109,0.0280635978166609,0.108171854902967,1.12686399162869,0.154043244297634,0.122334216201229,2.18278354107783,0.211664421865772,1.24329607623896,0,0.0837908203122372,0.570219139885413,3.70171263288762,1.45472126427642,0.265011417861075,1.00070644571329,2.33923158866955,2.20485414961128,1.61904343958554,4.25647322356112,0.409343877926961,0.0039699665854032,0.0670770348538438,0.0194153284925318,0.00705590150086628,0.154670614719937,0.846017778685658,0.644260004758449,0.169966374324399,0.0596370452354278,0.156899087314414,0.521346936463216,0.55281285580418,0.0367535928701324,0.341997599381346,1.71467208215829,0.336239660284169,0.0278170785142636,0.473639880248812,1.47725754057581,0.203981711691062,0.383641761704228,1.70627218099737,0.614145231798614,0.0581696773641154,0.00341876749914169,0.00615279554228148,0.0333260301759366,0.0086153451848816,0.00934952086151896,0.00226014480565216,0.0659106038100337,0.0199567726671536,0.00272579506589488,0.016936928816452,0.00394528409574621,0.00406332329931146,0.00362470821994315,0.00592378939464022,0.00496066975444467,0.00911092953891045,0.0210178132456557,0.00613310888692418,0.00803815940199146,0.0103984314392146,0.00718770563788707,0.0086187684412764,0.023115142396907,0.0153234806745643,0,0.0956695033298798,0.0139292005392478,0.00730495250298559,0.0533941373582272,0.0828493642950431,0.0293711117174802,0.00681269776829269,0.00788463947390429,0.0249641128276343,0.0422229352937399,0.0119870739959789,0.00671809341536622,0.00724137253089099,0.0101524842553609,0.00612257836073487,0,0.00258201370170972,0.00479699244334067,0,0,0.00515549437079785,0.00173638829327095,0.00935310459470741
0.0742036019002965,0.53383002974046,0.0326052487865524,0.127782096924772,0.12238824480135,0.158748283728948,0.181184504065785,4.09163828446329,0.151696962692289,0.137932446483448,0.355693050633861,0.275034493200395,0.0837908203122372,0,0.89925338127652,0.127910841417857,0.0678557425591987,0.00431390667594433,0.0306847948101203,0.0435839930926875,0.0492613552379623,0.0171652920891759,0.0266455369781057,0.0337643282572883,0.0320083365453168,0.0288321389781643,0.117904118045973,0.0156737217961884,0.0936813655894142,0.0379607627467549,0.0155250982884133,0.00284265026931471,0.757444958106952,0.15568955226097,0.0826609732736502,0.0176750521389096,7.65325558088663,0.75534089418836,0.216053563935812,0.0208788595613764,0.107171701803922,0.167058187771251,0.070216635937489,0.464185616701085,0.10530538815575,0.0697897666999253,0.00850114618371939,0.00318947085056563,0.0233692458993789,0.0456810845251192,0.0283495416482309,0.0417342718270102,0.0239694008197697,0.0341830574737202,0.0266991328178488,0.0250601847120714,0.0115052860340931,0.043225844245855,0.0084347754977383,0.015499243399779,0.0118912107246791,0,0.00252938753022975,0,0.0203174996486811,0.000732200015516715,0.0161197770468214,0.00431225976161068,0,0.00331983752276907,0.0112084353831313,0.0217872900824335,0.01717145339558,0.0346479435854795,0.0910915201935603,0.0315800042036795,0.0437149155944303,0.017922032553431,0.00535850817923372,0,0.0398170228959465,0.0327057539732309,0.0489684003222763,0.0137975028291798,0,0.00592698004324238,0.0171369585765513,0.00505429264076147,0.022572365759282,0.0228555805874531,0.00403193342116914,0,0.022297866303101,0.0176591925703464,0.00380099588917227,0.00331134826410562
0.0781790430408344,0.498496266023626,0.0363765853121542,0.166626888402115,0.0905919767103265,0.205965195475835,0.451284094076049,1.14412042799569,0.344256029659917,0.571587308996295,1.39091605273494,2.01316214220167,0.570219139885413,0.89925338127652,0,0.984575707620231,0.358981476902489,0.0397002262183659,0.231152409777444,0.3577686228355,0.276756439760362,0.142334456424215,0.193585560999423,0.0436972307110912,0.0126586987519168,0.0367441969425258,0.135552862816258,0.0115014164930246,0.0799899529977352,0.0758316052734036,0.0579008281725321,0.0198658155167933,0.359954675633503,0.499591706619304,0.391067867278593,0.100753772013452,1.07867772104089,1.80617250082813,0.982804129405494,0.149841187969758,0.0788671595322205,0.343339398233116,0.321441714893812,0.500523171934419,0.164289886281395,0.298567598219478,0.0321714812803622,0.0293743467550771,0.0563165327237695,0.0727766640664657,0.0255763885153774,0.0778628846912876,0.0651623685689743,0.0845681737512584,0.0614099986203158,0.0693038524022085,0.0585756024959354,0.11758412103048,0.0375319150942857,0.11424405312142,0.0979130251112091,0.00716627660266037,0.0763719219878663,0.0804295955299195,0.0621185772562947,0.0135904531383139,0.0703401151526959,0.0704156822105842,0.0724254397292771,0.0571052568043769,0.152938189917915,0.118735798144881,0.0269130389916173,0.0192255233998245,0.117394762545938,0.0222326218540397,0.0431292930851727,0.057689527556912,0.0642432429840504,0.0324130105357165,0.162785478487638,0.146990105757662,0.215289270049924,0.116203721421637,0.00989131154054412,0.0678614423587279,0.0945169262425618,0.131357230173279,0.0427974177252003,0.0887789262117109,0.0756051232166416,0.0245013286613845,0.0107249327727536,0.068446425654464,0.0115687671662448,0.0929074148016444
0.0191323005729098,0.989332599358537,0.0537007499775876,0.112776577007439,0.0609243913701263,0.145996056445503,0.899984869223805,0.263281679716673,0.234777295238206,1.44033552729286,0.33760757366071,1.90701194770648,3.70171263288762,0.127910841417857,0.984575707620231,0,1.05602692607229,0.31313168352325,0.505933228011053,1.64280740822063,1.47893029827093,1.15569238828017,4.13477810229027,0.768630136361501,0.00717162187535326,0.0849799174533024,0.0576590521336401,0.0175547267181238,0.190363067444032,1.10321612366816,0.834898713936176,0.164756347585397,0.0809742127164583,0.235344330359296,1.50136944258351,1.47336369367814,0.152328102879741,0.7468066065708,4.93154483122007,1.32731320301364,0.0440890986398076,0.630730290058028,1.19396738044994,0.385132289692696,0.721069689632414,1.50277296380505,0.699949857778058,0.0541162107115659,0.0103887564028765,0.0190399063749326,0.0470559874281613,0.0160029207306282,0.00586096481080559,0.00786173518998227,0.0833715160597151,0.0172296583808275,0.019836059594759,0.0258034960747351,0.0113008274699082,0.0317529915448584,0.0335292799934668,0.00136538038974361,0.00704312636090587,0.0184309075255006,0.0408851095460549,0.0101403882565297,0.0141569975151112,0.0181898998322285,0.010450396962574,0.0181232108773632,0.0366116812699951,0.0258353543560019,0.0012195137147307,0.111524609010269,0.0202016303212755,0.00791885789967105,0.0913405567237526,0.155182291857483,0.0631357436327865,0.0171600055076499,0.0152201706007476,0.0254569236064951,0.0912617276907459,0.0345418270098952,0,0.0118196132025823,0.0251066943620287,0.0178236482583208,0.00219740079631547,0.0100617646168138,0.00997351105843947,0.00964622754628519,0.00970707850609112,0.0103254599693491,0.0019758864437385,0.0190740454929453
0.10326809176884,0.481538758266799,0.635238805235157,0.581406993001887,0.121014902714649,0.330099981819116,19.3904216278218,0.260567956948999,0.317483215785299,1.93978490992796,0.152441688788305,0.41601611998868,1.45472126427642,0.0678557425591987,0.358981476902489,1.05602692607229,0,5.39082735696843,1.96219166048492,2.94101743474944,4.25674422338323,2.55679118898572,1.52636866306522,0.169012063032869,0.00183734288945737,0.90446206609094,0.0280866874248439,0.0312813895239201,0.186134738495325,1.28422417363221,1.27072176828953,0.134340166251481,0.106130472680377,0.113893019421255,0.208714295993476,0.158972735888837,0.0200662599331958,0.173657641980423,0.385048483451426,0.0899591726883658,0.0734663828255322,0.930803629882661,1.21137607597865,0.180990958001842,0.455036263368064,1.25013957572671,0.234726209251297,0.0448625860168623,0.00417293162536963,0.0061586666088059,0.212286487110651,0.0181648484933786,0.00364185837148581,0.00631342835879135,1.41391021113006,0.00493696414652949,0.00373719439476845,0.00454005489326817,0.00182373710667203,0.00344827762505065,0.00257368867184004,0.00339464514260557,0.00297585210094695,0.00134585398202525,0.305281775386409,0.0365185709830917,0.0130281240128653,0.00883441885054347,0.00286579067357993,0.0365912025892739,0.00813208013744726,0.00686100250130743,0.000739161655638634,0.7762297437722,0.0300623043523012,0.0114458597816096,0.184035494465724,0.199943189284255,0.224549933002481,0.0061315225413149,0.0183312035257033,0.0182493919375922,0.0313483890624257,0.0136024541628174,0.000431540831634887,0.0043809120120188,0.00578691258703866,0.00629927008268304,0.00112117563887193,0.00829034191185421,0.00373998451966295,0.00055408108046873,0.00208669479365492,0.00288279944643187,0.00100188762441986,0.0117013608467914
0.00589026628030553,0.0406249408390382,0.0785407914196164,0.0312534235529161,0.0184263539610587,0.0131294772822024,2.54024394199121,0.0243512932284652,0.0032537836625865,0.0312872239567813,0.0138613801916108,0.034358033442975,0.265011417861075,0.00431390667594433,0.0397002262183659,0.31313168352325,5.39082735696843,0,0.147408453861938,0.647389188713149,1.97601022812506,1.62373525777522,0.471011113460818,0.144326773297955,0,0.239762419235756,0.00388777498729303,0.0219581865236023,0.0723785253157752,0.859805271807063,0.976573654279519,0.127932779581203,0.0140756155074154,0.0049552351909718,0.0728961709162018,0.107369780673892,0,0.032421501899072,0.16786446910054,0.0661542687494054,0.00449230980250587,0.0243206945012745,0.198979624043246,0.0061190639966145,0.024960526063219,0.118318937821019,0.170182397138971,0.0275956694339325,0.00112176843730623,0.00317268972887252,0.133684468082119,0.00797668863889488,0,0,0.386381648198641,0.000901976666500014,0,0.00261833986016824,0.000937609339367138,0,0.00151224253314374,0.00129529743221113,0.00147230071836426,0.00233924581784237,0.100715454051157,0.029570621203853,0.00487462493516511,0.00810991844018152,0.00434618456322963,0.0288809828529825,0.000469306276447645,0,0,0.349467910556926,0.000922724109993195,0.00859304458950898,0.134137159710872,0.18143320482275,0.146805077693973,0.00338674947567321,0.000983260255622065,0.00599481123611366,0.00687064821561852,0.00288664889747353,0,0.000906103677478731,0.000460925657534972,0,0.00160378634206346,0.00269206234697539,0,0.000694626260202537,0.000817015959342846,0.00067771781358783,0,0.0046666423696243
0.0224878807876854,0.321947986541559,0.0366703260120191,0.195943958936407,0.0860766364812815,0.225336505277277,1.17164914607459,0.115392960900035,0.277810096050001,2.52823634334075,0.157673125951548,0.411510235548472,1.00070644571329,0.0306847948101203,0.231152409777444,0.505933228011053,1.96219166048492,0.147408453861938,0,1.04702708285795,0.771682480331329,0.307887649498589,0.405747218133168,0.0265696952452793,0,0.0412360263786107,0.0195759006605317,0.00236775426374954,0.0402378442572085,0.168240549450321,0.0940993317490098,0.0126910101697056,0.0454056882118132,0.120899225578119,0.14720128841283,0.0408255743897211,0.0191159012903985,0.126126670120204,0.176181917784107,0.0160977947962836,0.0629010481155359,0.735130223840253,0.982293657194968,0.144152221569295,0.580146208721637,1.27204478609755,0.0610483698841823,0.00347831374954929,0.00214900454149865,0.00821575453035567,0.00728991904914961,0.00553695944494005,0.00251397094933371,0.00887794689658784,0.0198593962059129,0.00784443949396169,0.00356176090370919,0.00357886884642319,0.00111613557708157,0.00717930054957481,0.00816755671111481,0.00512277200180322,0.00169516619258158,0.00886634482562661,0.00606025210138956,0,0.000785594846158866,0.00433349366447477,0.00272365925745821,0.00378954275943591,0.0075322430181461,0.00605179963593279,0.00118806323178912,0.0280185740563081,0.0189682116392183,0.00414844132943624,0.0111927277796644,0.0253645142139782,0.00616329278103693,0,0.00809823371299778,0.0160760469566648,0.0121053703259158,0.00984790863348808,0,0.00385355840442324,0.00911861380619777,0.0121011842871114,0.00215744077801117,0.00306569339467475,0.00735221246037204,0.00111119704563323,0.00154255473197207,0.00681164384749128,0,0.00766290992173507
0.0238076312491692,0.284268982648212,0.046362875194108,0.17504898561905,0.0279644004208796,0.103659471083202,1.79309776748254,0.10990468929033,0.0875715339505765,1.18989148621908,0.136947545240133,0.779197724084642,2.33923158866955,0.0435839930926875,0.3577686228355,1.64280740822063,2.94101743474944,0.647389188713149,1.04702708285795,0,2.40067834482829,1.28990265076594,1.47927618293091,0.133500028334774,0,0.0838323367266783,0.0229419245718896,0.00941639900362556,0.0848340072032013,0.652968639012321,0.47539125893237,0.0610458719325886,0.0356432520974654,0.214563562948124,0.392638045262667,0.168045053330007,0.0201349662732108,0.256753436260468,0.66108888470508,0.0962239019726853,0.0215081537522002,0.275483813794565,1.09562670046342,0.15670830496998,0.22022805994225,0.947309525476444,0.196740779706449,0.0167605597237398,0.00776177502736285,0.0120711470062993,0.0357003204407474,0.010123987162351,0.00205682131666568,0.00401430858964626,0.067728634950426,0.00919402480579684,0.000974359737033165,0.00644006730263177,0.00909718534080881,0.00837154626252186,0.0103622387196443,0.00631266103853778,0.0105750438818434,0.0055782212583345,0.0277832498646223,0.00811552662275844,0.00742987684382909,0.012396537837108,0.0111072400021258,0.0121377525096734,0.0167670068466759,0.0113363918455008,0.00248925770417618,0.116974370979319,0.0235628298246362,0.00273825422145569,0.0459767498903276,0.0785060928852265,0.0256093622148444,0.00484789193467239,0.0120696489289233,0.0209931808516424,0.0463112748383122,0.021695233884896,0.00670277508555003,0.00550684529901006,0.0190111071494015,0.0132494601681862,0.00911183170279591,0.00222850096659546,0.00963153893734814,0.00270038008762044,0.00492684935357333,0.0189249456645865,0,0.0082469495474905
0.0289393597967071,0.175796499318845,0.0645439100896866,0.151974730416758,0.0274893059475954,0.103805999684017,2.38873941827372,0.095636768359445,0.0502710072651804,0.305492169524614,0.0983670099171992,0.273801405592011,2.20485414961128,0.0492613552379623,0.276756439760362,1.47893029827093,4.25674422338323,1.97601022812506,0.771682480331329,2.40067834482829,0,3.86576861404866,2.55061892408643,0.290301885608403,0.000601664855524355,0.17450888080015,0.0125447637853957,0.014389678359527,0.0998647289502465,1.08161606500616,1.17789344759798,0.224873167417771,0.0418692082552835,0.0604717805707905,0.294827085375544,0.232334766070656,0.00948878349968197,0.191703152180564,0.642344763966333,0.139539124958826,0.0347093049945956,0.193347765053852,0.869899875100226,0.101417175339763,0.134708508701519,0.527324430239499,0.534864426996015,0.0453313755974146,0.00216764960427093,0.0126840709628631,0.0762584854220015,0.00576288609715521,0.00164411437025626,0.00291636748872615,0.156008457312535,0.00842933682151298,0,0.00680921000100464,0,0.0024360637867105,0.00307895090775695,0.00136164965337046,0.00484623087059133,0.00304054904081664,0.0522808964100679,0.0177770233485378,0.00482800882912047,0.00545937941278118,0.00314096050378035,0.0117168141009752,0.0127825076391424,0.00723526861856782,0.00148013247448642,0.221936087638643,0.0141872755412779,0.00812615057790129,0.118900152131498,0.141817738934096,0.0860552166242638,0.00835977984928963,0.00463272142223274,0.0109423845318508,0.0244807923553921,0.00702332186237984,0,0.00495738747118132,0.00451776773326818,0.00299832167809925,0.00607756891239674,0.0095413875662773,0.00665245597632425,0.00398173840089407,0,0.00196630671724402,0,0.0121356772397219
0.0270779971163425,0.110221673324911,0.0692717964195833,0.0994325251709412,0.0109058688052921,0.0409755146946467,1.80660356823158,0.0529775929305816,0.0231874639933282,0.0883384171852437,0.0351735382753302,0.145480795498842,1.61904343958554,0.0171652920891759,0.142334456424215,1.15569238828017,2.55679118898572,1.62373525777522,0.307887649498589,1.28990265076594,3.86576861404866,0,6.198667729067,0.701427619123937,0.00112113485297577,0.124097304434558,0.0151838534740996,0.0262338360149744,0.143074749724427,1.14014228507151,2.81373736043145,2.09162670575468,0.0310694461619829,0.0302368723843488,0.250194852375318,0.683405606877195,0.00665126253346297,0.0960296649829726,0.9625158764492,0.581434434497569,0.0126301452158342,0.0760365434178513,0.313850654656104,0.0367780873845154,0.043736016344434,0.190411412338392,0.845120877016698,2.29093266851285,0.00390768278465646,0.0131925829919168,0.154671659432688,0.0190359117746232,0.00194677265380699,0.00398068600682696,0.348128816958801,0.00497103796914325,0.000357935683256899,0.00446407706161006,0.00063309801577412,0.00355085695333343,0.00389592046655361,0,0.00389238380233038,0.00249217137152262,0.16070210908541,0.0827748209731874,0.0190636968719818,0.0210909099923217,0.0145658966435689,0.227254332165958,0.00841956155773009,0.0293376650970139,0.000342333750690177,0.249589855746431,0.00661444771937362,0.021637687770998,0.142485831431965,0.300688633177765,0.374977133913683,0.120008042575625,0.00861896493837009,0.0165097373116427,0.0316709643861402,0.0294462529401045,0.00406997610462348,0.00154740241985787,0.00734833422933289,0.0109402751805676,0.00257210806670313,0.00746393634818664,0.00179622459875685,0.000389334765450736,0.00303508063502374,0.00470045736452245,0.00757458999086736,0.140766980813071
0.0230714165411252,0.213917651748808,0.047957133086927,0.0859737173247591,0.0265633142699296,0.0537765590076316,1.29542738105683,0.105630629246646,0.0245028257581707,0.208397692996192,0.0622446761398258,0.303069242560363,4.25647322356112,0.0266455369781057,0.193585560999423,4.13477810229027,1.52636866306522,0.471011113460818,0.405747218133168,1.47927618293091,2.55061892408643,6.198667729067,0,1.5476568417667,0.000448094776463778,0.0907914074383852,0.0175070907464091,0.0249725540524373,0.15677105294141,1.34833626612358,1.46554713404106,0.450487161974794,0.0596044051574798,0.07109155352564,0.749847363543869,2.20422754181945,0.0175019439579014,0.261226512376335,8.54601120489364,5.5920260293911,0.0228981008844163,0.171556549222409,0.636192630685694,0.057137321049095,0.0905802402342085,0.46197355745179,0.829542082981846,1.67272579158183,0.00256081312886941,0.0102146584815844,0.0921370535892801,0.0253386504459625,0.000822464734462472,0.00401301673597916,0.17657295713817,0.00582413539433345,0.00404652210902622,0.00628539509196435,0.000666208576345612,0.00821601215768082,0.00811358573610507,0.000867398078845429,0.00160777048139266,0.0059201484269239,0.0668413611967562,0.0344202627279349,0.0165632014098058,0.0196011767411076,0.00950247862081275,0.0930478729852749,0.0235841016451066,0.0536560698614161,0,0.151093863886774,0.0109898630322385,0.0204918754467376,0.0964704157958607,0.247485025168233,0.139792488576678,0.0517702742320304,0.00633548026618376,0.0316956615922324,0.085710178423819,0.071774685571783,0,0.00801215149091075,0.0101267172092575,0.0308947783838366,0.0018122894891355,0.00347455681265248,0.00888119724108053,0.000634134963325258,0.00103584356667724,0.00664681505965991,0.0122523642856474,0.183108092558948
