0,0.432658902261714,0.863927157256058,1.82548714574352,0.468594226992735,0.716375417710973,0.1719699644119,0.651196635142251,0.000861079604980011,0.000124523108693812,0.00219298277892787,0.000233063816024667,0.00287189703228761,0.00365568482309575,0.00216812878592873,0.000528966969004338,0.0331628753552288,0.0119618791064109,0.00209261604259755,0.00366589157408693,0.00217901156090475,0.00395181760891668,0.00303444476741063,0.000961962091972062,0.454027381870079,0.0721461928192664,0.250931398717325,1.10703426961344,1.10197320503037,0.0443793774353227,0.0119548088024564,0.000942595626631931,1.09113871660781,0.0630152474370561,0.00760393965214937,0.00593558933112124,0.00797950685867613,0.00615274714057126,0.00357177382629094,0.00288071561946124,0.101885164106121,0.132749618330504,0.00418943725008325,0.0214780690519735,0.00390344131620629,0.00125193747879696,0.00055663951521161,0.00211882469746258,1.5247385232998,0.049475671564922,0.286242551371231,0.120333358044422,0.0277947286613585,0.0274092190481182,0.0606650552011211,0.0474953731086283,0.0059713088754245,0.00880116165316534,0.00722407410932504,0.0106694630346432,0.00160550885308881,0.00289290723817405,0.00639833618564743,0.000573540202432526,0.041053150367315,0.0049614148107681,0.0274508335627326,0.00622289576240556,0.0037872925092953,0.00433688765524866,0.000618825336639376,0.00196714437403994,0.253872484558526,0.0640450452124626,0.163385647977667,0.699105506066505,0.583797346485935,0.0321548666499153,0.0172632745268287,0.00115318737190104,0.172767401587977,0.0416263514030793,0.00977415365162977,0.00450800216510374,0.00213289939768604,0.00767406533801942,0.00241128934904882,0.000468421219116633,0.0164003119516868,0.0274486706259035,0.0217054355081466,0.00365646840889434,0.00558321865824259,0.00646665838384698,0.00048167954905604,0.00160889285301913
0.432658902261714,0,0.0312600220968883,0.83342414136884,0.726924646915998,2.44853481863354,0.636540619195019,1.79317267367305,0.0812115537988403,0.00383222942824758,0.082529676936832,0.0234315678627046,0.136849831342038,0.0260511303936499,0.0458566814139228,0.0126432535092212,0.229923793778805,0.0451202395491861,0.0846803358651508,0.133034635865324,0.0646356097203647,0.024406234480712,0.0483596913717165,0.0109215261423547,0.0467380803969978,0.0179545801231604,0.208116275400019,0.0410058300797636,0.0770900942353072,0.139928623365039,0.0387271953415995,0.00237587547886185,1.6826500317445,0.683183224762141,0.502624687027234,0.145723891976112,0.051939758455049,0.100815848845995,0.116035399552374,0.0360071445166538,0.568509030295097,2.3097976763315,0.495233558666767,0.329043066652066,0.206823282070127,0.160791785215525,0.0103386382221845,0.00646385542364257,0.018256044476682,0.0180907141302431,0.00324917046000179,0.00336628712703438,0.00171922899268202,0.00410288785052615,0.00822128537717574,0.0278091764782686,0.00749800775662271,0.0058134261844645,0.0106401571155971,0.0136947302026302,0.00332675361931579,0.00133036743743229,0.0125939615024094,0.00371857682352543,0.00680383826998402,0.00384673161313317,0.00643621761961273,0.00534996638174172,0.00656482860614867,0.00391461595485004,0.00374938580664602,0.00488076714040288,0.0171209897853367,0.00473240001234784,0.052490076116637,0.0144316021084594,0.0394491301313919,0.0389928084911873,0.0153336082838642,0.00109018048194062,0.0578071100785337,0.0527829019532936,0.0306642630009199,0.0257167002306768,0.00179737677414158,0.0108925337296341,0.00926759451271045,0.0053285515309081,0.0015029380395977,0.00662548350473796,0.00620062490011493,0.00726687860751227,0.00353486485280951,0.00298605836769934,0,0.00182715738555757
0.863927157256058,0.0312600220968883,0,1.86374534224228,0.0294336170047771,0.0712219739985092,0.653404251142078,0.00852515861089272,0,0,0.000171525161751021,7.40514377031648e-05,0.00407480162431311,0.000100821258092978,0.000115676436802976,0.00060038964557506,0.231529880936577,0.089749991097538,0.0143856181171157,0.0139448549920803,0.0112944731279509,0.0208562779275165,0.00478165795039241,0.00205050749937503,0.0292704221239203,0.744548395771831,0.0593014742321541,0.707704892110066,0.646707592956578,0.133029275126213,0.0722754648638083,0.00241022824117812,0.0203312760618503,0.0159639666782624,0.00473646997292745,0.0077237968418152,0.000818382084635365,0.0022309995547677,0.00175538981374828,0.00227245551752605,0.0153503522807968,0.0206528485678243,0.00688712874709951,0.000460393616477338,0.00191943287846721,0.00236751507860083,0.00183751519091424,0.00339243878651417,0.466937855255059,0.0347745269219321,0.712040048845241,0.184394675731631,0.0236996640357652,0.0288265320676707,0.166127540912274,0.00774425942449135,0.00428469760538323,0.00748073758707058,0.00270028110665938,0.00681573823787672,0.0013012585056064,0.00117998318072882,0.00352456293710206,0.000561569928607803,0.0891249300372938,0.0175359925548066,0.0390591462920412,0.0110918102096214,0.00692773020523652,0.00814693296795498,0.00107601763091272,0.00210740074189097,0.0240607125048405,0.366676004870488,0.0347505725450639,0.54589011956569,0.451104760963255,0.0725618803029733,0.0369321563779093,0.000736857278688247,0.0281957847124559,0.00983148714949799,0.00899973124972723,0.00524692277359643,0.000905955535563711,0.00298522356443233,0.00150775489691568,8.27392502501445e-05,0.0161437891933089,0.0213690083159861,0.0242608361611219,0.00287042715704078,0.00457668102742016,0.00825549941809881,0.000615734059577077,0.00142715465528619
1.82548714574352,0.83342414136884,1.86374534224228,0,0.819274226407712,2.32217654633314,2.32992152783289,0.17837590153332,0.00239772921944318,0,0,0.000602535332715612,0.0107014834460611,0.00316785994072456,0.00167810745224587,0.00230264414405922,0.42612372854603,0.119876596344863,0.0458249807791646,0.0432756411276269,0.0205299048631064,0.0157551378237605,0.00533297131053099,0.00317253098035843,0.0825277163344069,0.20103046031702,0.160477631520404,0.460208002717417,0.638642535104996,0.149555211685086,0.0420051716789205,0.00216661772261249,0.296141648209078,0.0406054519979142,0.0123586530243041,0.0102533549942284,0.00283037503830248,0.00261811643867717,0.00407246005065642,0.00139772823924743,0.396203328546027,0.67219823387247,0.0473355423682623,0.018715768184777,0.00512487272870315,0.00641570442028215,0.00177100460067585,0.0038949104683286,0.108927935143645,0.021379002797947,0.0684707222011568,0.0277090389173022,0.00551304986923432,0.00689480421978313,0.043159947421973,0.0124841352466469,0.0042120903081351,0.00472835652924768,0.00250321398166587,0.0033578997315782,0.00120118128258567,0.000611830963653475,0.00306496697886597,0.000602812756497549,0.0313165296088464,0.00723762801330318,0.0208846920919336,0.00675445431546964,0.00408743537044705,0.00521636497190362,0.000710820497489125,0.00213075680146989,0.0430047726167171,0.0744316344730292,0.042679678324558,0.149219902196489,0.301211842672441,0.0481928652342223,0.0230674334805354,0.000454633084616737,0.0340799763091786,0.0120643326755346,0.0085738501740167,0.0051786875755853,0.00100727309531252,0.00326327658796939,0.00283966073363105,0,0.00355556975453314,0.015496467703368,0.0151752358908551,0.00197154257869062,0.00471530160298141,0.00493654200842547,0.000324157132890076,0.00105811880261885
0.468594226992735,0.726924646915998,0.0294336170047771,0.819274226407712,0,2.40123418472209,0.111780800152315,0.465764972908028,0.00568610646787277,0,0.00107207634792091,0,0.00218329987572528,0.00543277445507562,0.000455585492636856,0,0.0186946111797165,0.0018470900869539,0.00220160017336122,0.00166277394221552,0.000988811249149429,0.000629258822398183,0.000951450325701265,0,0.0695688594766971,0.00624824125949137,0.0764764948513414,0.0853573996560555,0.105794077903052,0.0119084008727521,0.00215859691093852,0.000392989855840499,0.526624962191177,0.0409980975123583,0.00738866927789631,0.00167320094749273,0.00575312168074543,0.00672464335228433,0.00118867288780942,0.000496357610890955,0.25567196120472,0.415757313918304,0.00294503245579693,0.0510950253216001,0.00830806966034898,0.00115242028604228,0.00109427988154977,0.00110662417950458,0.0204132636583406,0.00702791424939635,0.00165917541067355,0.00194786714324002,0.000461314515544665,0.00114074695362064,0.00276094749441495,0.00606553758333237,0.000820358832529566,0.00274103328487298,0.00113365153547598,0.0019344989510508,0.000280922266122474,0.000516607817058264,0.00263877775353833,0,0.00214814634214426,0.000441267417040008,0.00372718756573852,0.00135688180746269,0.0010435433585932,0.000580299680669885,0.000109510111414678,0,0.0392386909596495,0.00344254359378129,0.0221831026529056,0.0344613727977418,0.0384357403117337,0.00242118529314182,0.0012583650455199,0.000258462206930467,0.0179491076665063,0.0135497554759172,0.00203641836182166,0.00149618995327716,0.00246290626935489,0.0017235924862384,0.00103653610866355,0,0,0.0045452346949831,0.00449402178218717,0,0.000950544450378468,0.00193967599267686,0,0
0.716375417710973,2.44853481863354,0.0712219739985092,2.32217654633314,2.40123418472209,0,0.594407120324998,1.83380836117082,0.0380210360318952,0,0,0.000167152975357309,0.00421793563540837,0.00470387840311828,0.00312433032516797,0,0.134223637679284,0.0172052211217024,0.0153717692971036,0.010581390614623,0.00342816636147719,0.00156895494284171,0.000941665157856917,0.00106265915138234,0.0602833266358443,0.0239154090968383,0.131318059227256,0.0890584389858956,0.130361382326857,0.0308318654749237,0.00580440796656662,0.00085664466438933,1.26999129691196,0.071027775714268,0.01319256830139,0.00592130913168044,0.00728255091898445,0.0144064989247143,0.000315993458376379,0.00188995811205963,0.929097352959255,1.43522833611955,0.0522516375563709,0.329813866122672,0.0116745273469946,0.0107193789457305,0,0.000448632670463352,0.0190723175213461,0.00746129493230857,0.0042431202906345,0.00297271433232745,0.00125362876157678,0.000775829717897813,0.00469161167881127,0.0106889642094384,0.00193715776700838,0.000808371013139575,0.00258986585970139,0.00182041219591591,0.000884348913587681,0.00110748268300686,0.0016422715308799,0.000960699371965534,0.00395107243821258,0.000816069817725262,0.00289924061249518,0.000759598861344003,0.00168551138524273,0.000404803969999892,0.000399115798680094,0.000207515100610012,0.025715074467304,0.0161546552984936,0.0299063476337443,0.0269057837997326,0.0473671194718689,0.00684858990089445,0.00169151111332803,0.000505666720495321,0.0241811896759956,0.0236588915285208,0.00247727610406874,0.00143417009415083,0.00288188048847065,0.00317674497628018,0.00119534644830164,0,0.00336636472511164,0.00340044930928739,0.00405378113491855,0.00433855616687342,0.000825461602750521,0.000255789461784409,0,0
0.1719699644119,0.636540619195019,0.653404251142078,2.32992152783289,0.111780800152315,0.594407120324998,0,0.12347325627704,0.00165415031177705,0,0.000289259990743076,0.000453986391376652,0.0247759305354025,0.000790600752206377,0.000564087458433094,0.00156551238556857,3.3747599204538,0.777726807073824,0.26747852764079,0.210108171922767,0.0693738785318642,0.0444187386584252,0.0168534595903202,0.00419205795803327,0.00827682241885496,0.637499794831518,0.0298563268261529,0.0458084536943724,0.152891149507243,0.398363968542309,0.32470697078558,0.00375763704628022,0.0873491125603379,0.018097724701626,0.0155257623915537,0.0183367899932771,0.000968760358189162,0.00168406236738977,0.00523666995581873,0.00524900996303211,0.07795585786212,0.610051159898714,0.181563577604695,0.0362125975895727,0.00393503795380328,0.0208179252734958,0.00485043564771696,0.00652334996276518,0.0135795509383267,0.0243257544085732,0.0680824269749448,0.0144442916156398,0.00168503300530062,0.00112956648994987,0.90336505551701,0.00994212499243877,0.00243974728916083,0.0123743281065616,0.00227636936250017,0.00723027487228029,0.00295832893172516,0.00127882751658135,0.0071218122351406,0.000818462791262283,0.377774657521358,0.0674318576498915,0.0850647406157765,0.0328551790881748,0.0130376395169569,0.0192708217013602,0.00106547899762752,0.00249151702379568,0.00320641476711308,0.309035877630872,0.00979523345685163,0.0188731360685072,0.101137344675678,0.297348003726302,0.184867820421538,0.00113254110952977,0.0101126424773514,0.0249960491414082,0.0192795732176114,0.00788807812475202,0.00106959416180946,0.00701718778827419,0.00261743647326179,0.000368340934775719,0.00107523391040887,0.0231624183656975,0.048436404538506,0.00485097117979476,0.0180337565320802,0.0130388050633607,0.00029842331931441,0.0022083684016811
0.651196635142251,1.79317267367305,0.00852515861089272,0.17837590153332,0.465764972908028,1.83380836117082,0.12347325627704,0,0.0868890787629247,0.0201771559186803,0.237485643931233,0.101407228973013,0.00425159185094514,0.200051509841744,0.265874633094765,0.00351521094174721,0.00547349179383475,0.00168216017157954,0.00096088979216281,0.00031402744351177,0.000771494269874246,0.000610067665466653,0.00369723315544483,0.00122178390640376,0.0542582049540687,0.0033835802165958,0.240008416452645,0.0169701101404813,0.0268766948694897,0.0197133060696511,0.00372588253364538,0.00105314250951168,2.42612245705839,0.633744095815806,0.0610978716425809,0.0334846020922971,0.363780846719159,0.345359284527841,0.0232381483739728,0.00439627410489156,0.133429251786094,0.588209825940003,0.00450058718234886,0.442569195999461,0.0183754196130705,0.00260142503418606,0.000530264413407269,0.00187855464192098,0.0218972443333216,0.0265707020772576,0.0015569360569565,0.00286780157029903,0.00311157441129311,0.00280260084572155,0.00407051527061126,0.0610212725082724,0.00802682249551024,0.00478869581197063,0.0149077437127068,0.0113003714194412,0.00407059710367062,0.00509589022797582,0.0168502561887813,0.00402036622972141,0.0028375312925575,0.000882226456242738,0.00386648288511545,0.00303475958931507,0.00143299164167104,0.00130029670559755,0.00285318755308109,0.0016492642829008,0.0154089897918146,0.0021182940404253,0.0782640241866051,0.0106813364690338,0.0162958013976917,0.0110987779703502,0.0042552598500451,0.000492590979585095,0.0809760843090212,0.082444099624519,0.0190795867106915,0.012643027249593,0.00641093354591235,0.0138562001186993,0.00855791416466763,0.00432161949882439,0.00487104615878517,0.0062319671367361,0.00413751041108146,0.00711716867034575,0.00207710220269275,0.00394067055634106,0,0.00128113237821102
0.000861079604980011,0.0812115537988403,0,0.00239772921944318,0.00568610646787277,0.0380210360318952,0.00165415031177705,0.0868890787629247,0,0.00632590311303338,0.679216376099219,0.19503250100333,0,0.0182054309217752,0.141385888638096,0.000621225988556642,0,0,0,0,0,0,0,0,0,0,0.00151402681529989,0,0,0,0,0,0.0113197793563007,0.00981326728220904,0.000968700826011248,0.000699601781957286,0.00872236408440375,0.0764318662763673,0.00354731085786341,0,0.00751457842298187,0.00767759663238235,0,0.0568873606931123,0,0,0,0,0.000174427643637576,0,0,0,0,0,0,0,0,0,0,0,0,0,0,0,0,0,0,0.000485133734877196,0,0,0,0,0.00169048565966495,0,0.00204806903992294,0.000158993290376603,0,0,0,0,0,0,0.00113039992619728,0,0.0017246723112431,0,0,0.000568408726935473,0,0,0,0,0,0,0,0.000693536285499589
0.000124523108693812,0.00383222942824758,0,0,0,0,0,0.0201771559186803,0.00632590311303338,0,0.0401073992748189,0.147608194835401,0.106019078261719,0.000407443769703128,0.286989805320619,0.0231037185011944,0,0.000635933239154764,0,0.0136915991618944,0.00416513137705777,0.0017511351427293,0.00853397308208556,0.00112375200828786,0,0,0.000501163375617522,0,0.000181714114848433,0.000996515339380916,0.000304146794122311,0,0,0.0234081501858901,0.205226172466399,0.0176544360218483,0.00166902507008582,0.254364284742615,0.0724625612718864,0.00848110033152393,0,0,0.00160072031075468,0.0140338846505983,0.000604261784644192,0.00137851106124028,0,0.000268964914853941,0,0,0,0,0,0.00073242018735889,5.91652090001227e-05,0,0,0.000408979509998519,0,0.000349291068112878,0,0,0,0.000811000315671453,0,0,0,0,0,0,0,0,0.000625770969266443,0,0,0,0,0.00044782326346799,0.000340297158309438,0,0.000396112204871964,0.0004219005936218,0,0.000590122808367998,0,0.000461381604491579,0,0,0,0,0,0,0,0,0,0
0.00219298277892787,0.082529676936832,0.000171525161751021,0,0.00107207634792091,0,0.000289259990743076,0.237485643931233,0.679216376099219,0.0401073992748189,0,0.858325292995587,0.00144848840239553,0.310150052878358,0.568945806034979,0.00178206619228017,0.000392129783788553,0.000678783283864538,0,0,0,0.000202194866315215,0.00132410264315689,0,0.00218944755407219,0,0.014987278698966,0.000266482743875932,0.00132200285260002,0.00395269758928305,0.000722222086892814,0.000944251459159696,0.0288158294568303,0.0740798004501449,0.0223190790941328,0.0157164369497923,0.0629223870228038,0.242240407602213,0.0206709470100463,0.00248718476925111,0.000634039811220895,0.00125491443382225,0,0.419906407229342,0.00581542840912369,0.000434992410492371,0,0,0.000955922409730823,0.0019499300657366,0,0.000616926713030513,0,0,0.000147666957725485,0.00234097984670998,0,0.000969187687792361,0.00122459920114318,0.0024977655393083,0.000406468302958651,0.00278683823630822,0.00401570861677791,0.0013473393951891,0.000560239774239609,0,0.000544642785818616,0.00121890016495828,0.000779079280686152,0.000144803229408672,0.000327156346979211,0.000388612610594793,0.000801508486487329,0.000282676275419566,0.00290387621728475,0.000674894821959059,0.0024527705059898,0.00114877732405913,0.00150718530463697,0,0.00483005242734653,0.00203208156375111,0.00133784125343052,0.00414781180150831,0.000657551444568812,0.00231406308795693,0.00538183309541182,0.000613195085370831,0,0,0.00113730292039649,0.00169429007096689,0,0.000459597457811448,0,0
0.000233063816024667,0.0234315678627046,7.40514377031648e-05,0.000602535332715612,0,0.000167152975357309,0.000453986391376652,0.101407228973013,0.19503250100333,0.147608194835401,0.858325292995587,0,2.88398757741308,0.0577791620166288,2.99758694505125,1.05984349141465,0.00219018274920812,0.00528815200463555,0.00127724060641381,0.185636362411706,0.0556392378646427,0.0286466311491997,0.248539020484117,0.00438998183746724,0.0014025993338721,0.00040632999467295,0.00198908702490018,0,0.000535432222697292,0.0169211718532776,0.00724317932430426,0.00265435551667689,0.00282543630328203,0.0535729045712437,0.465052284827293,0.217040460583185,0.00491319500969908,0.914272160447522,1.18191206563886,0.12708509347572,0,0.00029762633848146,0.0120301709961706,0.195636431883221,0.010659220994062,0.0293465272375464,0.0013868959556189,0.00582514235252853,0,0.000545095387253456,0.000137849206568431,0,0.000706230723974272,0,0.000149836317247213,0.00100369741420242,0,0.000782981885693507,0,0.000532000829912144,0.000270957176236594,0.000555065480013595,0.000866577351939277,0.00251757890625892,5.25063438049115e-05,0,0.000655749269224038,0.00085633558815567,0.000161140237525179,0.000722470453777184,0.000813135067466192,0.00227120389178073,0.000498482414093837,0.000150443463838187,0,0,0,0.00418265865798143,0.0024197117839197,0.000515582718499691,0.000833828143439373,0.00459117763285988,0.0028943310280411,0.0083662128488323,0,0.00139146390199909,0.00265865699772523,0.00210582664731092,0,0.000237142941381937,0,0,0.000387276190606148,0.000565519804666847,0,0.0011318175931522
0.00287189703228761,0.136849831342038,0.00407480162431311,0.0107014834460611,0.00218329987572528,0.00421793563540837,0.0247759305354025,0.00425159185094514,0,0.106019078261719,0.00144848840239553,2.88398757741308,0,0.00400590972654416,2.43240747454566,2.18606560578045,0.0723585106526353,0.180586985728382,0.138004022127274,1.09348903419001,2.03718220463402,1.03771034666401,2.75542069719166,0.131035027878809,0.00158007272424478,0.00551938715651584,0.00374035367551256,0.00101391661532281,0.00694504536452897,0.339526671717398,0.197295376459682,0.0634849815162978,0.00263472688410565,0.0308993739252627,0.812148325721485,1.14265373232041,0.00418137368073986,0.941900782806758,2.91730849730367,0.576871494552235,0.000811981450272406,0.00514029164519328,0.517413801107343,0.000835892905158814,0.0717988897761973,0.344399912945741,0.0701381519849938,0.150600598112392,0.000576324788286988,0.00420386770514219,0.000215370275267676,0,0.000541023924618717,0.000410946944007246,0.00261349973805247,0.00575265531533391,0.00121010997685877,0.00653135433132421,0.000849624730193468,0.00668345855012767,0.00814395777667315,0.00328686029076204,0.00538406599220813,0.00509809704433439,0.00369721719705457,0.00253780257937368,0.00283742406141037,0.00727141894139126,0.00908247439813236,0.00862932019530804,0.0105127350040151,0.0205277398230609,0,0.000759528860410572,0.00428140616043537,0,0.0058844926988998,0.0416065439340604,0.0280896834736537,0.013993517548334,0.00459894760590128,0.00961066601460052,0.0183349930155422,0.0637083108607225,0.000857702585399189,0.0143485246664502,0.0151668512633735,0.0120460644626,0,0.00106299884473035,0.00576485824419449,0.00426918531656644,0.000914492925834943,0.00435146382839886,0.00224085628183887,0.00910571971919424
0.00365568482309575,0.0260511303936499,0.000100821258092978,0.00316785994072456,0.00543277445507562,0.00470387840311828,0.000790600752206377,0.200051509841744,0.0182054309217752,0.000407443769703128,0.310150052878358,0.0577791620166288,0.00400590972654416,0,0.29102316154133,0.00218497226170307,9.71560583423129e-05,0.000523305415887527,0.000786427936215507,0.000252046096798179,0.000310581320406938,0.000658784603039859,0.0033622147368551,0.00109254087325352,0.00564403334658303,0.000317419871553447,0.0550146173619775,0.00164370686749977,0.00527717795497652,0.00842553713323644,0.0012235054548935,0.000420567043106067,0.0730539470655805,0.226741766740278,0.0856445382039006,0.0260525387940733,0.0668295733967897,0.33437490477299,0.0303346849538327,0.00210240723214411,0.00348970955778677,0.00231009851222295,0.000509692773222149,0.0180676717460718,0.0255931154629338,0.000750212661775718,0,0.00177112804402225,0.00278164570577075,0.0083283367393671,0.000488282265466038,0.000309266122152595,0.0014166177707093,0.000875268671390723,0.00127909259543388,0.00620695250176135,0.005484305140444,0.00315675929271596,0.00667315687116429,0.00803568883656414,0.00460838863866668,0.00161109858709951,0.00892143630890213,0.00389472362715961,0.000683718056924127,0.000230743799178569,0.00304875067343062,0.00109193748851565,0.000776894796339453,0.000743069628090172,0.00394141252400811,0.00277814481993576,0.00118408718988876,0.000689979914442473,0.0128156674500498,0.00170813606801183,0.00531818991477916,0.0056654054987861,0.00143198902572029,0.00295668299976677,0.013716971407776,0.00736594725593376,0.00945083683864559,0.0143197894626044,0.000824674185273794,0.00493352107667044,0.0131985161746942,0.00408111800809475,0.00202742650957946,0.00249936657204598,0.00403791925025583,0.00411409527731259,0.001220551010432,0.00315743748411267,0,0.000962516185827302
0.00216812878592873,0.0458566814139228,0.000115676436802976,0.00167810745224587,0.000455585492636856,0.00312433032516797,0.000564087458433094,0.265874633094765,0.141385888638096,0.286989805320619,0.568945806034979,2.99758694505125,2.43240747454566,0.29102316154133,0,1.0654583093342,0.00133321822389713,0.00582650475979474,0.00245766953377951,0.0675413058077903,0.0581254839444238,0.0208093860313769,0.211149671296183,0.00593594355952226,0.000664357315214723,0,0.0172111070671954,0.00135877430876797,0.000656843026603704,0.0190441267718085,0.00631621960702592,0.00236394172665755,0.0283971551323568,0.11404103486707,0.370442885553205,0.233366282574341,0.0647398972235938,1.4447920348528,1.28738963322392,0.135403914295872,0.000293644161250248,0,0.008764004172089,0.14355124959221,0.0204606674393218,0.0284893577194431,0.00255614373476018,0.0067036183042564,0.00111123637988648,0.00148019190521643,0.000213563560063162,0.000202394784791627,0.000231898927125848,0.000812208879531085,0.000378666206329974,0.00626235634607064,0.0014852519293325,0.0030315397574629,0.00435394687010135,0.00805597834183649,0.00578256819078525,0.00249857329864527,0.0212204892587377,0.0111207965443653,0.000265106566633466,0.000205859641818035,0.00125547093583949,0.00291458825066106,0.00289982377916106,0.00303798829935498,0.00446276699092243,0.00380450425939083,0,0.000309154458796639,0.0108518481773196,0.00092094333893912,0.001236499600113,0.0112190229056294,0.00479461694888993,0.0021333272793357,0.0040014369450274,0.0125319218818266,0.0204024940369044,0.0213589049752892,0.000219200369168665,0.0132211067067282,0.0186688235627798,0.00616859620171474,0,0.00327127737405447,0.00212262985354417,0.00317990231952289,0.00228476296107515,0.00418496776021255,0.0004660038749019,0.00567727450551078
0.000528966969004338,0.0126432535092212,0.00060038964557506,0.00230264414405922,0,0,0.00156551238556857,0.00351521094174721,0.000621225988556642,0.0231037185011944,0.00178206619228017,1.05984349141465,2.18606560578045,0.00218497226170307,1.0654583093342,0,0.00312231376225727,0.0132754885624095,0.00801712251760465,0.0890533600314329,0.120966125250214,0.0651061804097877,0.414325480173687,0.0120469639044953,0.000312422972568699,0.000496746353814709,0.00193892662827134,0,0.000535008235423969,0.0327946320543322,0.0153908704959352,0.00448095525151879,0.00115040138327729,0.00834617753751077,0.166281593268973,0.208365721946831,0.00538494615580883,0.361352936672144,1.10107551323677,0.177350506499229,0.000350431797554451,0.000636951730441334,0.0263337885818599,0,0.0112890107265847,0.0483698745706859,0.00937697725680842,0.0203487647091569,0.000129168711613651,0.000313567708918487,0.000149798086709615,0,0.000724360824689754,0,0.000736089855644348,0.00250829902399774,0,0.00168231462739533,0,0.00232708655890525,0.00118960068425653,0.00148664724380299,0.00167563708526305,0.00215327307354315,0.000450999568246154,0.000484407865697596,0,0.000478909187393094,0.00133712280553608,0.000878136415396764,0.00329935027587451,0.00582321213451346,0,0,0.000235121710844031,0,0.000181210833438111,0.00772966869133747,0.00325179064912523,0.000731153967514393,0.0013669312595645,0.00504560044457277,0.00701949760324006,0.00799395120174024,0.00033646111180869,0.00300598644475575,0.00403244635820481,0.00374516368122323,0,0.000921117424653131,0,0.000582044090747382,0.000370345261475662,0.000529886977387725,0.000610006327259299,0.000296785451142038
0.0331628753552288,0.229923793778805,0.231529880936577,0.42612372854603,0.0186946111797165,0.134223637679284,3.3747599204538,0.00547349179383475,0,0,0.000392129783788553,0.00219018274920812,0.0723585106526353,9.71560583423129e-05,0.00133321822389713,0.00312231376225727,0,2.51100723223409,1.29788884205523,1.13328841964795,0.34524138973617,0.151187550191911,0.0357001006904125,0.010596213870288,0.00178200450188436,0.253292362532571,0.00989235988950804,0.0124347077287704,0.073430076539985,0.424118853878231,0.692981690849875,0.00944256799869696,0.00754475808051101,0.00961723682595665,0.025133953360267,0.0397089136138306,0.000947562515640155,0.00167311994226348,0.00983628357907173,0.00955025988019255,0.0191110845612515,0.327952258781666,0.383536989653003,0.000303126365958084,0.00468745446945456,0.0387289655460293,0.00745379705823082,0.00785935140446101,0.00459820336803206,0.0157536102229017,0.0191209284015463,0.00499123580995001,0.000363117664388738,0.00042756732019829,0.457909618023118,0.00483901129129258,0.000841855570492695,0.00844487703510019,0.00073245063901303,0.00670761736063206,0.00263796726575363,0.000533686761384374,0.00640060262378236,0.00142874741751563,0.609984261713556,0.16089100403354,0.0672511278227696,0.0469933932968392,0.0156795032341084,0.0357180674962369,0.000768432755535909,0.00288202303066296,0.000887312145088714,0.116225854413311,0.00496995194299942,0.00470409826354224,0.0502497497765997,0.27063320069584,0.356904796564561,0.00200872660735227,0.00794735612161336,0.0176785180405408,0.0201733413523001,0.00882280277219379,0.000467071379223731,0.00612003590029116,0.0027084232842579,0.000583586787330356,0.00148124554667395,0.0142478684336529,0.0384524886105998,0.00546101795104293,0.0100224659302307,0.00935835742270033,0.00142564417224044,0.00121543876838311
0.0119618791064109,0.0451202395491861,0.089749991097538,0.119876596344863,0.0018470900869539,0.0172052211217024,0.777726807073824,0.00168216017157954,0,0.000635933239154764,0.000678783283864538,0.00528815200463555,0.180586985728382,0.000523305415887527,0.00582650475979474,0.0132754885624095,2.51100723223409,0,0.682314566690482,1.25327852696205,1.61390927926534,1.88782669862536,0.122245356223142,0.0623054139753752,0.00252572187391896,0.122674999815116,0.00646885574733726,0.00897097369060891,0.0534805009345852,0.54076282912997,0.605295666543853,0.0890569089094873,0.00413279757220332,0.0119990874518567,0.0397176279775735,0.099989148104359,0.00203982796484551,0.00861409485574732,0.0298716060827739,0.0433617530216048,0.0025404025937858,0.0276091278393989,0.201232719446254,0,0.00593271478876407,0.044967634784535,0.0384548990609478,0.0667248577446551,0.00268373461392269,0.0109214309035188,0.00860015307784255,0.00298182036481559,0.000488290095989514,0.00121263646553713,0.142246903776659,0.00284905215375136,0.00333662990660173,0.0069417373762704,0.000533984208072939,0.00479968966852644,0.00494779449540263,0.000562174177494115,0.00356310831849307,0.00190726867845005,0.244082213374143,0.0914548819596867,0.041048496143054,0.0346035842056597,0.0174131181981986,0.0520114205021546,0.00201744913554155,0.00863123277759698,0.000166768564504052,0.0473632215814979,0.00256453676210272,0.00473969005150752,0.0372794731687194,0.221862072319916,0.198947257871981,0.0128759692343576,0.00555988545445915,0.00989051212492904,0.0200215537275179,0.0319721258877348,0.000228401446865541,0.00977396337809665,0.00680309996061707,0.00136397399577527,0.000200416287067004,0.00821858272292031,0.0266285649873345,0.00517171914950367,0.00786043804293042,0.0113971923037383,0.00396071373400666,0.00333488844435494
0.00209261604259755,0.0846803358651508,0.0143856181171157,0.0458249807791646,0.00220160017336122,0.0153717692971036,0.26747852764079,0.00096088979216281,0,0,0,0.00127724060641381,0.138004022127274,0.000786427936215507,0.00245766953377951,0.00801712251760465,1.29788884205523,0.682314566690482,0,1.9110778770819,0.760268149158534,0.137004952937726,0.0422954476217451,0.0157901565754748,0.000181458517930769,0.0103467961783806,0.00294864658212371,0.00249550919855446,0.0105755232526172,0.0928153829210135,0.0436234070982401,0.0129168012176207,0.00145983439108947,0.00204024522083672,0.0235171902399775,0.0260161453318928,0.00129936677867039,0.00213636113292955,0.0120739116443332,0.00859579528026899,0.00427100638867126,0.0540271587522399,0.69785191042186,0,0.0111835393447859,0.212506123051004,0.0157855516224875,0.0162327515211248,0.000127450011383257,0.00153470524018418,0.000735020397397246,0.000134956256751194,0,0,0.00498293207470606,0.000560146680266859,0,0.000733810166812411,0,0.000503011314705022,0,0,0.000968769861769955,0,0.00556692581066483,0.00277012925701233,0.00289890586960896,0.00300812957264908,0.00184453496789671,0.00184205741407201,0.000659121895967205,0.00132199175077384,0.000368361134250239,0.00455737105674481,0,0.000900468678252231,0.00540101047257174,0.0165115478157304,0.0112808398184024,0.00105679123212779,0.00174039881623251,0.00126421600326282,0.00517166077508152,0.00358907915302314,0,0.00171131878061315,0.00116264551097556,0.000301302869431235,0.00045903051240823,0.00168981384809064,0.00140392497224208,0,0,0.000226950711445819,0,0.000338826200404312
0.00366589157408693,0.133034635865324,0.0139448549920803,0.0432756411276269,0.00166277394221552,0.010581390614623,0.210108171922767,0.00031402744351177,0,0.0136915991618944,0,0.185636362411706,1.09348903419001,0.000252046096798179,0.0675413058077903,0.0890533600314329,1.13328841964795,1.25327852696205,1.9110778770819,0,2.93323241366719,1.01972771225605,0.462212510018224,0.0993048801613918,0.000165835335085599,0.0150914384528975,0.00278815751638693,0.00081621491388754,0.015993985610115,0.263522977136607,0.187955966658723,0.0689896463898132,0.00303784020791973,0.011592679177458,0.102851315180331,0.183754550154766,0.00156655703166796,0.0433727032484225,0.153678710593132,0.0868014878798542,0.00265940448714976,0.0286003801449908,0.967568228455132,0.000399856372198699,0.0188527293731096,0.336528451416962,0.0686895229467891,0.0643754846000832,0.000753160260900533,0.00193879761314101,0.000626322037092773,0.00039687630098858,0.000871844504795438,0.000281071437396396,0.00969446379443732,0.00137950115445501,0.000606493246137207,0.00260590363966071,0.000902169470606538,0.00227414193370114,0.00141077429855567,0.000251868584700141,0.00173436230696412,0.00211359770230455,0.0127623307769014,0.00620340771467198,0.00349529416505923,0.00656727443137762,0.0048345392694208,0.0085283067954917,0.00165370115633974,0.00509713171171052,0,0.00463657288714931,0.000969042815589662,0.000591319198626206,0.00481206220041024,0.0440488124787697,0.0320307365994287,0.00452116652604864,0.00196541237525974,0.00424326030700929,0.010684599519301,0.0151474095101838,0.000550531356798736,0.00281499205407524,0.00104824801076256,0.00182347114437757,0.000286418466841944,0.00196279764033632,0.00280936059410217,0.00127782737785107,0.00116862905275287,0.00270329010860744,0.00301038221983185,0.00545478958410948
0.00217901156090475,0.0646356097203647,0.0112944731279509,0.0205299048631064,0.000988811249149429,0.00342816636147719,0.0693738785318642,0.000771494269874246,0,0.00416513137705777,0,0.0556392378646427,2.03718220463402,0.000310581320406938,0.0581254839444238,0.120966125250214,0.34524138973617,1.61390927926534,0.760268149158534,2.93323241366719,0,2.31089634294138,0.823972213938812,0.135483520756924,0.000469990849225896,0.0103799503886219,0.00353360918582658,0,0.0125397870338629,0.30567241414805,0.264258808975051,0.122748649993266,0.000868953642390209,0.0120463388455525,0.0847979007012819,0.213899612324285,0.00116246750599406,0.0212967146337964,0.177597535705096,0.128036223032638,0.000655316625375603,0.00855817343691011,0.47632500035923,0,0.0140294455454247,0.175733167177235,0.094108357053399,0.141395194995144,0.000209092239313924,0.00215225849445914,0.00137876601010688,0.000837926537304207,0,0.000237796290231365,0.00873967273817287,0.00197954839265918,0.00129795135408354,0.00211418983032773,0,0.001821461468332,0.000934607018311388,0,0.00241082035241008,0.00141456043400136,0.0109139595170098,0.00985098748758056,0.00612568219420354,0.0069597387992769,0.0070375937020368,0.0110679283678243,0.00393555322065204,0.013067336337728,0,0.00346972046984897,0.000991265386165785,0,0.00758258805191322,0.054113633717995,0.0376675938961881,0.00944064713478008,0.00175376887104116,0.00474266692582658,0.0119102427872253,0.0320587842045334,0.000150295603552581,0.00144210617910435,0.00273352934359346,0.00596617288717549,0,0.00117593606193731,0.00385372970508482,0.000432292111465189,0.00080181395616466,0.0025878727584878,0.0052952527768784,0.00772010420037411
0.00395181760891668,0.024406234480712,0.0208562779275165,0.0157551378237605,0.000629258822398183,0.00156895494284171,0.0444187386584252,0.000610067665466653,0,0.0017511351427293,0.000202194866315215,0.0286466311491997,1.03771034666401,0.000658784603039859,0.0208093860313769,0.0651061804097877,0.151187550191911,1.88782669862536,0.137004952937726,1.01972771225605,2.31089634294138,0,1.55284069923756,0.472417128049692,0.000320497015840931,0.0208221129527351,0.00257715539817094,0.00224451853065647,0.0189965345933813,0.295089126586521,1.22644675679675,0.594425422532893,0.00144954612329273,0.00797547238682338,0.0478649020617767,0.34799431265057,0.00117604362278283,0.0178759365504528,0.108104822853723,0.333058907623261,0,0.00267307052638872,0.115084134730517,0,0.00320029985281959,0.0445522014320033,0.192846968699412,0.840088927445959,0.000721061871212732,0.00482147239094959,0.00395333626158482,0.00124396790087127,0.000593009295617119,0.000192845683788859,0.0153252893266414,0.00270628166655669,0.000133512043090381,0.00194740264762326,0.000200487728761202,0.00396442595753712,0.00337808268658285,6.27706843882381e-05,0.00342149741495592,0.00221088625564383,0.0486579593112745,0.0538997976624925,0.015421402118874,0.025744118632885,0.0225036783969739,0.163346937237481,0.00883764465187265,0.0550315416626,0.000198910867658825,0.00839436074387672,0.000998189924291851,0.00126312585646726,0.0130477249739395,0.076384260020376,0.232825441044586,0.0656686934697908,0.00193325329109662,0.00330877256373027,0.00732578958867599,0.0991443131116536,0.000104587859210067,0.00371384633198556,0.00747935639977959,0.00971612030103833,0,0.00215225633809825,0.010272179836816,0.000894896728773068,0.00133957548305815,0.00318219505775272,0.0145218610895267,0.0560361489828615
0.00303444476741063,0.0483596913717165,0.00478165795039241,0.00533297131053099,0.000951450325701265,0.000941665157856917,0.0168534595903202,0.00369723315544483,0,0.00853397308208556,0.00132410264315689,0.248539020484117,2.75542069719166,0.0033622147368551,0.211149671296183,0.414325480173687,0.0357001006904125,0.122245356223142,0.0422954476217451,0.462212510018224,0.823972213938812,1.55284069923756,0,0.922692726284573,0.000956041909099778,0.0054303713020599,0.0053408758110016,0.00154001122070245,0.00624979619564747,0.254985762719835,0.437497045243445,0.300858449146714,0.00409180539415248,0.0138940052061958,0.15293992303653,1.22298398965548,0.00359309549332226,0.108880338988126,0.680047993748159,2.54366196687449,0,0.00222974846288124,0.157390053563256,0.000856128180745866,0.0203065034313135,0.137320852813031,0.157929578640454,1.07671129338261,0.00079044472158879,0.00696669586751492,0.00106524458799817,0.000631047134090016,0.000509577811942129,0.00126566220512309,0.00543044576155716,0.00753074212330858,0.00146435000396318,0.00467179206429441,0.00193269132411834,0.00827198731835648,0.0128032294002839,0.00119875009688698,0.0138435633206043,0.0145496739386357,0.0102117567508284,0.0132892100582976,0.0143723432611844,0.0287337464672631,0.0263294357244912,0.0451196614229845,0.0269976506054694,0.0707396433668928,0.000638633770990497,0.00125970582681345,0.00227661074906841,0.00100114753991652,0.00601842591146522,0.0674302009366301,0.103148941717365,0.0337621084630018,0.0061260104082827,0.0140524562626603,0.0186165411723261,0.354499967661289,0.0022548919927429,0.010107565485544,0.0182271898781767,0.0487744563893139,0.000175336394758429,0.0028166857143684,0.0136268702892509,0.00439911066317869,0.00184332069497503,0.00944662108395401,0.0125356172911702,0.0636074725601591
0.000961962091972062,0.0109215261423547,0.00205050749937503,0.00317253098035843,0,0.00106265915138234,0.00419205795803327,0.00122178390640376,0,0.00112375200828786,0,0.00438998183746724,0.131035027878809,0.00109254087325352,0.00593594355952226,0.0120469639044953,0.010596213870288,0.0623054139753752,0.0157901565754748,0.0993048801613918,0.135483520756924,0.472417128049692,0.922692726284573,0,0,0.00587439031598858,0.00355683758901134,0.00122430253789157,0.00656355763315155,0.15810120503631,0.435484312941612,0.677832687801627,0.00166061109269283,0.00861133416905243,0.0451567867564489,0.853205750145336,0.00236790723734037,0.0127249999851983,0.0666522063634932,0.95302478514458,0,0.001102555149312,0.0523804781328677,0,0.00536125932958309,0.0223931395174956,0.334904587751905,0.790098444983102,0.00133538116492518,0.00414348398637843,0.000712034325921655,0.000926394696357547,0.000449821645645956,0.000702861927125068,0.00510553806355588,0.00267094379214181,0.00151924133012342,0.00443972273694248,0.000620450901857736,0.00538431436488818,0.0116748395945185,0.000532860559191557,0.00589914154880862,0.00582698635813625,0.0112535790042337,0.0184083765001422,0.0196119921766021,0.0370831093647932,0.0387082168214134,0.0612608129697199,0.0174031084576498,0.168172086789398,0.000265146512572624,0.00604812331062372,0.00237123677629347,0.00132082268978406,0.00528529242281357,0.0598010245292975,0.141404315990474,0.102333155011457,0.00341913582412857,0.00339524262022489,0.0112385509271969,0.303624643866296,0,0.00674927859576602,0.0149032291397853,0.0227423881444981,0,0.00733386405218709,0.0152826448766164,0.00179706950163903,0.00370373333176249,0.00414098127203416,0.0616218187272454,0.125024528417412
