0,0.808217320211891,7.09818483677676,2.22076220131525,1.26419624993634,0.574581252163672,0.355353709286885,0.854874635255577,0.0658243379206651,0.0650201936321516,0.140592169791878,0.142674067572424,0.0318736980967204,0.0513418865610014,0.114410942131532,0.0252122326976467,0.154529745510776,0.0266624818780263,0.0324679908503825,0.062269725907193,0.03363900805793,0.0364540903193493,0.0175552476609446,0.0141679660702932,1.03724313779602,0.0991804589916526,1.030941626655,3.07878320171908,2.25379230222533,0.246346069065033,0.100524303403192,0.00397967428100226,1.42961950963225,0.438897633878707,0.167076776448067,0.0902195731924744,0.0667906196628895,0.073960011808188,0.0303324640784385,0.00909774185907143,0.456682582836618,0.189642534115748,0.0531502665785559,0.0940123901416178,0.0382302121642262,0.0396564019574348,0.00256365267948759,0.00800963618062252,2.72587097994809,0.156124258365237,1.88276511135243,0.135903293324397,0.0756403384971803,0.0390744219770085,0.113931690124063,0.106731657433702,0.00948767333543342,0.00811519962812531,0.011319225864565,0.0185123728648441,0.00686083703369453,0.0117769726349468,0.0256120452685173,0.00468946948364518,0.051352580023996,0.0155678192389669,0.00745889443065737,0.00619636380921825,0.0035031720119968,0.0159900236071978,0.0068504664523865,0.00543182838749766,0.860821923660932,0.0877946540896368,0.368116433671893,1.14490338917767,1.08821770351627,0.157990288699456,0.0694761375997159,0.00273171763226002,0.281625405831748,0.104426796186626,0.0637461999822849,0.0239339050430391,0.0230841043339453,0.0277915883186093,0.0041467115555839,0.00450905997944977,0.0558956064002084,0.0294554605677513,0.0104504311635994,0.0234490316071638,0.00435134672905025,0.0169900893241416,0.0010635609124115,0.00288712401408852
0.808217320211891,0,0.917485566161517,0.37388362325656,0.373182490150266,0.366251473477924,0.394835353081486,2.19419113737618,0.894718093990006,1.56984033220844,1.30167160484644,1.65819734082416,0.168834487713317,0.377499312866134,0.85386048475613,0.103602687791464,0.420193858081065,0.0786244838116635,0.325899351073213,0.346651082549798,0.149750759573975,0.0753832306851473,0.0439126531268801,0.0239117737317199,0.107084192460226,0.0378258988410277,0.645031781757782,0.132837318736137,0.118711518401808,0.112343832514947,0.0650722750814163,0.00749287808966839,1.65230636903691,1.00492666063309,0.421678276071354,0.125256119810124,0.239492803194898,0.297435074588819,0.082532815661797,0.0203966587022071,1.07587193756548,2.60554274873409,1.17892424163399,1.33768608498522,1.43330338939921,1.07826897170446,0.0122250108734454,0.0238612185443882,0.110015015156314,0.0751643867820484,0.172825767558192,0.0516761209548801,0.0107895219260559,0.0275164194203484,0.0617169396926826,0.0275000273596709,0.00613561788802158,0.00732329363672873,0.0118569893969016,0.0131863163749712,0.00917410604461844,0.00846090529350748,0.0291219103905551,0.00976251647354578,0.0349141078703978,0.0216117605543722,0.00866138650956488,0.0139077604220936,0.00950370123602337,0.0206380079808312,0.0149982824179235,0.013912663899894,0.0756373914800977,0.037743335490822,0.139264024167815,0.0739902737651867,0.114617332639372,0.0667877285651052,0.0483052949716285,0.00300969031554507,0.0719830395700556,0.046077605344853,0.0873785661304905,0.0383568467997032,0.00564767153644691,0.0303352150199946,0.00604859020866791,0.0129536639626738,0.0139337420338744,0.00877465961495037,0.00310549212468526,0.0166869152530144,0.00848613199784787,0.0217600076917737,0,0.0224659767252255
7.09818483677676,0.917485566161517,0,2.79369998031021,0.356295448252114,0.603111513040776,2.51225417418783,0.423715850309028,0.0992476833436282,0.122122142063825,0.135461159700238,0.153630278404933,0.0633064701224382,0.0592994168379927,0.146290957895361,0.0441836205292066,0.914608497944996,0.160387240491089,0.0918720343751513,0.132892061475081,0.0695081513283439,0.105432651414706,0.0431232121894781,0.0553069666683866,0.43601954154576,2.44789492658621,1.16636113355325,7.38858398143168,7.56975752466737,1.83339375795887,0.52669216955283,0.0266061538975688,0.599415130561016,0.569956754462964,0.435459038901721,0.209023547780816,0.0808287878660202,0.132491381974268,0.0639493416553635,0.0210550773692265,0.358789912438752,0.332727468188602,0.121341476445824,0.125844984536994,0.063766211104303,0.0732026743566451,0.011762156596748,0.0280175901470882,2.35465277757042,0.294552648661147,12.4790617235584,0.426938706034172,0.120242532206844,0.131428705769914,0.789911207139984,0.136575029442463,0.0204496006756164,0.0317352354381813,0.0251502499704044,0.0336528735810841,0.0251475784463965,0.0100300982275984,0.0513740651192969,0.0137737947992214,0.274857109780935,0.0945790012948955,0.0446753343002518,0.0255930629039004,0.0236405798341345,0.0660304057417201,0.018034818022081,0.030280932098403,0.524058462061818,1.61771730691051,0.588148098393922,3.0174624645264,4.1448677887756,1.09928750680178,0.43077115600769,0.0165054335458468,0.281292612546592,0.202707168161344,0.184896155172046,0.0709406783961398,0.0220631963629607,0.0590222729358324,0.0149243462822879,0.0107838687253199,0.0926613007251735,0.127599205821702,0.0443022736344851,0.0426034207296624,0.0176458998594881,0.0526225795361052,0.00653727948911503,0.0161480105339529
2.22076220131525,0.37388362325656,2.79369998031021,0,2.08367369172806,2.2647816181329,2.65410933156218,0.230543547036117,0.039610911950802,0.0764643990726309,0.0838051059937911,0.119816431339824,0.0455367274675835,0.0317503837866393,0.0705141247757231,0.0296965013834077,0.711404983829456,0.0638721350852272,0.161311242378908,0.15235466068192,0.102986863649082,0.045078098909121,0.0232819423663319,0.00541705090441115,0.0260320000086509,0.0532331509926554,0.19766597261116,0.107716678505057,0.121292197016051,0.0570975051300418,0.0258328913622782,0.0039552364111264,0.305612268591404,0.213680351842209,0.145116320844711,0.0418048412226752,0.0337250017542542,0.0514896417909545,0.0277812734886604,0.00717973551815968,0.418404372183922,0.207976468499632,0.0791753343982848,0.0565035593895489,0.0497185297486616,0.0399384450977488,0.00119294185337392,0.00927203461674207,0.107160796303209,0.0326702505164971,0.294779361775027,0.0513470382778834,0.0181400277759054,0.0159477072379205,0.0525414466969946,0.0178582866106645,0.00368058250960029,0.00457739599851123,0.00305203485705602,0.00432743482618661,0.00534690510588386,0,0.0139264575233797,0.00182542139442916,0.0235854021994084,0.010386564863289,0.00587964609211735,0.00688344592918679,0.0050728597285386,0.00821653608254984,0.00312341245657694,0.00259749097335004,0.0333324534681548,0.0448406871721675,0.0618127198444321,0.0717158563299251,0.103335871706075,0.0400280470167708,0.0164480639123927,0.000499398868949175,0.0312747217031337,0.048657259951688,0.0418672792802904,0.0131927759365695,0.00866481231820505,0.0120289757839106,0.0037748410845093,0.0034286692070155,0.0171815168794753,0.0105702524028289,0.00504718059402924,0.00405556809228683,0.00485506222123294,0.00499882623048398,0,0.00557062717650214
1.26419624993634,0.373182490150266,0.356295448252114,2.08367369172806,0,3.62250364465571,0.277743241583773,0.636491381098267,0.0985434450269976,0.0815656310671802,0.161922356532727,0.123106457736284,0.0231818626558591,0.0466855900574136,0.0680430713172715,0.00647060825641538,0.105241598014936,0.0149577721148306,0.0497997219644445,0.0557695414846743,0.0224948738023815,0.0112926184120145,0.012234852429228,0,0.0755986909343558,0.0112095897402598,0.280431133011197,0.0607357237202524,0.0506183968754808,0.0353507708013437,0.00456238059165063,0.00449761172698508,0.932160131733077,0.157439895586396,0.0888861977927572,0.0167521465875871,0.0571739607711835,0.0392202113628314,0.0213563924824643,0.0029402335833484,1.44226984615212,0.209518515233705,0.0745437911856078,0.0987604641407435,0.0500588847310319,0.0357004724810052,0.00230362018157709,0,0.0639483520480687,0.0257158078731415,0.080087423139742,0.016953834213959,0.0206432303540371,0.0102900961800934,0.0102601010494869,0.0142042665711615,0.0029217479516422,0,0.00301107269665354,0.000826840214056233,0,0.00225365270603065,0.00366244311619886,0.0010512357526393,0.00726814451025546,0.00142859825458314,0.00458706322424514,0.000870770181734121,0,0,0.00178182627044746,0,0.0433465209474463,0.0166477296691436,0.0709566521727124,0.0253669539643484,0.0399887531078031,0.00761169544718332,0.00239211853768822,0,0.0272975631388895,0.0162648955704219,0.01503995877111,0.00179733817850863,0.00251941159285396,0.00312061302304672,0,0,0.0110527766221513,0.00309688575675392,0.00553118423925777,0,0,0.00718540233733209,0,0.00102364719494957
0.574581252163672,0.366251473477924,0.603111513040776,2.2647816181329,3.62250364465571,0,0.741774776080831,0.645133943877672,0.11724181971218,0.11163545884918,0.161962437167453,0.152280767227659,0.0629782602539767,0.0594509034643415,0.112688730768263,0.0164950913255843,0.236704554461863,0.0300458190719558,0.108698217536585,0.131228088590965,0.0647117015538371,0.015050135895366,0.0146606485402184,0.00844399783151292,0.0374774967504469,0.0180089421623398,0.170997703458015,0.045937002161286,0.0570925213006629,0.0313571971926028,0.0119893029569439,0.00197217804321762,0.387289412213294,0.175438241462063,0.133342912367466,0.0246727056054263,0.0591754470683212,0.0601764805120021,0.0254735258897299,0.00731398418939899,1.31946354058071,0.233914541753099,0.115525721542195,0.0929954614859723,0.0632389802209117,0.10895047118356,0,0.00177873346347186,0.044268829730818,0.0259409828670508,0.112685680046337,0.0283008606532673,0.00544559151983991,0.00582808826922032,0.0125088910978809,0.013540781086296,0,0,0,0.00478181722955334,0.00536058715911172,0.00944013191183535,0.00259122362330447,0.0089476643684514,0.00927419897823424,0.00400785822195787,0.00541417746527215,0.00695685864861628,0.00282210209680012,0.000620779925964508,0.0020248498183516,0.00228334467784247,0.0183843750381827,0.015446525755723,0.0499957801239531,0.0502402137488554,0.0333982647579255,0.0277899475606526,0.00565764256242623,0,0.027952733374277,0.010119016067713,0.0164771065298146,0.00608565002690472,0.00294885250434862,0.0114178884821034,0.00249222573485808,0.00157906365843757,0.0181237972626068,0.00877865458261275,0.00137685402583059,0.00391584356404004,0.00226022946824256,0.00323414143303694,0,0.00283765596305953
0.355353709286885,0.394835353081486,2.51225417418783,2.65410933156218,0.277743241583773,0.741774776080831,0,0.268446506813267,0.190251591557349,0.193112450023315,0.131725264490107,0.207830626079724,0.116873315301082,0.0461832480010938,0.14555570397489,0.0502358945970377,6.21721072074577,0.498961606913828,0.612220213606667,0.405396190761063,0.239559879803304,0.234849032688477,0.0508936524463418,0.0517288395981158,0.0401843172831728,0.703744367024087,0.16132015407509,0.386707204620588,1.30722109837919,1.88640968060505,0.939380413971472,0.0337072462700544,0.168414385677383,0.171317999571885,0.171412561514916,0.171803355393551,0.032174171028959,0.0721028070574893,0.0455711814611255,0.0166231497037248,0.122778423947787,0.473614526201483,0.194030589363193,0.104352668128702,0.0866928895110831,0.129723881456873,0.0150130651712207,0.0379172372681621,0.119451503328966,0.0609321295822344,0.788580444782265,0.0550635082304139,0.0117554367044544,0.0136450849004388,0.932744478382744,0.0193894326129809,0.00536680909918288,0.015361388035511,0.00471214938025826,0.0255143057488759,0.0200054776880068,0.00253292227131576,0.0316569706612424,0.0154779740523863,0.386196080947419,0.141256810041852,0.02293069514724,0.0213621742832967,0.0156816905644172,0.114750616578609,0.0236578640790257,0.0376159012419603,0.0498382585566893,0.563339677066055,0.0767683828241966,0.247105950318504,0.745018062526798,1.14056170524634,0.656877148913701,0.0274125112077826,0.0357191895996613,0.0530624853059348,0.0919863081949277,0.0987366619140193,0.00613283299489158,0.0390613547713332,0.0128889848708831,0.0106957405908055,0.0104659282224681,0.0170067411395448,0.0186245474187698,0.00944544301372021,0.00623755699880275,0.0330318831877223,0.00779883076514204,0.0297995494062949
0.854874635255577,2.19419113737618,0.423715850309028,0.230543547036117,0.636491381098267,0.645133943877672,0.268446506813267,0,0.603107731239216,0.517373371583985,1.5747384511563,1.16641083235417,0.151246724308847,0.910753249291645,1.29454200894303,0.130544083007067,0.186327628135336,0.0731160702086226,0.137190391540336,0.175324606154201,0.0950584666037204,0.0851063733889216,0.0751811639623252,0.0164264355244698,0.149265621574633,0.0291719291286833,1.05054072353111,0.0960362034310132,0.090767091598193,0.121039925263103,0.0550437005465551,0.0105607823314952,2.49044922707305,1.86206419407762,0.448490722383853,0.167232590680583,0.938961700238551,0.57982190372727,0.13127408689553,0.0351027806445034,0.983731807516731,1.02519317638151,0.342814820174876,0.723009815514241,0.442042471254435,0.333515494840894,0.00188384408206606,0.0588519236484708,0.101824903393729,0.0365733027123852,0.114529137271458,0.030680747352063,0.0120139661287235,0.00710712021129022,0.0365467115068914,0.0678156761003125,0.00502153797196497,0.00941932090823563,0.00547446146424978,0.0166680710435377,0.0173950897281369,0.010019666253434,0.0279499409417502,0.0211562110504029,0.0270435236454657,0.0134003026737448,0.00518501876172589,0.00858046670715536,0.0103037269117105,0.0248734127284641,0.0211552575653776,0.0120937376968593,0.155228614918422,0.0176094265508998,0.136768158333123,0.0666412839102851,0.0762281477127391,0.0490649271496579,0.0339670151183427,0.0033905325353685,0.0938264004444464,0.163348117001774,0.0762602641603581,0.034379056920969,0.0329340879132492,0.0528149382596586,0.00683498841779804,0.011562077818871,0.00882880798537539,0.00671758790860265,0.0223276782516983,0.0242112793495883,0.00334852077375461,0.00641625254813755,0.00523938351838116,0.0215261587347041
0.0658243379206651,0.894718093990006,0.0992476833436282,0.039610911950802,0.0985434450269976,0.11724181971218,0.190251591557349,0.603107731239216,0,0.819379633418969,1.38462125509124,1.00410702355271,0.09669830016637,0.388299106626081,0.710955761873662,0.0138297303455747,0.194760472608153,0.0254265877017232,0.127343194018078,0.12269505594789,0.0532705537141169,0.018217900942616,0.00922889787594833,0,0.00875021373731363,0.00359761243741281,0.0995750840765565,0.00380130733929365,0.0180721193587226,0.0180687195893807,0.00987085097775958,0.00207485765723277,0.19999004430251,0.0948124346717825,0.0582380490499987,0.0121147398741788,0.04341825397038,0.0959276335549919,0.024550730107472,0.00260038135022657,0.486807166205706,1.27830421498527,0.633582121856302,1.07468952960839,0.881419163041434,0.576718017641258,0,0.00851614248327071,0.00994139652216139,0.0119416687151225,0.00986030047252301,0.00220370481939403,0.00179850732684672,0,0.00641522696631565,0.00156559770163764,0,0,0,0.00264480188972621,0.00178524048870191,0.00571367852861111,0.00888544002874372,0.00188562001327724,0.00212351690638115,0.00387529045860144,0.00172195468012803,0.00107481341843393,0.00533231837105052,0.00368545080157181,0.0013082053909874,0.00509746956831092,0.0121193065986014,0.00337749029574073,0.0111646741863532,0.0010938546464722,0.0100961143361977,0.0094878323651446,0.00505129920077895,0,0.00917337045335899,0.00827838450570674,0.0164604569296158,0.00424756021700848,0,0.00357439338400419,0,0.00107864347921338,0.00697498483361425,0,0.00184250246016282,0,0,0.0018930756509967,0,0.000880396035999889
0.0650201936321516,1.56984033220844,0.122122142063825,0.0764643990726309,0.0815656310671802,0.11163545884918,0.193112450023315,0.517373371583985,0.819379633418969,0,1.08597970617289,2.72754573824356,1.90724279707678,0.361393887688379,1.77947276374041,0.454063674621438,0.600160686492577,0.100267778456494,1.12184227012596,1.32528942125869,0.509958891294447,0.105534936579681,0.10339092476491,0.0164628006656391,0.0142130346661724,0.0103724865520466,0.0660973848505089,0.0126608364320444,0.0133332991549194,0.0639056027930197,0.0387599247058752,0.00556011770584569,0.178194450064805,0.163232669613823,0.101419578183223,0.0389639575511893,0.0513785363018923,0.147058619866116,0.0429949224173482,0.00614628358592559,0.19846913133427,2.02223688664153,2.50745734963272,1.52053301121371,2.34158000697234,2.06547116683303,0.0132644243884271,0.0212231475319176,0.00598832895207774,0.00241035125743794,0.0151815013935281,0.00394626123728031,0.00558485226827755,0,0.0107140738791374,0.00702946232067519,0,0.00523459447108865,0.00362257367659932,0.0068211301793634,0.0133219397429515,0.00122348977049563,0.00949025408259313,0.00874523072620367,0.0114141802831061,0.0129317008391903,0.00325731479269126,0.00579388783265109,0.00785046608712276,0.00732114582163529,0.000589193199410105,0.00565660462745455,0.00940774059009355,0.00532046618712549,0.0184871590568895,0.00906051047489428,0.0228765581687905,0.0517294566357277,0.0220533812037187,0,0.0107392214182109,0.0189082907594683,0.0249610825431555,0.009480540062032,0,0.00455419953592886,0.00423979067051911,0,0,0.00863927522908099,0.00786479993196416,0.00156995761296085,0.00178705861397344,0.0217907311064656,0.0030994869691299,0.00361911318184069
0.140592169791878,1.30167160484644,0.135461159700238,0.0838051059937911,0.161922356532727,0.161962437167453,0.131725264490107,1.5747384511563,1.38462125509124,1.08597970617289,0,1.85339203617296,0.18389984380106,1.47340251398386,1.81292681946414,0.097319468822346,0.149094068148547,0.0265710658865353,0.161215927777994,0.177700265526696,0.0493670149538685,0.0348118454620222,0.0200850915309363,0.0159240979026227,0.0466755245466377,0.00985534519969639,0.138992514823905,0.0172995056827044,0.0179158594305217,0.0234282221366733,0.0139771621587431,0.0110200472673201,0.464186338725049,0.231782075614717,0.164824686916785,0.0277710592106965,0.159270049435277,0.192476725857291,0.0211107186067335,0.00508243351743104,0.80449018318347,1.48350715335366,0.655634951091542,1.52506374978001,1.29724610600387,0.556838335570682,0.00638464155972562,0.00673989894968027,0.0125935059647265,0.000910469444253721,0.0275989474273237,0.00462085669931102,0,0,0.00584152090787443,0.00648022437087536,0.0115461724356515,0.00801919531301221,0,0.00070338952270205,0.009015190439329,0.00451689707732621,0.0100715223814896,0.00252691205008371,0.0104754810702784,0.00645850068180213,0.00282038559781841,0.00631115851611198,0.0043496097398265,0.00503415287197013,0.00619785949268825,0.00121216737899543,0.0168214165887588,0.005465001949524,0.0297185880288861,0.00540823726257994,0.0236807860740477,0.0237821858470677,0.00916132523868664,0.00468243959745336,0.00903955821969481,0.00420227169247067,0.0294792521975191,0.00733891344623783,0.0239230047450285,0.00572890228480454,0,0,0.0112428586614479,0.00221033524724273,0.00563521901061591,0.00195101650277607,0.00577866156382084,0.00198951727294956,0,0.00765817478191978
0.142674067572424,1.65819734082416,0.153630278404933,0.119816431339824,0.123106457736284,0.152280767227659,0.207830626079724,1.16641083235417,1.00410702355271,2.72754573824356,1.85339203617296,0,1.43310695451653,0.79757078842235,3.51145793721192,0.417034859857669,0.433238504615798,0.120829338097821,0.466778898805953,0.956388547195581,0.35980276991762,0.139162882495699,0.111594042542423,0.0151419489362004,0.0134263386491025,0.00705644790426188,0.122928861088251,0.01437935382957,0.0142676730183678,0.0868441807198535,0.0589664032996936,0.022094310016034,0.333357458479372,0.215680721042234,0.211745166850284,0.060949956568289,0.0851604425733075,0.246844471101254,0.0687841739395367,0.0206399835926498,0.337274370982235,1.89935570762564,1.19972229221695,1.49045155107938,1.91455779619969,1.34515440124973,0.0103024422364246,0.0376844919079527,0.0155571255634947,0.0106339698317747,0.0258950707591743,0.00724988118024994,0.00466605983580377,0.00465510140926594,0.0288263189445549,0.0124151870018734,0.00225579988459676,0.00848919593878868,0.00300923753325968,0.0127541235702297,0.0150747852435484,0.00313081548475325,0.0140252760050175,0.00758940472345407,0.020735485706664,0.0255139225034489,0.00674449985631925,0.00875247980916238,0.0110739437011662,0.0210761937060947,0.0177683174975427,0.0046115293772732,0.00813453953832622,0.0164479485165188,0.0219462357519342,0.0157953158754398,0.0207993423568247,0.0577978931219482,0.0414159778103342,0.00461503006588421,0.0151945466165754,0.01787359657666,0.0246504401970519,0.0210530281154674,0.0116699885572132,0.0112559821994294,0.00623715094411284,0.00548988734070828,0,0.00609689950947667,0.0161778753014128,0.000845554561860438,0.00331586046841439,0.0170677596644246,0.00218642039058814,0.00938148979237646
0.0318736980967204,0.168834487713317,0.0633064701224382,0.0455367274675835,0.0231818626558591,0.0629782602539767,0.116873315301082,0.151246724308847,0.09669830016637,1.90724279707678,0.18389984380106,1.43310695451653,0,0.106368942894827,1.33614822659913,1.10887364190359,0.22555473764338,0.229564331081296,0.23049614020771,2.03108391838569,1.89504305954137,0.754076366662979,1.04435358723286,0.0951773296610592,0.00952656951434128,0.0240258398992169,0.0729349650518142,0.0080717430165078,0.0138437057777978,0.137885507035939,0.151926758460966,0.0406571134530721,0.0757204839633717,0.108502255535534,0.226263440942726,0.247811705662977,0.0763061464028205,0.143768583731968,0.232493729436206,0.106670933635291,0.0750493660572871,0.190176806443516,0.51152064203138,0.0978837838546007,0.154949823217816,0.310755220713517,0.0411832360798151,0.178226373014279,0.008533450711595,0.0134819412658684,0.0181743113963555,0.00642613170041476,0.000662334669217092,0.00565832991894968,0.0221489491427417,0.0110509215269589,0,0.0131771872094195,0.00438342461627439,0.0120436580976224,0.0290626422375625,0.00473024514445231,0.0260298738625774,0.0455088874284719,0.0328651491130494,0.0504180771949769,0.0136318099336095,0.0201293054016285,0.0172872231285276,0.0677769700287885,0.0369434654015837,0.0429232870069677,0.00958959560938732,0.0110397577141751,0.0164051243763398,0.00449485632228004,0.0169014835431605,0.0948381318537085,0.0714225602527541,0.0140889684200723,0.00544863647931219,0.0359650838794997,0.0513943936140393,0.0802022019974725,0.00946981531701412,0.0473004276886925,0.0214237607625424,0.0191417129244655,0.00232985921684566,0.00497117973667204,0.0131211155688815,0.00481626194111301,0,0.0126382355931209,0.00698164499616941,0.0885357443080988
0.0513418865610014,0.377499312866134,0.0592994168379927,0.0317503837866393,0.0466855900574136,0.0594509034643415,0.0461832480010938,0.910753249291645,0.388299106626081,0.361393887688379,1.47340251398386,0.79757078842235,0.106368942894827,0,1.01897572561943,0.0934486863506894,0.0434789733904545,0.0388252321780774,0.048254540546517,0.0786069140628089,0.0439187712088851,0.028714473793772,0.0370373288986217,0.0106083096185816,0.0195354981725083,0,0.171358317723742,0.00710662342810486,0.00957595836292213,0.034714456073796,0.0182978517991049,0.0115133472237405,0.218812895785408,0.442192467119213,0.145766371374741,0.0572769093478236,0.403713219738777,0.192728022273198,0.0524698143999892,0.00846614523977327,0.173973895687694,0.285645422063457,0.24224316095186,0.359064852040248,0.500971967547055,0.134151315639835,0.0117913234728153,0.0189947509627634,0.0102813436900068,0.00273837115747178,0.0154794836841305,0.00351896342316335,0.00419303386289305,0,0.00242847920379951,0.015754356253919,0,0,0,0.00105845475266226,0.0114780211027822,0.00349978980196664,0.00642245771877382,0.00530524927175452,0.00651378947269372,0.00907838989048315,0.00376840287179464,0.00482453261202981,0.00333789585777411,0.0116768825039674,0.00661418338631187,0.00891687594643836,0.0189307556222844,0.00801617670911803,0.0484900534424376,0.00714763197690619,0.0120149863745588,0.0189516772541062,0.0179068263114705,0,0.00728199277663776,0.0228851532983758,0.026654911156837,0.0151514598297708,0.00541540040207045,0.00604139406661702,0.00370074277094351,0.00108874280503801,0.00247369967055519,0.004151696808782,0.00541263136379812,0,0.00396900209380818,0.00774775849576574,0.00306719468428224,0.00850801760502546
0.114410942131532,0.85386048475613,0.146290957895361,0.0705141247757231,0.0680430713172715,0.112688730768263,0.14555570397489,1.29454200894303,0.710955761873662,1.77947276374041,1.81292681946414,3.51145793721192,1.33614822659913,1.01897572561943,0,1.01736107905771,0.245569752367986,0.19249937326286,0.255478552158179,0.730580397053349,0.417780380270025,0.235985326366285,0.239970591797797,0.115291558480751,0.0190794103680899,0.00839613020242042,0.207789386909806,0.0223271624682958,0.0275555326364293,0.225236565776858,0.161788876066768,0.0310971974682118,0.313467111912148,0.543848196564664,0.843097148702753,0.601942118129774,0.283614371819479,1.86289816005344,0.874924169166725,0.0739078712532086,0.286838504796067,0.810096900915029,0.719062796599072,0.895792072330793,0.793128366123073,0.582280358866764,0.0332276609547487,0.122684130101019,0.0185595922972925,0.0176638968347934,0.0332927289939343,0.010438949029326,0.00609931949726639,0.00713040690622584,0.0240244331342151,0.0267343593391473,0.00135408094992139,0.0161834222666635,0.00104879659229221,0.0164595066747124,0.0421324763450679,0.00719844637552751,0.044585496560346,0.0375652307277713,0.0324923810530341,0.0472134032844726,0.0161678522233494,0.0160806290927106,0.0261119868765923,0.044908902290868,0.0470784785108148,0.0399524593586781,0.0447650516850978,0.00731290793383037,0.0516253356495996,0.0213504841200252,0.0276301419584104,0.0848202436483801,0.0944361591391049,0.0288145129283407,0.0275048128543852,0.0385128599465619,0.0799005402527233,0.0894259110205903,0.0189825982732337,0.0571142622778122,0.0225000409000117,0.0283337426790993,0.00634785126015289,0.0075038826455928,0.0194356843021919,0.01480316975044,0.00384003719056381,0.0178800665382863,0.0040797437104905,0.0724535028652231
0.0252122326976467,0.103602687791464,0.0441836205292066,0.0296965013834077,0.00647060825641538,0.0164950913255843,0.0502358945970377,0.130544083007067,0.0138297303455747,0.454063674621438,0.097319468822346,0.417034859857669,1.10887364190359,0.0934486863506894,1.01736107905771,0,0.102630340462339,0.174701322888833,0.0604571990235895,0.410895592608482,0.349870090385269,0.429452382436731,1.33875915255345,0.338043959396385,0.0265668044113332,0.0135470086665386,0.114358260408846,0.0173713313349599,0.0162201763564466,0.29290448642474,0.323210876300998,0.112605656178477,0.0581080652458461,0.248017549633194,0.702764943662528,1.27511085754558,0.107791989725678,1.2500094823126,1.84647685321689,0.385279198496823,0.0102904663974298,0.0897021281235109,0.156279057426774,0.0405768612474232,0.073515102916481,0.0699168979100769,0.124194373348653,0.386818156434863,0.00796437225357516,0.0226801339568764,0.0180482823260743,0.0106912827570573,0.00108489174008458,0.000998659545275032,0.0154987797035012,0.00866922511966852,0.00257833761090187,0.0125065166143555,0.0047892415067885,0.0157442534450422,0.0528236687828469,0.0127944984358202,0.0393533320184751,0.0714883467635462,0.0300756962759665,0.073540960548719,0.0107172796093924,0.0177867810392215,0.0355430175518118,0.093998271177092,0.106758383013772,0.127862205826059,0.00806378864418872,0.0145672178160616,0.0397009294971007,0.00512434378203747,0.0145219188456132,0.146152788248719,0.156222861192352,0.0460235449125235,0.0240824361624681,0.0560287918919662,0.0799672792065979,0.302328000853951,0.0125968875723772,0.0537190190470431,0.0755809953808806,0.0653736552495719,0.00367200051216154,0.00491345292095048,0.0082649980725889,0.0150907367909826,0.00133358286275317,0.00535245675053905,0.0197318016551599,0.200849867154105
0.154529745510776,0.420193858081065,0.914608497944996,0.711404983829456,0.105241598014936,0.236704554461863,6.21721072074577,0.186327628135336,0.194760472608153,0.600160686492577,0.149094068148547,0.433238504615798,0.22555473764338,0.0434789733904545,0.245569752367986,0.102630340462339,0,2.00996927448464,1.43815814956536,1.21339188284383,0.687093656657658,0.626584408203917,0.0949786712237419,0.101151541173746,0.0247499618573524,0.227290173528553,0.101208303415047,0.144877345132369,0.478614050801517,1.53322111326476,1.37138855852033,0.0618103317141532,0.105133268748146,0.138302857575398,0.192573595873786,0.228605853392625,0.0300644124123788,0.0987646589436448,0.068613372314053,0.0289314559192047,0.0874336745024804,0.528397902030051,0.626847594743844,0.165874971631411,0.271192085677165,0.442222256108157,0.0198658077323019,0.0458531633836121,0.0434593963462274,0.0500383488099937,0.278273524668735,0.0315015772267187,0.0066193501916208,0.00954285614654307,0.454741727324062,0.0249946915105858,0.00778893793464326,0.0223676171789283,0.00891709856336858,0.0281973123622711,0.0422818092886802,0.00539675912778809,0.0466433687345401,0.0223407102536038,0.499737061022437,0.188573211151236,0.035453513963863,0.0348782966094311,0.032706298657483,0.155769005886112,0.0438357457446516,0.0548522129070256,0.017289246314367,0.243380829571625,0.0388976402437618,0.115716357890595,0.344543945995247,0.859774821781606,0.84191642346524,0.0320355724878301,0.0239990947156298,0.0451193735932882,0.092242815575336,0.129469721614287,0.00343145843362061,0.0517271344929709,0.0261017719376649,0.0215364462189372,0.00560166379848183,0.0246104365283594,0.0287908361324349,0.00933192695328927,0.00860141565877239,0.0410160566743611,0.00940275011310587,0.0617155772343232
0.0266624818780263,0.0786244838116635,0.160387240491089,0.0638721350852272,0.0149577721148306,0.0300458190719558,0.498961606913828,0.0731160702086226,0.0254265877017232,0.100267778456494,0.0265710658865353,0.120829338097821,0.229564331081296,0.0388252321780774,0.19249937326286,0.174701322888833,2.00996927448464,0,0.187709386881467,1.21311228146345,1.77895718958808,2.96022092862365,0.220383653647283,0.235908254407472,0.0121943108613706,0.0734529280030898,0.0470415466576292,0.0366091850589464,0.144304169958055,0.75867692886668,1.4121403022058,0.149274353336099,0.0482846715605102,0.081173090246643,0.188284899277364,0.46681437364329,0.0222465419481175,0.119820480283936,0.133700234324986,0.0482131256397091,0.0113134169189409,0.0495015780713923,0.107376114446257,0.0305197925546081,0.0369374775842323,0.0375797796040822,0.144952052863004,0.127166228247711,0.0132280859022067,0.0248659755793811,0.0827292912198025,0.00936391268845646,0.00263587292300413,0.00141891970475971,0.128635783717626,0.0177696329342505,0.0032938820642324,0.0297344199676423,0.00733873365287158,0.0269403372598041,0.0880858955906531,0.00278945494874916,0.045486524330643,0.0479380582953574,0.170412972126978,0.164646810034384,0.0189615507915203,0.0475442351860527,0.0567868266501253,0.173466406682478,0.0827792496226094,0.107024866979758,0.0155119629744466,0.0575431070958348,0.0189688028971458,0.0244382974950494,0.0898497405853258,0.376728240246241,0.518604665343225,0.0545138111771146,0.020692627842204,0.0465872675474206,0.107296731344122,0.166383925371624,0.00555662905191971,0.0574283887740805,0.0263686302348777,0.0435276444395729,0.00160921014715154,0.0108203143397099,0.0299119034391889,0.0102035761115943,0.0063569122570761,0.0371870321767563,0.0398208244714685,0.0949106331944336
0.0324679908503825,0.325899351073213,0.0918720343751513,0.161311242378908,0.0497997219644445,0.108698217536585,0.612220213606667,0.137190391540336,0.127343194018078,1.12184227012596,0.161215927777994,0.466778898805953,0.23049614020771,0.048254540546517,0.255478552158179,0.0604571990235895,1.43815814956536,0.187709386881467,0,1.45811264345663,0.350691679665939,0.0744157556292695,0.0329325221361384,0.00550900834390813,0,0.0106219645085847,0.0297661122178173,0.0049022276430295,0.0114888889341985,0.054005562106566,0.034359627327319,0.00372884187463202,0.049867096348216,0.0513433692762091,0.0914515670428725,0.0309639480620695,0.00990172961835144,0.0633411388459012,0.0160272823366951,0.00101943099638155,0.0553875123301584,0.404939875923141,1.64886572827665,0.227426682986202,0.463014912960396,1.18140287624011,0.00566296765830643,0.0058196602655093,0.00658271913660964,0.0108518168099359,0.0147129973140471,0.00480745685013438,0.00422182760996398,0.00099720518575884,0.0135032893656316,0.00385583525682277,0.00496075402740595,0.00236003996478495,0.00799848262835864,0.00708215376796323,0.00736535964617114,0.00296773299069394,0.0119046746407529,0.00248597875410575,0.0124373767981735,0.0143164510017213,0.0129702072461165,0.0041920553377341,0.00464920581646905,0.00619330358356356,0.00301658165983443,0,0.00373654235510858,0.0112787117601707,0.00193002944539175,0.00528948231296913,0.0121732133426467,0.0321274910685595,0.0200714620796949,0.00288743406486208,0.00540330718011028,0.0108787328871399,0.0157607902563544,0.00205893736794454,0,0.00687060801472135,0.00488831150470619,0.0028764649382782,0,0.000892464624192797,0.00830349292280444,0.00118014756872394,0,0.0132489119133856,0,0.00234664017696285
0.062269725907193,0.346651082549798,0.132892061475081,0.15235466068192,0.0557695414846743,0.131228088590965,0.405396190761063,0.175324606154201,0.12269505594789,1.32528942125869,0.177700265526696,0.956388547195581,2.03108391838569,0.0786069140628089,0.730580397053349,0.410895592608482,1.21339188284383,1.21311228146345,1.45811264345663,0,2.86161094470071,0.798559969726374,0.328556930969609,0.0513405744577915,0.00770360810018634,0.0163519039115986,0.0836696739100535,0.0136340268649606,0.0319113808140317,0.168680832916774,0.176718970104449,0.0190653850261882,0.0965066221351486,0.129949069607464,0.211191356437492,0.158631938484842,0.0503146851896847,0.132139448581871,0.112787614306697,0.0174061288594228,0.0501947046649046,0.32900612029915,1.19431999566953,0.174645545174032,0.2924493414647,0.631707878360106,0.0217947371206745,0.0621648418413118,0.00735086082226322,0.0241827187195295,0.0375537038872524,0.0107508546830468,0.00235445427507477,0.00598492230288061,0.0341155999462101,0.0200453770335962,0.00301868123979258,0.00957446771064398,0.00593676543578225,0.0167346403777346,0.0295575819951784,0.00879880460281146,0.0385494224630698,0.0213405097971093,0.0459708624643694,0.0433710382816282,0.0101435664553935,0.023090644451535,0.0182627081365554,0.0537309038610398,0.027444935325343,0.0201229364849208,0.018617033462677,0.0131457304700483,0.0239003583414973,0.0132455180628615,0.0199247035613673,0.118617805680178,0.0830696416518936,0.00779256234450298,0.0122448239148603,0.0252302334638204,0.065242225118805,0.065741759430336,0.00670764122072402,0.033897662261156,0.0145600992384586,0.00823512979889754,0.000874121709256825,0.00874597996773496,0.0100611269655004,0.00894977166343153,0.0117367189943989,0.0170743162334283,0.00380158839466437,0.0423482109254663
0.03363900805793,0.149750759573975,0.0695081513283439,0.102986863649082,0.0224948738023815,0.0647117015538371,0.239559879803304,0.0950584666037204,0.0532705537141169,0.509958891294447,0.0493670149538685,0.35980276991762,1.89504305954137,0.0439187712088851,0.417780380270025,0.349870090385269,0.687093656657658,1.77895718958808,0.350691679665939,2.86161094470071,0,2.67894656132494,0.917437786627263,0.0823644408805817,0.00494431956846655,0.0220025391980486,0.0409585912726595,0.00661074501512458,0.0158456925679794,0.17858222460284,0.24355692864902,0.0547995546061041,0.0553915741542997,0.0881556610854349,0.164827870793192,0.226676057037527,0.0263857623140644,0.12220929471365,0.120898912034323,0.0390581813639637,0.0258548493398832,0.115302037996937,0.452075465468644,0.0574898289757471,0.0851621540997167,0.183284220018595,0.0607179529185524,0.0942324142199294,0.00363260309917233,0.0144035228081702,0.0237807746013096,0.00435829948980282,0.00307638954573089,0.00177922669118836,0.0196130537699222,0.0107976394214828,0,0.0110489475176048,0.00369806894950184,0.0136850933603212,0.0341127550316707,0.00482286659940201,0.0337963816386273,0.0252702212358818,0.0295021208333602,0.0508408784536847,0.00866767723267368,0.0195377344892026,0.0196848496032625,0.057665462767775,0.0425825888873997,0.0411330864809062,0.00245571252646494,0.0145606187870169,0.0182685429973933,0.00674347422660926,0.0179626178035938,0.0933756347948807,0.0828254826028676,0.0231555582300471,0.0111807386693671,0.0199964562942254,0.035040429081323,0.0670591122813453,0.00274427226312676,0.0203125261743998,0.00776163024473491,0.0168517970143853,0,0.00413177578416156,0.00936966918403231,0.00595897318318561,0.00263545898503904,0.0208139621288436,0.00880743582955629,0.0391399749335108
0.0364540903193493,0.0753832306851473,0.105432651414706,0.045078098909121,0.0112926184120145,0.015050135895366,0.234849032688477,0.0851063733889216,0.018217900942616,0.105534936579681,0.0348118454620222,0.139162882495699,0.754076366662979,0.028714473793772,0.235985326366285,0.429452382436731,0.626584408203917,2.96022092862365,0.0744157556292695,0.798559969726374,2.67894656132494,0,1.848490019377,1.00192465428869,0.0113909524915522,0.0326947871495419,0.0425160904747346,0.0279440366689077,0.0828471902433531,0.957691932090659,3.30777142874995,0.576192491265829,0.0514177016237309,0.104553668290264,0.208197365515647,2.07479875667758,0.0286535679025153,0.194463892777204,0.468770421796859,0.348467261863414,0.011465062051161,0.0469268135958525,0.104916465615999,0.0221316923696765,0.0227273399997565,0.0547525250679834,0.382708620082556,1.35570313689881,0.0130726734420251,0.020507232027664,0.0366535545652014,0.00509693947298418,0.00119402007190297,0.000414714725521258,0.101094572736688,0.0207198264784879,0.00376411802913814,0.0247105235167955,0.00642173272370802,0.0280487941700578,0.112569724372328,0.00866052271476538,0.0667187841665562,0.0889639892198858,0.142827525593147,0.200325736679606,0.0135620297399027,0.050329867211791,0.0837047964352985,0.485952266654146,0.255847522497785,0.358048717017734,0.00987553335411018,0.0268844209978474,0.0165518864578022,0.0185585908640478,0.0627531248058616,0.489343649110936,0.888295837475369,0.214547355679484,0.0108422964478591,0.0390263932754914,0.145419610798336,0.657519244788923,0.00599393961557246,0.0778369415368108,0.102673165255035,0.0909998456280203,0.000359145112367176,0.00680207635122137,0.0203874142779346,0.00685374577175821,0.00432427066096137,0.0192818820844403,0.0500381365445834,0.565216348430824
0.0175552476609446,0.0439126531268801,0.0431232121894781,0.0232819423663319,0.012234852429228,0.0146606485402184,0.0508936524463418,0.0751811639623252,0.00922889787594833,0.10339092476491,0.0200850915309363,0.111594042542423,1.04435358723286,0.0370373288986217,0.239970591797797,1.33875915255345,0.0949786712237419,0.220383653647283,0.0329325221361384,0.328556930969609,0.917437786627263,1.848490019377,0,0.819046304985676,0.00678849803629692,0.00864551932388224,0.0480788463766273,0.0118778823148258,0.0247339741920048,0.424391926939927,0.834250783416168,0.209617706179476,0.0357783836787498,0.103561380966633,0.220380333707161,2.45058391533766,0.0485335261200396,0.302109251761039,1.23309943875216,1.23169810552687,0.0145115500673782,0.050282961577729,0.0657259007817059,0.0143728463371533,0.0125891400513007,0.0495978451786266,0.180442788107697,1.7998471831905,0.0068131414303781,0.01370786952654,0.0148898388831688,0.00651460995721746,0.000518897263178143,0.00361405816254687,0.027333151213975,0.0114679099916566,0.00330166019649054,0.0131736987634158,0.00245023295545532,0.0177908588967956,0.0541983695622323,0.00511713163939436,0.0513529217841374,0.0929167890947519,0.031939659109369,0.0827924521672505,0.00626309115941375,0.0249033255292223,0.044518193428925,0.220690686164726,0.211263077493396,0.267656812219302,0.00856748547075248,0.00439792966763967,0.0285820487173211,0.00475213843644172,0.0123805174236728,0.200915793555247,0.332631198195939,0.110235679825403,0.0147449307214874,0.0487996387019203,0.144165244461228,0.77996857189199,0.00801395275416959,0.0794071372775071,0.0831321507753742,0.154270291283224,0.00200275263591355,0.00211097733190202,0.0194424242840352,0.00143623447978553,0.00278931853167977,0.0145584833458194,0.060877476505602,0.673243439961267
