0,0.775434187324297,4.14733261242725,10.3198580472814,1.21326662995206,0.597216069962314,0.898584658802813,0.744450996185682,0.0343321170895133,0.0073205251749799,0.0239447134232017,0.0678474891473674,0.00462093777958883,0.0203534810825293,0.0436633990754589,0.00928136749777277,0.153462858819735,0.0175067823397764,0.0169931757463338,0.018636172555809,0.012422693399999,0.012409050561775,0.0152933354678879,0.005937733841273,1.92895243527135,0.141805211703218,0.5395364663845,7.20887881305582,3.86912023834509,0.093008403746874,0.0461603132360702,0.00438847295568665,1.6012166443572,0.790781789793291,0.0210065334308195,0.0300717510427925,0.0640259986012799,0.0895455576764356,0.0152637950689195,0.0132330897674663,0.371011774368224,0.443472117122318,0.125512008808768,0.123361527331418,0.0309214951492789,0.0395499026862746,0.00118699399329496,0.00390034029369752,3.75544491473072,0.109284600585777,1.21364080150927,0.237825508282242,0.12434314668071,0.0757970838574658,0.115535674178234,0.14360561701085,0.00971947452373749,0.0294696058822661,0.0108463571640569,0.0254859641323644,0.00758050640204355,0.00800656949845977,0.0251875408871011,0.00387128905690778,0.125470625514278,0.021097616830364,0.0170058367938248,0.014469346690737,0.0118842930245511,0.0161553637852474,0.00747031452668833,0.00328161676637756,1.09720594213484,0.0729153147914857,0.64386010541978,3.1109047710585,2.27029597165692,0.0629780834674104,0.0293342534668128,0.00503101609997431,0.352233621287788,0.12289097926342,0.0455651221650348,0.0105195024831977,0.0123568996744158,0.0332857529964728,0.00720705081782857,0.00290229934384636,0.0273058718845606,0.0427858501213696,0.016635441461708,0.0136646225788797,0.0204228862008847,0.0308446816804181,0,0.00519309728722149
0.775434187324297,0,0.457492472089232,2.54593303025971,1.79304056350837,4.78941444757646,5.761545245643,3.80084574723805,0.376549276608512,0.279241724858343,0.234368667968227,0.766673696066451,0.145416247023247,0.132468626243755,0.534789798856136,0.216348344815721,2.08222382003081,0.201659698037325,0.336225917034518,0.422400671287236,0.334972247996784,0.152964681482826,0.0643702253842477,0.113120145087337,0.171582053598338,0.2166468414892,0.385335687601369,0.375434226972463,0.514315737200887,0.553546414864909,0.271783518973925,0.0295512133377584,4.68178475274363,3.36337751209046,0.298308668247729,0.315420587507165,0.527728692602493,0.517852693382538,0.231173708178949,0.0363424904309021,2.09526660288973,12.8174541450958,2.29881810216995,4.05302264224748,1.38455149757236,0.653649556735144,0.0605650751349927,0.0162467271972623,0.20139379533916,0.114270703125887,0.0924773834542672,0.0646463042529992,0.0850380350329641,0.0579930911312997,0.189750820317742,0.118281868989766,0.0240997713130344,0.0606415577850472,0.0238437378843516,0.0674460331504815,0.0189606057122644,0.0348229460128394,0.0437981271231186,0.0201506325468694,0.138542597098466,0.0368364586747333,0.028152564446831,0.0174946124976473,0.00814116551039611,0.0256291964856275,0.0275034437079821,0.0242443199187927,0.10626158428029,0.113587444925837,0.21624648475339,0.168622215186166,0.352353822081182,0.184077561818976,0.0485556175271265,0.0131680259531337,0.204159343142672,0.160351577716524,0.10668470177629,0.0583406578461421,0.0469038270150998,0.104426949577942,0.0339099353242594,0.0152606894556722,0.0146137965716538,0.0628628567037126,0.0312711919127971,0.0246064962309401,0.0509239704823734,0.0404477307919913,0.00778613838311708,0.0243805183705207
4.14733261242725,0.457492472089232,0,8.89201350866927,0.122688755394203,0.466770216567972,2.63188272018763,0.0760827766346076,0.0152894152471291,0.00457712072090716,0.0140606681042646,0.0562400787283728,0.00948331700165466,0.00257528758064689,0.0456352844001409,0.00976609062030179,0.710684705675801,0.109545492341016,0.069105938854913,0.0919575346849414,0.0541285108803151,0.0495372072027237,0.00920612457835659,0.022890348797296,0.157164648083693,0.529531268394016,0.138248004394079,4.59012195148635,2.49781164525174,0.304880145023321,0.193179647842676,0.00874149407455399,0.178661594526892,0.374954222312527,0.0277317835771742,0.0461880385967251,0.0112934329426938,0.0621275249115168,0.0179554967244312,0.00673205405061257,0.127862197218387,0.493687588567494,0.376317584356793,0.0333409331087849,0.0325830630832632,0.0767678351079784,0.0149310605490336,0.0140638290365816,0.883736545875714,0.0710144320630374,1.71720578525569,0.268782545886027,0.084231247233239,0.0581811639573913,0.389346894979252,0.0750804741127198,0.0208318718100117,0.0134954066826828,0.0089430473833253,0.0251468804163728,0.00390750390050728,0.00423738116194316,0.018181913542685,0.00217787380953078,0.277981137880652,0.0459229017081032,0.0635543236259283,0.0239294820740698,0.0126193422531143,0.0362694984870432,0.00580226527145863,0.00883840531882995,0.112910206075871,0.237786628882239,0.163449180618888,2.34290650171392,1.76111876236413,0.150544731286315,0.0815049199053048,0.00444884531234445,0.11715301348776,0.043101478564147,0.0301880826697214,0.0155965147090765,0.00564349389481148,0.0322453534676624,0.00379093859805057,0.00369429468150972,0.0180067724528826,0.0735595762441634,0.0289382805601348,0.0306753397708835,0.0291330127858811,0.0416324410346606,0.00556529501723135,0.00694868490010094
10.3198580472814,2.54593303025971,8.89201350866927,0,1.47107301129501,6.07101219313831,13.79701618752,0.912027672995703,0.0760396573057106,0.00338360975835726,0.0213802521787558,0.075605961728386,0.015548309733862,0.0173826708179299,0.0285727087883789,0.0223115994366136,1.55400680965711,0.119411356936282,0.197586584762227,0.15167317556993,0.0665710046621017,0.0436803660414434,0.0130214560404297,0.0235777630877447,0.467329126696374,0.433987873241806,0.313932729459956,3.83986310948771,2.60104707448183,0.269389344782634,0.137267377066498,0.00209320767479715,1.2251001753046,0.902722902669702,0.0245427292959523,0.033683779360609,0.093160838923663,0.0921149041758583,0.0201395431122971,0.0124941578469699,1.14594757131937,4.24905255203467,0.957626220166322,0.463594222910384,0.141842476425329,0.107388507917725,0.0090476226265537,0.0099231319808582,0.30218157121226,0.0810071503720033,0.301297106277881,0.0699266590930404,0.0333525273587761,0.0326966196435598,0.140149596341715,0.0678509291549901,0.00858685835860492,0.0097289660968139,0.0102953407800142,0.0208864399326921,0.00165544637382314,0.00459408786503013,0.010064643029626,0.00140071548388648,0.118481639006227,0.0250699171705471,0.013359036978021,0.00828256052926019,0.00519821906986809,0.00836945184182383,0.00528507406557133,0.000596232801995597,0.230587664483169,0.127263697140232,0.243213786958364,1.03552039410242,1.2197630794206,0.0889736463285635,0.0347656020162078,0.00435958250969673,0.146305653411863,0.0729994686983041,0.0304592894099844,0.00961829499800521,0.02312146437664,0.0243617104572691,0.00357177573056566,0.000398637800020026,0.0164274229477013,0.0272208304629315,0.0132713909306146,0.0126564882088412,0.0150574663028077,0.0149123325522575,0.000879963001535311,0.00126447748433414
1.21326662995206,1.79304056350837,0.122688755394203,1.47107301129501,0,2.13863499974383,1.06579045842822,2.50013713885051,0.159828860650293,0.0106847373727562,0.0285195970355831,0.0296700789853168,0.00246308210254231,0.054466699923497,0.0150105650165779,0.00934772717892182,0.151299663039042,0.0227120376083492,0.0228055796641871,0.0159592452924627,0.00704626415806223,0.00744756539602982,0.010020845486415,0.00124824000956011,0.113789074214947,0.0612511346224271,0.0791929943478898,0.193093860126606,0.144624831945145,0.0408920332979574,0.0203756026565824,0.0035588825109544,2.01773495169471,0.689661309043413,0.00569105215503074,0.0106014480306147,0.226956556530008,0.0403646654443803,0.0164092331463438,0.00304195697616375,0.595278441929689,1.17823380459472,0.227553896737495,1.24838514965376,0.142240777586348,0.0409407732460935,0,0.000937559448665706,0.0266571312426323,0.0150001726671847,0.00937330594392381,0.00316798882843731,0.0105307723453571,0.00889816954322845,0.0114532842105136,0.0142727844249558,0,0.00289604954760327,0.00332585630397648,0.00790018431354052,0.00235451375442564,0.0053698725866691,0.00232333252840705,0.00158702282187773,0.00704763979457172,0.00127308351105136,0.00317245365433087,0,0.00127854810547146,0.00331642995569925,0.0017089148042178,0.00273789183967919,0.0284707938382715,0.0273130844272938,0.0804639481105338,0.0580069346350791,0.0779254469595316,0.0144302388253715,0.00657169956737154,0.00172327582965925,0.0334770958324745,0.0420781336513648,0.0237927273570991,0.000902018967555603,0.0146958218423609,0.0115320999450649,0.00134523749169468,0.0022260527802198,0.0144639189110427,0.00357479784885552,0.0053465480455414,0.00365089361509023,0.0101921875711686,0.00134669598971447,0,0.000675312065974598
0.597216069962314,4.78941444757646,0.466770216567972,6.07101219313831,2.13863499974383,0,4.93023742387183,3.62339385882073,0.45507042136109,0.0214499585479909,0.0542754479761027,0.0818352478178655,0.0157159652260922,0.0468270237604676,0.0532153249353275,0.0230548383096919,0.625840652367914,0.0495263735615797,0.142136023428986,0.069143795298421,0.0453372986833181,0.0137883499743522,0.00659845707181384,0.0132904430524049,0.0870310760959551,0.107639009898308,0.0817160420272792,0.302566337008269,0.238849465489541,0.101940191140171,0.0454511119490275,0.00972718519157256,1.72166116625179,1.02717333350279,0.00748171532867226,0.0196147404950761,0.321581327989764,0.0674062852849805,0.013078919201237,0.00398553480678379,1.29118074417718,5.6439604593135,0.621477024969574,3.23820527349977,0.443415250874982,0.0646082830505939,0.00832256543739307,0.00456715292051183,0.0292692662449804,0.0286371702119061,0.0291231378051115,0.014796232168853,0.00968471632380759,0.00362750058859795,0.0371934378062418,0.0199244599787592,0.00695161598044705,0.00552143871501197,0.0078315995671524,0.00843724535725175,0.00145834997503107,0,0.00470711321436196,0,0.0212210641564249,0.00709124072096839,0.0109292988798703,0.00484722882708688,0.000913467059167859,0.00354970369909148,0.00278986541587386,0.00180067172775437,0.0417209174406809,0.0627786766545863,0.0522505042997011,0.0770654541474006,0.120251472863056,0.0446670298003887,0.008631097063353,0,0.0488966668378737,0.043693952890567,0.0175619277623501,0.00845890999349679,0.0152395537722689,0.0262913061178105,0.00295268920391581,0,0.00272764760572219,0.00910435249706076,0,0.0076602702564198,0,0.00571322940539233,0,0
0.898584658802813,5.761545245643,2.63188272018763,13.79701618752,1.06579045842822,4.93023742387183,0,2.2233023754839,0.269654180869318,0.0241790746013939,0.0398063490868149,0.0990743221329007,0.0793697202576621,0.0257343862590285,0.0761261694469417,0.0354061847607501,11.1613827154525,1.34540831216546,1.67593759406137,1.59796352889754,1.022545778538,0.478350622835073,0.0668829648942953,0.113831707178766,0.0563263989244493,1.14029093606233,0.0724290612122488,0.209996557431079,0.474689405533127,1.48696158074357,1.22789519040537,0.042543552114721,1.06443107475385,0.937116547542012,0.0794995074913362,0.194001075038138,0.114508707009723,0.0897558159200041,0.0670080347397247,0.0270660352478654,0.834640836830721,9.38986446692974,5.16686343159708,2.5460534531769,0.321310939906138,0.456881532117567,0.0706734544251987,0.0385587272187316,0.0591081204629139,0.233677625099787,0.396266270293334,0.0770582504069591,0.0217625617409133,0.0131796874709732,3.03957979965637,0.0881470462497972,0.0180432249530778,0.0369042340466657,0.021034489993617,0.0493681633921234,0.00918970195292469,0.0293988244211965,0.0257600526948102,0.0211247520857307,1.16744141364451,0.11596807127004,0.121929904332022,0.0268185911657835,0.0112820727210505,0.0547857476421815,0.0122958461319097,0.0185996798079157,0.0128653717633152,0.702684028004499,0.0544756609760525,0.0964839983122709,0.281998774219776,0.671706975010364,0.240554310837442,0.0253011233903304,0.0828840935327793,0.121438972226697,0.0871954888398916,0.0344839930952265,0.0246291634685399,0.0684637346151983,0.0232239903705527,0.0111931618138253,0.00787091816540874,0.164791783277574,0.105206283713218,0.0652766365698412,0.105496803009982,0.0656578346126545,0.00221635475471436,0.0155878936790954
0.744450996185682,3.80084574723805,0.0760827766346076,0.912027672995703,2.50013713885051,3.62339385882073,2.2233023754839,0,0.775363864211401,0.0659169632159228,1.1637551938512,0.316826658597987,0.0310162750949774,1.95915769703484,0.20748172185106,0.0990376435766634,0.262783621337805,0.016111767502635,0.032054377859235,0.0467258956015445,0.0274566309747435,0.0180993528707621,0.0342410433004358,0.00524720092060754,0.10485987381128,0.0524265144585597,0.150172428806398,0.121138194515737,0.136443057396541,0.077735899927887,0.0437245489032932,0.00992158716873086,4.75110438514256,3.87155036918258,0.0591926705332275,0.0576985438844751,5.7391299609585,0.442295389161187,0.0804643412373715,0.031157462621766,0.737924019311381,1.85796969062589,0.28689335603805,4.53708052925711,0.262730197253154,0.0847413697301927,0.00273633879256614,0.00838354379332254,0.0820287270007605,0.0869702574727548,0.0334669071820723,0.027935936414628,0.0263543913908927,0.0103845841975328,0.032641316731306,0.10507145933899,0.00549648878618428,0.00956753927536616,0.009534449133386,0.0343706115739353,0.0120205610063938,0.0302734370598904,0.048591114183471,0.00409498439806111,0.0328684738908588,0.0131371311880217,0.0105370887091685,0.00450916953769823,0.00605204231567967,0.0119146797327294,0.00779179874270074,0.00681738817980947,0.0538208628832694,0.0284889446292714,0.0928565781744925,0.0744804759397363,0.114591730668303,0.0386677551870664,0.0157759290991708,0.00288022636989701,0.102614929738309,0.192307576543638,0.0586036981493244,0.0170542418228234,0.0371127753155251,0.0814476900263906,0.0109566414249807,0.0155347407295634,0.00623295700506898,0.0298292437145868,0.0183627760469227,0.0279471250615824,0.0181385720569962,0.0244355757636915,0,0.00333951465757593
0.0343321170895133,0.376549276608512,0.0152894152471291,0.0760396573057106,0.159828860650293,0.45507042136109,0.269654180869318,0.775363864211401,0,0.0782039251964489,0.530489372554906,0.381462419688141,0.0578571856949532,0.592961810668673,0.269625484860865,0.145101034698403,0.0247880968703268,0,0.00745526653325218,0.0097141722484965,0.0096237363172802,0.0029987501454086,0.010666739812415,0.0157847194504947,0.0174038379065584,0.00856660780216806,0.082838651709417,0.0251425323114449,0.027242730369037,0.0160209578163588,0.0206876240367336,0,0.10649705879901,0.338908946759393,0.060470562922158,0.0627192557737993,1.32606497564814,0.20224089280281,0.0747233668244419,0.00752727094748409,0.084862844839636,0.339334211878646,0.0380021979019808,0.663729496943269,0.139295205982651,0.0131688017923203,0,0.000900626497004758,0.0310900942123999,0.0113870327195845,0.014743276350146,0.00351161969011765,0.00773931769556513,0,0.00954761929956108,0.022359005222419,0.0222717771811022,0.00390316910863053,0.0104228795157161,0.00715453291711281,0,0,0.0020330536017954,0.0101759170489741,0.00581905911630021,0.000873604851922179,0.00221217362537685,0.00349410481930068,0.00257781728776321,0.00261596499657239,0.00636357460016677,0,0.0202298103038817,0.00672993084734841,0.082587631752747,0.0230025675379293,0.0359149375428975,0.0146483933436522,0.00312859961984753,0,0.0580013335197866,0.00392154500614786,0.0326600940153153,0.0119704603355809,0.00709555911439563,0.0157327368500486,0,0.00691297748630691,0,0.00596520090431157,0,0.0145967523057313,0.00316862602018642,0.01268338780909,0,0
0.0073205251749799,0.279241724858343,0.00457712072090716,0.00338360975835726,0.0106847373727562,0.0214499585479909,0.0241790746013939,0.0659169632159228,0.0782039251964489,0,0.135395683483859,0.498818896295058,0.228580767419133,0.0419769258690002,0.180746480972598,0.220138723043208,0.591579465023332,0.00208906978526981,3.9806234710582,1.30962872459554,0.182003258910106,0.0223070226594933,0.0381329201688808,0.00765241169109199,0.00683402426647226,0.00186273068306327,0.019823309453716,0.00902763094961018,0.0086050124897509,0.056420948007144,0.0173956937609509,0.0101116179569083,0.0480325737976496,0.063302043129418,0.0745539090786121,0.133425284600247,0.0977326433289487,0.0962254230065717,0.208135207719224,0.00680209383065788,0.0043562098629879,0.0430529822174802,0.76586278903405,0.142699772607586,0.0414405430917504,0.0164231937209962,0,0.0137083695694598,0.0091327459178172,0.0113875409441783,0.00579510185763292,0.00574159815763915,0.0014925912818606,0,0.00433572805058783,0.00754313098036294,0.0075008366901784,0.00470846142590076,0,0.00314875279493412,0.00658476972606903,0,0.00683493558737545,0.00873796728385606,0.0048128516656208,0.0006915941219875,0.0032498669196861,0.00534585065953889,0.00239720083315942,0.00335351188692934,0.000849013623275982,0.00660604113909484,0,0.00103000511853052,0.00681920747903723,0.0138750289075423,0.0240928657762796,0.0117165277623425,0.00559334599677892,0,0.0215838219689009,0.00429139796478831,0.0207189371619027,0.0145044278370826,0,0.0197243560426712,0.0011770907516492,0.00101206244649925,0.00895247538289867,0.00647964077237059,0.00153482415002494,0.00138408285289282,0,0,0,0.0085214008921817
0.0239447134232017,0.234368667968227,0.0140606681042646,0.0213802521787558,0.0285195970355831,0.0542754479761027,0.0398063490868149,1.1637551938512,0.530489372554906,0.135395683483859,0,0.569161422443968,0.112595284243736,1.64694485294337,0.601806626651423,0.1866765674667,0.00831734431001631,0.00773546243646517,0.0101151961592498,0.0176789688732068,0.0163031534358037,0.00638361520654883,0.0158670099917799,0.00592742205188118,0.0160387500308892,0.0211170701225727,0.0828955594554479,0.0174873359663606,0.0565038975026461,0.0532880330687114,0.013524728454034,0.0112508113896084,0.085103901816387,0.483083359253876,0.105282932825935,0.0952848286766085,3.8060647303251,0.368755542281711,0.119035327685134,0.00185275270811408,0.0626736304034958,0.0459003496134572,0.0721262895908286,0.463053639615845,0.119791305271309,0.040459927398043,0.00375357239593399,0.00445593663310054,0.0260928035612867,0.0287305143306687,0.0126554336568342,0.0078291181767486,0.0211449850752046,0.02037146810336,0.00671341157140838,0.047268399995952,0.0244781833059853,0,0,0.0131120406798614,0.00170530598812159,0.00414475699994452,0.0187959400290721,0.0161895132140563,0.00867666554269083,0.00537477117344966,0.00743390071408838,0,0,0.00548677749066027,0.0147832831343247,0.00951034860800881,0,0.0211688816706905,0.0718414396985038,0.0189168349693613,0.0320017903159136,0.0206587388352017,0.0128065573081754,0.00221148275006713,0.0533645607417137,0.0194493418508876,0.0225311004868141,0.0204423633497229,0.00947071001832145,0.0132555347794629,0.00370232096635803,0.00162615838096897,0.0229434798298377,0.00857016269583255,0,0.0272573553371089,0,0,0,0.011800039917067
0.0678474891473674,0.766673696066451,0.0562400787283728,0.075605961728386,0.0296700789853168,0.0818352478178655,0.0990743221329007,0.316826658597987,0.381462419688141,0.498818896295058,0.569161422443968,0,1.85411506310258,0.184670420159864,1.82482298367402,1.0891277361193,0.0545010382400914,0.0395014773299186,0.0151380662005956,0.479883401701686,0.627277002698251,0.297642997408628,0.311196425232461,0.111797966869657,0.0223692690263177,0.0222986927102034,0.125347327667628,0.0520746660418828,0.101189033718698,0.258564583890246,0.217954240211878,0.0181876889231579,0.137254669547249,0.47861069918328,0.583258159271053,0.953708794830262,0.376537155946327,0.52336465131741,1.46509889217084,0.13318168284715,0.0381661309388943,0.201388185281058,0.233734183950408,0.645040791297571,0.278888175836939,0.223916000437262,0.0512165209657455,0.0392669937103137,0.101586653293147,0.053330458786184,0.0403690188127085,0.0454378025043097,0.0431421651501881,0.0277363092632493,0.0258527424541466,0.0698955498040911,0.0223922807404175,0.0291099265693358,0.0185157006306808,0.0421363477529276,0.0298485884413912,0.0148114555779548,0.0226663787324997,0.0344231708202254,0.0404958879831103,0.0198197998190277,0.0219063900386962,0.0325315250376321,0.0161588441665996,0.0437987587242338,0.0456861305203804,0.0333875032934457,0.0277096749856052,0.030076494275502,0.0997014149655121,0.0778343848825267,0.180321897187271,0.112895232951003,0.080646260725824,0.0256603399877363,0.124375611953879,0.0485441586180731,0.0887279874211057,0.0961590861725297,0.00216028107545524,0.137596846169192,0.039502085763312,0.0167811076838389,0.0178170864709229,0.0424216217208584,0.00697036795781891,0.0240780948944889,0.0148265238269645,0.0396235372817627,0.00259406212020406,0.0408828821808502
0.00462093777958883,0.145416247023247,0.00948331700165466,0.015548309733862,0.00246308210254231,0.0157159652260922,0.0793697202576621,0.0310162750949774,0.0578571856949532,0.228580767419133,0.112595284243736,1.85411506310258,0,0.0402409595570241,0.347998905706995,9.50434902469051,0.234998212332781,0.37056858841331,0.112558414955164,3.6548592514228,12.8787016812918,5.52546804212917,6.68232370758145,0.479911345236538,0.0109109362633549,0.0233612242444341,0.0134218645110303,0.00180215243558126,0.0101119076078617,0.300756534716428,0.799406938526617,0.247500626065718,0.0144335440199663,0.12635712366602,0.965320336342094,1.75156349193798,0.054474272664452,0.285894542677695,10.6977141742806,1.71123747980849,0.00918026565004766,0.0583966762875449,0.718391094506054,0.178016228338546,0.134856276525078,0.609873590297594,0.255815006015127,0.181832511837908,0.00480033923023434,0.0138745089325246,0.00922973367631842,0.00340160141085427,0.00478385755261007,0.00475355985527633,0.0140856989833927,0.0117603852161992,0.00691338773882683,0.00660649127769852,0.00402410375543055,0.0128813361759634,0,0,0.00760903165683849,0.0276666788441036,0.0123555653503995,0.00855588561657396,0,0.00297586846647868,0.00263938743453762,0.0171827605885459,0.0238269236964002,0.039959542734556,0.00104627960081895,0.0104602412424956,0.0112220814187459,0.00388586923055796,0.0117810207558625,0.0552163021464329,0.0370937503092506,0.0105964878437609,0.0146885493663316,0.0398578191953076,0.0745545973133178,0.0667307174872826,0,0.0329672673295341,0.0191675236546816,0.00758493230274949,0,0,0.00969864872505408,0.0244563075826189,0.00615928745952293,0.00372277201529311,0,0.0301682350043597
0.0203534810825293,0.132468626243755,0.00257528758064689,0.0173826708179299,0.054466699923497,0.0468270237604676,0.0257343862590285,1.95915769703484,0.592961810668673,0.0419769258690002,1.64694485294337,0.184670420159864,0.0402409595570241,0,0.239967271022678,0.074004336167223,0.0087245143710946,0.00476516954108129,0.00603010652701474,0.00476742306586928,0.00463150887439695,0.00229928525627415,0.00390283238361988,0.00195413953163276,0.0155488979701915,0.00165512538597964,0.0533233429894149,0.0152655991554153,0.0204982743232352,0.0239802371023301,0.00248707067339191,0.00175288886638154,0.0713220931954583,0.755763884092706,0.0376629984054057,0.0230461334189557,7.31598877625555,1.0315454723264,0.0929021695524712,0,0.0263995029803631,0.00886499641271832,0.0204784919313482,0.581388504723174,0.136447909528989,0.0513157901983033,0.00406813864120181,0.00284434105387552,0.0235227086534102,0.0251374218490965,0.00678812106493676,0.00542022801545519,0.0189151587822991,0.00295673368149107,0.00605983352702035,0.0136160525185806,0,0.00700243030310466,0,0.0113347081113762,0,0.0133603672903643,0.0174614589941324,0,0.00393490152388316,0.0026738148834264,0.00650275212831702,0,0.00112885226270324,0.00591198112934611,0.00105213442368968,0.00425317510131232,0.00283866505148507,0.00563084425602833,0.0507561025720047,0.0161017349235851,0.017088108384301,0.0126453556680852,0.00535397673476751,0.00211929248272441,0.0221566057714315,0.00896389490106794,0.0121934831143467,0.00746467936926093,0,0.011641759367103,0.0147674266208404,0,0.038051663378433,0.0093838379715417,0.0026716973772207,0,0.00310008219158084,0,0,0.0047662597490116
0.0436633990754589,0.534789798856136,0.0456352844001409,0.0285727087883789,0.0150105650165779,0.0532153249353275,0.0761261694469417,0.20748172185106,0.269625484860865,0.180746480972598,0.601806626651423,1.82482298367402,0.347998905706995,0.239967271022678,0,0.494154005517679,0.0447955410402371,0.0362696320283136,0.0117979363002216,0.160151711002593,0.153928652148798,0.0735014344904367,0.0800036600068519,0.109135762078989,0.01986717780855,0.0297031840930922,0.117788133295366,0.0408511205027237,0.112913972685627,0.288370273069615,0.135814050367029,0.0360801364730804,0.08242176646946,0.460577555329376,0.555312881937017,0.987707137203496,0.481865308328608,0.688331783083047,0.64413369289777,0.0478937623933561,0.0325400384319524,0.0929174762793716,0.185973437666508,0.516752141951691,0.223979761702853,0.224110242963029,0.0542665445473105,0.036300063300216,0.062880386072301,0.0711589996546845,0.0236675598185449,0.0350956728974309,0.049539955294334,0.0167094792551876,0.0278298054403766,0.0523991724577437,0.0193205627564441,0.0343522441799152,0.0382815168980391,0.0701073102443097,0.0414262002491342,0.0139226172895715,0.0323019854547687,0.0435603687256653,0.0521685910580037,0.0184075506209461,0.0154833198823476,0.0334076474463444,0.0314272065058516,0.0500519069274953,0.0723377606853871,0.0545212028690146,0.0227263555804546,0.0257046789702346,0.0794707716501076,0.0552244961003052,0.127278562493415,0.141497511718739,0.0798413214356279,0.0408279505628539,0.0849146431775859,0.0444780199239871,0.143697362907486,0.153644793853358,0.00387762338027509,0.0844866741913218,0.0357349510842652,0.0526351528621902,0.0127930847637536,0.0251204217567912,0.0117709285038204,0.00390142382411374,0.0156950877292045,0.0360216870793584,0.0166704840820429,0.0399787841046882
0.00928136749777277,0.216348344815721,0.00976609062030179,0.0223115994366136,0.00934772717892182,0.0230548383096919,0.0354061847607501,0.0990376435766634,0.145101034698403,0.220138723043208,0.1866765674667,1.0891277361193,9.50434902469051,0.074004336167223,0.494154005517679,0,0.0392534736845495,0.0836821866687404,0.0237788032411852,0.9429161940057,2.61282143345621,1.1442705597419,4.4157102173916,0.178693101967237,0.00436991452383093,0.0149710225091216,0.0312029467116019,0.00509964428081252,0.0102194702766421,0.170706043512647,0.241177656972032,0.0830312600832604,0.0467411102928902,0.199369794044687,0.46606732938401,0.893768175190469,0.269350172584625,0.53144618087637,9.20119408521097,1.50364914708001,0.017429635654985,0.0507845041935721,0.26036474129907,0.240449972132805,0.10544235318012,0.274738672793478,0.053357654783201,0.0615923114765358,0.0144362770851811,0.0115613729044675,0.00503935380457427,0.00522457565991258,0.00452871206270666,0,0.0180392265667169,0.028094485214839,0.0151206518121061,0.0138652871865232,0,0.0287017485017885,0.0131117734148959,0.00881619000748227,0.0279172062924606,0.0231065890418901,0.0122429078795026,0.00450350386750015,0.00134350006720869,0.00563604391616768,0.0123642064352773,0.0152069080724456,0.0340638094263618,0.0292182232562413,0.0111723667038105,0.0144570447425473,0.0158899273062239,0.0110209124494358,0.0412888561788272,0.0804341462239957,0.0422066292384797,0.0196245490673416,0.0146330093148992,0.029212639346262,0.118319162759792,0.0900407091507112,0.0126065103654887,0.102201566292209,0.0242287966246135,0.0333289084000458,0,0.00894388997544285,0.00537693858948829,0.0109325289232567,0.00237534351534399,0.0111935368719589,0,0.0174662612262295
0.153462858819735,2.08222382003081,0.710684705675801,1.55400680965711,0.151299663039042,0.625840652367914,11.1613827154525,0.262783621337805,0.0247880968703268,0.591579465023332,0.00831734431001631,0.0545010382400914,0.234998212332781,0.0087245143710946,0.0447955410402371,0.0392534736845495,0,4.7979048048218,17.183234252884,6.77103979200184,3.78174457933752,1.34299719492491,0.156526335041784,0.198456533495676,0.0234012334234105,0.750130881750162,0.0457939546874489,0.0443914610630143,0.190419280554128,1.44551367178462,1.71898520930719,0.0813828459971657,0.291523642922498,0.59521225916428,0.122298514920593,0.32891582124599,0.0369430409372122,0.105998714487369,0.144177149309137,0.06048663893301,0.189256157549125,3.7236183405408,11.9668047845403,0.444478340101841,0.551109031472187,0.822764289640776,0.147245759536033,0.0642885295426316,0.0264944222353903,0.121287139465714,0.223751030060537,0.0344992132255976,0.00983006639319748,0.012564002902768,1.87230617739994,0.0630058760931101,0.00895502615864473,0.0255254287810014,0.0214435849784214,0.0449162367996269,0.010920122453077,0.0259899678299542,0.0219242729788877,0.0111410660647304,1.13380732688168,0.131410165107073,0.101919433358141,0.0300643504124935,0.0205387061483043,0.048006437861354,0.0217738717375374,0.0299553139824296,0.00741779218619125,0.469622491611632,0.0341195779268397,0.0375765990016912,0.13986366723439,0.428327679866636,0.353427625656444,0.0165158028615726,0.0403891968246223,0.0894622986456183,0.111173700411773,0.0601403359768224,0.0250533523126978,0.0563500826684749,0.00972687349789741,0.0211186962502167,0.0107472495958318,0.105585399210139,0.0636449294383344,0.0477779953790753,0.06847429826586,0.0712382033024717,0.00147928107615899,0.0179368780895637
0.0175067823397764,0.201659698037325,0.109545492341016,0.119411356936282,0.0227120376083492,0.0495263735615797,1.34540831216546,0.016111767502635,0,0.00208906978526981,0.00773546243646517,0.0395014773299186,0.37056858841331,0.00476516954108129,0.0362696320283136,0.0836821866687404,4.7979048048218,0,0.970055112080031,4.50508574433419,6.47059518323774,6.73614098358542,0.200817378824794,0.305368738764555,0.0020338277433099,0.143941127169588,0.0158258707820925,0.00406896332086293,0.0371121251747401,0.706433370716301,1.21318841061563,0.239885832015445,0.0227013898425762,0.086044348050142,0.120035688995925,0.293898667836647,0.0069825884121975,0.0467441232787351,0.187857086844584,0.0768685673213266,0.0263343743378139,0.348664646192154,2.77044581048482,0.0231720805442582,0.060220126743065,0.551505128540113,0.199125988527555,0.235491536641544,0.00441265348534472,0.0306634687207994,0.0262514262726256,0.0108654452813223,0.00363345645937985,0.00352826418503205,0.29350319287068,0.0220560925943857,0.00504844885041437,0.0122626124863673,0.00295701117307302,0.0143404976941065,0.0099478451479601,0.00485952111105292,0.0178072881348919,0.00899949263720723,0.173510529512378,0.0332934051331473,0.0280556187261576,0.00684533528403785,0.016730227615031,0.0318432421090497,0.0242584063316479,0.0467498465380048,0,0.111413320371622,0.0111810234631278,0.00611599230152837,0.0298627021096372,0.182394578275803,0.126173513485023,0.0481936690850606,0.0124299071060547,0.0250406778628511,0.0795932047259749,0.053097843625702,0.0111974736305176,0.0152861108988069,0.0113085937181782,0.0225258645258378,0,0.0373208720342625,0.0290654971297009,0.0121645562815716,0.0229697126125806,0.0159488964302027,0.0170826986399988,0.0451305595923894
0.0169931757463338,0.336225917034518,0.069105938854913,0.197586584762227,0.0228055796641871,0.142136023428986,1.67593759406137,0.032054377859235,0.00745526653325218,3.9806234710582,0.0101151961592498,0.0151380662005956,0.112558414955164,0.00603010652701474,0.0117979363002216,0.0237788032411852,17.183234252884,0.970055112080031,0,12.831596957677,2.36578116486064,0.327643386973048,0.0554965626762438,0.100039487116725,0.00344658503518771,0.0788459431661712,0.014236395704179,0.011000677699205,0.0349845328472193,0.324017006885781,0.272215100429074,0.0185152618406147,0.0506110733920621,0.127606138616123,0.0605605294755244,0.113126517111556,0.0115719713104089,0.0449959197037178,0.0825891794492317,0.0399177729112426,0.0441073479786807,1.76614207884378,18.8723510550046,0.0692160287245501,0.212765687096122,1.83737776229148,0.113301844931024,0.012909987113191,0.00465042663965276,0.0130931484520062,0.0123978660243734,0.00662654434791703,0,0.00175118429833591,0.0611066614990771,0.00939732119370352,0.0106695609797128,0.00643023862188064,0,0.00417343509522711,0,0.00951003121432364,0,0.00759911403507119,0.0264365892738329,0.0111711202789981,0.00371868962858839,0.00442663749400014,0,0.00441204406541967,0.00700594506467533,0.00234297592125395,0.00192246456901302,0.0456423250890314,0.00604961679897405,0.0141389622979596,0.0123964397193123,0.0859454876427988,0.0216795312612768,0.00271558269949473,0.00655833460922177,0.00393234475997149,0.0390306693255934,0.0134340195744512,0,0.00743442080098496,0.000995198688177934,0.00418889622811212,0.00288501481075687,0.0114781856298772,0.0226467087663279,0.015495077529067,0.00527101569996694,0.0108038231930136,0,0.00862883913050474
0.018636172555809,0.422400671287236,0.0919575346849414,0.15167317556993,0.0159592452924627,0.069143795298421,1.59796352889754,0.0467258956015445,0.0097141722484965,1.30962872459554,0.0176789688732068,0.479883401701686,3.6548592514228,0.00476742306586928,0.160151711002593,0.9429161940057,6.77103979200184,4.50508574433419,12.831596957677,0,9.25895855194104,3.08736264751852,0.750491224614377,0.407481364232048,0.00461112331201857,0.091105304683066,0.0084228629454233,0.0051209886202433,0.0316567270803765,0.573847631149076,1.0759988652154,0.178489943968278,0.03860509772659,0.258861242274702,0.694012894049691,1.00778493778899,0.00932942295300394,0.152926090547749,1.66953429963526,0.268177002330593,0.0422512698182312,0.823466645861799,9.94990123345427,0.0767082516731193,0.19885647976627,1.45738258222197,0.297323355244316,0.112302216603024,0.011043131308293,0.0294477497178629,0.0291895096291404,0.00662348420611596,0.00344776879436001,0.00476858709441849,0.157247127744244,0.0147857497313713,0.00384565108275007,0.00829090843014964,0.00157562577890356,0.0192715459454602,0.00943664014238939,0.00245416519750088,0.018549080311601,0.0159337221023066,0.0656396730782957,0.0162031566951284,0.0106881641848776,0.00917024413166734,0.00572188229878284,0.0330704040938755,0.0134402885401562,0.0399660190845968,0.00466382814177102,0.0636576005168615,0.00911631678924774,0.0118995312859795,0.0375870496902055,0.132972792671836,0.0742349270304722,0.0266089969516922,0.0157356947351587,0.0334911361506011,0.0688894902910326,0.0485792199155283,0.00277814704328579,0.0411352004178559,0.0212189534957772,0.0221660632289938,0,0.0218314343375986,0.0194341223505666,0.00103616593106633,0.01347690201617,0.0165135660160866,0.00831297373462725,0.0302468001426427
0.012422693399999,0.334972247996784,0.0541285108803151,0.0665710046621017,0.00704626415806223,0.0453372986833181,1.022545778538,0.0274566309747435,0.0096237363172802,0.182003258910106,0.0163031534358037,0.627277002698251,12.8787016812918,0.00463150887439695,0.153928652148798,2.61282143345621,3.78174457933752,6.47059518323774,2.36578116486064,9.25895855194104,0,13.0987064069131,3.12692350126724,0.554479597832385,0.0047896795756551,0.0961820532455807,0.0230877545921615,0.0081278066256972,0.0236403362851426,0.65957486663666,1.85150204203558,0.651014299352184,0.0182742254027854,0.122689827319742,0.578293022584078,1.26810879491004,0.0140372586503737,0.131194532479711,3.20401084216883,0.662494523676005,0.013782546989362,0.423530148702713,5.43477686201674,0.0320680457034192,0.130706376464776,1.72358944191779,0.529357645203006,0.330241402029178,0.00596525279857178,0.0164326593334504,0.0174622409154075,0.00252401340933532,0.00157345404363199,0.00105518969206412,0.0991236091147422,0.0181365581763658,0,0.00665810290526377,0,0.0298936644484241,0.0119354247412128,0.0143817515895669,0.010011602789524,0.00807715803572275,0.0501160344583182,0.0156581024245509,0.0106456077378217,0.00656207070336063,0.0125270539225699,0.0268045867852915,0.0168529092472868,0.0493891578375534,0.00243133746602467,0.0498667663925357,0.00777512830114385,0.00168866387840323,0.0143013229208599,0.130706231294635,0.0782806439542536,0.0664168487545062,0.000467380387872987,0.0352091507787125,0.10974223925845,0.0966617447932132,0.00328344934214458,0.0263555254191012,0.0103907945859306,0.0166963179396191,0.00268092389026464,0.0101217131066513,0.0130075073525033,0.00612581543655988,0.00701384206822592,0.00557223494553558,0.012031792726153,0.0519139089337602
0.012409050561775,0.152964681482826,0.0495372072027237,0.0436803660414434,0.00744756539602982,0.0137883499743522,0.478350622835073,0.0180993528707621,0.0029987501454086,0.0223070226594933,0.00638361520654883,0.297642997408628,5.52546804212917,0.00229928525627415,0.0735014344904367,1.1442705597419,1.34299719492491,6.73614098358542,0.327643386973048,3.08736264751852,13.0987064069131,0,3.22233671389817,2.87064552276119,0.00558359580200185,0.0711793736668308,0.00599215857667357,0.00875367965443087,0.0237229337905898,0.813764653734281,6.19918310363718,4.35670434462416,0.0157729562876101,0.116332178634315,0.346255743580085,2.8662830035851,0.00786477524871959,0.12924590926255,1.60647299727685,1.23496803615285,0.00722365402741917,0.121516966050281,1.31346228165874,0.0282817594416097,0.0554995713493579,0.607191059235733,1.02589989099997,7.08144019168188,0.00669694649610729,0.0245736359766505,0.0229234931088097,0.00798251451658318,0.00214926837162364,0.00281380701616502,0.130844299596524,0.0327603629361484,0.00606445220904496,0.0245125893375166,0.00214514200621801,0.0298052385547741,0.030995071116509,0.00698211858415108,0.0333520154228796,0.0309002445762457,0.0873100375733669,0.0893842407991774,0.0291746128732734,0.0436903571511774,0.0370011868027535,0.246938284065758,0.122361782031471,0.905314167432677,0.000817041160858789,0.031610300375684,0.00809744925712257,0.00699304073401083,0.0191587042815493,0.230494721664306,0.711742877005888,0.571595127927006,0.0165870597172416,0.0611785468521792,0.136863871030049,0.824234344669714,0.0118342965292326,0.0677780129913149,0.0494944648419126,0.288731961582108,0.00181048222268818,0.0197206824851359,0.0133526306399072,0.00773810062171459,0.0125146757656488,0.0259692069195094,0.0790205245089468,0.717305239045284
0.0152933354678879,0.0643702253842477,0.00920612457835659,0.0130214560404297,0.010020845486415,0.00659845707181384,0.0668829648942953,0.0342410433004358,0.010666739812415,0.0381329201688808,0.0158670099917799,0.311196425232461,6.68232370758145,0.00390283238361988,0.0800036600068519,4.4157102173916,0.156526335041784,0.200817378824794,0.0554965626762438,0.750491224614377,3.12692350126724,3.22233671389817,0,0.411315609462224,0.00415695597148572,0.00635275072367963,0.00589134983842256,0.00166687781061013,0.00825403732509766,0.245238822560624,0.456922001603666,0.19475030415516,0.022576133108712,0.0926287671250965,0.250978060936965,1.05815446747248,0.00990553422496865,0.104729756631497,8.69642637387913,4.65170711464142,0.00950307579478249,0.0355726914692669,0.347846139790094,0.025645167081513,0.0264818190519989,0.234345147148978,0.122217517369637,1.03874367316423,0.00439933981833641,0.0148610604563826,0.0027499414618345,0.00132687713064456,0.00278893285291878,0.00281309223593157,0.0181343800739822,0.0299697771112807,0.0006392221447327,0.00631691947475493,0.00206868556787314,0.0170125917471155,0.010346720015538,0.0274093257828184,0.0210837222147995,0.0206244432999977,0.0195522459784249,0.0168599928050008,0.0087494697318497,0.023276837366908,0.0174679763243547,0.0323601150171941,0.0519912472988429,0.101754299067904,0.00246760733906675,0.0167336801100141,0.00433742604233137,0.00642991751331121,0.00508750719885458,0.0952341870794436,0.064596684392888,0.0396006472742179,0.0151671213779319,0.0799995163662275,0.133825672154599,0.154379452651499,0.0175798411082267,0.0647543678537186,0.0349936449319306,0.0642856527931019,0.00116651967928168,0.00428217085205084,0.00686071329326864,0.00760810810632542,0.00592823868328692,0.0143757963455002,0.0166275241083913,0.121591196852686
