0,0.656852936322128,2.88397219266001,5.32206921993953,2.30168998343967,0.602017022759475,0.430222970252832,1.52162605367189,0.0299107047015598,0.0144654251941387,0.144212759486619,0.0397531895366399,0.0230473504610581,0.0737576974636762,0.0422900957260908,0.0195735219347588,0.119423032300963,0.014839358571586,0.0393744726408816,0.0216213504988014,0.00817877677101557,0.0231250046503798,0.0244709668718866,0.016621132305626,0.660844543256721,0.149838566700056,0.252471900347892,2.22206069351328,1.05609937270309,0.265184015847923,0.0668887439057277,0.00880135732290695,2.21598009735788,0.16268451836855,0.030628303853807,0.0284128034764384,0.087095477859843,0.0718657793334967,0.0446848643112172,0.0148556027641218,0.436344119373086,0.170915629409097,0.0087100788933564,0.108998820151015,0.0151743861965032,0.0132755079970873,0.000788664357580515,0.00406344041118169,1.32598655299936,0.0829550216809658,1.13805062065614,0.207547904624568,0.0243866147067387,0.031262777519692,0.19915651328096,0.0636391961677063,0.0057265852806155,0.00406036090874874,0.00914785578690869,0.0137034339434803,0.00254590074242786,0.0087102820454102,0.00464914703525052,0.00479354176555656,0.155916379132111,0.0393008228776355,0.0292105085678802,0.0173911259312524,0.00852284651130755,0.00787522145116307,0.000416034925021513,0.00424137867975373,0.30902262881101,0.0994336197953688,0.388742663805414,0.602258820283928,0.482289801314395,0.0754520187905438,0.0615064017621851,0,0.208284159667458,0.0487730029151511,0.0237128564669903,0.00882625919863128,0.0238060145803269,0.0139779754157289,0.00951382601243037,0.00257569434593895,0.0148910322761725,0.0266688136734945,0.0149699680460999,0.00820937916638349,0.00326239569832639,0.00852590469298973,0.00139359409062928,0.00155403326837485
0.656852936322128,0,0.266935003797156,1.29629955400232,1.42764505407527,0.837668044500771,0.609039852008183,4.28395031638098,0.268903544811028,0.407161360695763,1.38689675907193,0.575543468362955,0.226592967524269,0.438098215495514,0.433373117336132,0.298764099012337,0.359770368665415,0.0772742349039467,0.350002849660511,0.256352016932845,0.125822472656645,0.114577651424027,0.18859613425398,0.0993653777791987,0.00975770132197155,0.195570640142296,0.0797590387675888,0.145731273595909,0.401929440280591,1.61575270862079,0.142398769943206,0.0200977945837288,3.32229611645908,0.723696653135155,0.451495629150921,0.160983683786995,0.453171639330456,0.422019489563692,0.620385183295147,0.102746270630511,0.888316104395747,0.92611258077882,0.178576677517544,1.76458258061423,0.332969683746806,0.22011745464303,0.0248895375822477,0.00925437020840281,0.0125299274842036,0.0144997791074369,0.0984167663746006,0.0180741359500306,0,0.00930266075886681,0.130638520368073,0.0168030267229332,0.0117254445717433,0.0090885002876324,0.00565628271115677,0.0193500265476069,0.00822285750827464,0.00888193115221911,0.0134479352975408,0.00807670645394364,0.0899569425555886,0.044008248704154,0.0397526810777707,0.0197166715663454,0.0249208652824885,0.0100226949536695,0.0032607366949289,0.00562286475733601,0.000533025664271602,0.129020586639134,0.0489008365479398,0.0407626937627098,0.0979960410634417,0.184130824951281,0.0650461007287246,0.00159812313254976,0.0185797871008663,0.0801986029422988,0.0335014654624154,0.0208746543230025,0.00306023407860412,0.0250495155555556,0.0195175747264209,0.00486523384415153,0.00635711706456702,0.0183053574572236,0.0159194556559959,0.0101289211555171,0.00672740666233385,0.0102908898932659,0.00615472598474495,0.00208504143854321
2.88397219266001,0.266935003797156,0,6.50276831783543,0.411818855601862,0.458166709842248,2.03480378336159,0.272195129239325,0.0131577277586876,0.0299228745865114,0.0691967640122897,0.0368051612582875,0.0196918786023332,0.0150814655303258,0.0338336197458317,0.0234916372753943,0.438439762996186,0.0674568574062057,0.0589874618117583,0.0474886020853345,0.0498332321590467,0.0462201590713159,0.0286681318870711,0.0175707408350455,0.0176531246427019,0.84463462786318,0.0265266161347012,1.56549739431001,0.409554715344419,0.746898228814306,0.132829935710677,0.007341948710506,0.252292091207062,0.0476825828031653,0.0296349048394413,0.0299616489277439,0.0320210431505417,0.0330395402194822,0.0544763755839385,0.0150498421288726,0.176585162611127,0.124222590249768,0.0150288777490054,0.0637260210858427,0.0137317360792588,0.0206085389447147,0.0103305669608127,0.00271173933462424,0.317051504399608,0.0176623960129938,1.55297680799192,0.0544793644117532,0.0046952153332835,0.00204124412853015,0.542035245076524,0.0101204403838872,0.000429880872253735,0.00408504345953792,0.00327338516047333,0.00463683306322324,0.00146734865904825,0.0023985209573547,0,0.000477091672690499,0.218314206543834,0.0636715377503974,0.0394484618102083,0.0146510993462187,0.00347643697341173,0.00459391526096532,0,0,0.0141493248254884,0.357387667723545,0.0177499847358806,0.278918798671543,0.141056531369546,0.219172841410911,0.054615464876968,0.00179390501508927,0.00897383203753796,0.0131855397822473,0.0163692947058874,0.00742164359725226,0.00157784188646664,0.00556544914144685,0.00240502883387259,0.000381277263618196,0.000745816318882021,0.0069278120088212,0.0151641349391717,0.00103397477598444,0.00481420856179832,0.00416421208137458,0.00337734658317927,0.000595840460419895
5.32206921993953,1.29629955400232,6.50276831783543,0,3.32216114336863,3.16746091094198,4.89198148685333,1.46691194172,0.16196484797113,0.176760374580494,0.546784969464904,0.243264670759979,0.123610926062056,0.189768696642951,0.240224697389419,0.128795527315884,1.55655281342429,0.105742536552714,0.561508107565797,0.223247316212211,0.139226973223827,0.106950430832741,0.112867632764535,0.0302627153866741,0.00496707522961407,0.714514807560557,0.0290990857175938,0.729970479110305,0.379100703271151,1.73647492594116,0.124919305838714,0.0188069898508049,0.99293972074384,0.180319331506036,0.105212642263948,0.0442491673182166,0.0966023649946215,0.226397081062336,0.185352096195814,0.0210976562947741,1.04152945117165,0.918732190679805,0.130912187315195,0.372991157629655,0.110667787742809,0.118434881270151,0.00904453879107751,0.00315960384021624,0.0239729522621869,0.0134954231308782,0.321297210623921,0.0208285203337986,0.00149416049528509,0.00170256503198008,0.357628176443805,0.00829024122289582,0.00246603620927068,0.00335661271830739,0.00305196648826384,0.00293813955520762,0.00541172537394839,0.000589871906526544,0.00320481598251181,0.00267244706826986,0.133639889756476,0.0360404388130485,0.0166440144690808,0.00828569647091418,0.00548692196717646,0.00205636039324958,0.000530778934178043,0.00556255449375039,0.00158467276221968,0.190162749875931,0.0109020744247822,0.0620943586586009,0.0894016554845025,0.256254998086051,0.0396307076400641,0.001253365481046,0.00562582471268649,0.0221269222039192,0.0204429987347559,0.00579508088526003,0.00300585728977495,0.00403038410490955,0.0132991664820327,0.00230230905910276,0.0010873175508376,0.0061920705569601,0.00932557397839567,0.00213973016669827,0.00337945381590064,0.00190007755689212,0.00124502872478047,0.000511926830356894
2.30168998343967,1.42764505407527,0.411818855601862,3.32216114336863,0,2.00331976863467,0.536842464178209,1.92508527472563,0.170871177566293,0.0757282870586259,0.79513961455984,0.086869894055724,0.0539412573849412,0.236117026582382,0.161769468156076,0.0687689946105642,0.210033356946695,0.0233117470042504,0.135711009156923,0.0799346272422924,0.0313952252871844,0.0269906846234898,0.0456493425886032,0.0175447804940843,0.00770257790072826,0.163268691241399,0.0250889860643981,0.125419803678214,0.128311021436433,0.584628998343943,0.0292365681825814,0.00902646411268351,1.77861971418862,0.128729875274741,0.112976409416562,0.0263594434633537,0.157340538206208,0.168821100768453,0.134840024075777,0.0144665785107938,1.54589871879711,0.745687916452919,0.0719842039421547,0.409128328830966,0.0658767160351618,0.0492503853030027,0.00184519385680759,0.00317944687894048,0.00601347189709038,0.0141642012998342,0.0730283104027069,0.00783128080085747,0,0.00331734239151726,0.0579594075556263,0.00660457117446844,0,0.00365207000159842,0.00206013001758235,0.00162838606501773,0.00870510392670756,0,0.00722941120686715,0,0.0248863978476191,0.0223971261935731,0.00708998993603021,0,0.00672540008140131,0.0017645999696085,0,0.000865253685522371,0,0.0649976028125915,0.00707973353143387,0.032146687721794,0.0474328939448066,0.0895826189405098,0.0144058407695463,0.0014493247495164,0.00536607637983744,0.00418786737458118,0.00850765040084462,0.00797833368794774,0.006208812482304,0.00396093278425472,0.00953612667396108,0.00161933647989214,0.00121990394076406,0.00214248426256897,0.00302119809893497,0.00277131549679781,0.00146389589986527,0.00139787222980962,0.0040737403638007,0
0.602017022759475,0.837668044500771,0.458166709842248,3.16746091094198,2.00331976863467,0,0.987074320974587,1.09180265266408,0.216224650478253,0.148310201721171,0.614110020264516,0.173579385739483,0.103771505708159,0.229152249662033,0.201596092097056,0.169915625523482,0.357482625580806,0.0546973796819686,0.231652699160507,0.105615876298188,0.0841522381126697,0.0536594911552357,0.0818080435633913,0.0149240770450586,0.00148857979058312,0.190204026387083,0.0158390094274562,0.0920361069242034,0.124842347830775,0.804324752436868,0.0447696950580168,0.00898085778300646,0.491607846119669,0.13790795540844,0.0857113965956681,0.0434982604276318,0.108274873806913,0.172171341818725,0.186528467308077,0.0169354956608485,0.791800926015722,0.719804505499131,0.105639674815423,0.38765657397641,0.108421923090856,0.0759361355404431,0.0172428719502025,0,0.00352688800005652,0.00542269213934354,0.0246041872900205,0.00415345333734969,0,0.00149383161278732,0.0684993812366934,0.00321932735291461,0.00517523791293673,0.0035408845289997,0.0033702787863753,0.00972188075529931,0.00800604979631525,0,0.00731207809394335,0.00268620019039455,0.0320255634595782,0.0151643824122522,0.0125568820479562,0.00326136560389043,0.00553502287916837,0.00495726099075577,0.0052985558887165,0.00297906667043447,0.00117273421503693,0.059995974547315,0.00763873928258144,0.00958226008733578,0.0354000132068845,0.0901859126982363,0.0147778098365097,0,0.0028153632832631,0.0108023772667969,0.00857399192842193,0.00679624724379735,0.00791213798355073,0.00717206612428783,0.00667318358727895,0.00525974569000942,0.00404826542411804,0.00882653053080806,0.00389678564399914,0,0.00445771181583093,0.00118571187398692,0.00182653974618585,0.00133087964786141
0.430222970252832,0.609039852008183,2.03480378336159,4.89198148685333,0.536842464178209,0.987074320974587,0,0.662223633422838,0.203169838667805,0.375902875169093,0.384289776748101,0.38991012055272,0.287791914651695,0.11047765341156,0.2432709213174,0.224977993889579,7.23829162332955,1.07086566875031,1.20082003707803,0.61080622755134,0.539057350779786,0.632197620467516,0.396520836797776,0.128804643949212,0.00530981646144893,1.23507945158716,0.0282413479311866,0.176805486313478,0.393496084920474,3.77132152503029,0.927022863220956,0.0804366418574546,0.266146432289045,0.145716381686549,0.143354921783619,0.147166338388217,0.0612564305595628,0.172874584797501,0.34848472646041,0.0922556188670767,0.176432952390078,0.769210777916792,0.210865698885663,0.240696301371961,0.174042486155956,0.184977784002251,0.0544457648537468,0.0267558251280841,0.00647858185153891,0.0215509953901324,0.211410697165647,0.0204191797369837,0.000854267725650651,0.00158636843918183,2.55922089779561,0.00773325925171956,0.00248426333128644,0.00960278959807467,0.00332835810754255,0.0121864459262528,0.00667860885645384,0.00229955707434736,0.00584984080659535,0.00863233325226295,0.865174757441217,0.275818822598258,0.0705142647580398,0.0389134249138969,0.0178517064446908,0.0136367856646725,0.00446237181036943,0.00391620991575778,0.000235468083332,0.469066813064572,0.0116253709769264,0.0493657937804924,0.118610875707316,0.932051574795132,0.2325424885882,0.00482022724323585,0.00835629571077658,0.0308622517865044,0.0387027608031692,0.0188831032321962,0.00736550152015391,0.0200683479849032,0.00937088486628055,0.00454032324676265,0.00108421786425487,0.0196581540192151,0.0534446565378783,0.0102155493705804,0.0100809095860872,0.00860028610883542,0.00225268646678428,0.00155125973514588
1.52162605367189,4.28395031638098,0.272195129239325,1.46691194172,1.92508527472563,1.09180265266408,0.662223633422838,0,0.352539550017863,0.262360502173391,1.85627103294439,0.483987603772797,0.123188021485491,2.83077706563956,0.560796806680993,0.159409252201977,0.30631759270688,0.0583025128609963,0.256975152419789,0.12412058472389,0.0957366599828964,0.0838657829394676,0.0983616551957317,0.0875527835453907,0.101107766428544,0.204048671131364,0.325763729871668,0.220029357624586,0.497110299121271,1.19705138827154,0.135338200368834,0.0191975350081481,11.2921776383916,4.0277743245956,0.343102652149408,0.117853299207635,5.42967684528342,1.57278348728476,0.393639689489828,0.0533407243003097,0.994375345837441,1.06854155105607,0.0743915108290977,1.87530163095866,0.158381914104316,0.112095323228392,0.0160885623574563,0.00845921171690334,0.0779568825930954,0.0726975831840987,0.136826151917864,0.0609514582986927,0.0151084863609607,0.0460891795617875,0.202256820971079,0.118557190947691,0.0220471700579815,0.0232359146352363,0.0377382276092103,0.0516931139961961,0.0334076811890904,0.0110981813016805,0.0513165437553679,0.0151642114458863,0.163666493704332,0.0565418995742074,0.0448698646736011,0.0331185059188924,0.0287779120744032,0.0148283074341405,0.00929161584409536,0.0127287369658477,0.0289904424922603,0.168221027616541,0.221793965920938,0.104780168121537,0.187552714900376,0.190875976904403,0.0915743622228703,0.00186463704581483,0.0846539120756531,0.270970432053376,0.0849480147976283,0.0381874736553819,0.0547946985478788,0.0395069197007243,0.0500269701310352,0.00536429737626729,0.0220303000056352,0.0589600327984058,0.0534100426819104,0.0158704796310881,0.0138026829115941,0.0280253457697436,0.00427041496084637,0.00456656123481169
0.0299107047015598,0.268903544811028,0.0131577277586876,0.16196484797113,0.170871177566293,0.216224650478253,0.203169838667805,0.352539550017863,0,1.47471004967465,1.77236786251256,0.70407332322566,0.152871755505905,0.186903234760021,0.413495092278866,0.186115218177306,0.250113747521139,0.0286610948725165,0.994340125427882,0.165163351379979,0.0585676434491235,0.039511974201098,0.0534400662492832,0.0125698770777963,0.00176863590046115,0.0138983743706531,0.00461168975343965,0.00887966441092232,0.0197848948131662,0.186727566881375,0.0200776139853865,0.00397835493264177,0.087303227510841,0.13134740915865,0.130441053113484,0.0196857648577541,0.048008782192658,0.183568777301444,0.176970897256149,0.0149742966594501,0.0686404984244409,0.98683114887646,0.133386138601142,0.466794573504335,0.539075849449506,0.416003542620881,0.016330638651525,0.00462933125358587,0.00101331868923592,0.00300810669016129,0.00448894448690463,0.00157018831701983,0.00363078323014301,0,0.0119338910164179,0.00631538807637906,0.00215764043175991,0.00597131103740534,0.00557833378982941,0.00821976055391174,0.00588324277488894,0,0.00763586961342141,0.0055213786486108,0.0113673888659772,0.00752413045130808,0.00947789204545978,0.0115161979667665,0.00222003076299641,0.00312580516631856,0.00128662790090697,0.00515562157402884,0,0.0127761904097689,0.0344848573142955,0.00466530161095492,0.00373023037426289,0.0340391915440959,0.00773893486306215,0.00298171839551417,0.00243549348851824,0.00878189936055394,0.0164451822883434,0.0058749367393987,0,0.011031472643428,0.00545070562777289,0.00436507468949004,0.00562429987579238,0.00125547611939114,0.0119562552001018,0.00777141943496468,0.0202482750951656,0,0,0.00237218666029645
0.0144654251941387,0.407161360695763,0.0299228745865114,0.176760374580494,0.0757282870586259,0.148310201721171,0.375902875169093,0.262360502173391,1.47471004967465,0,1.50578566588501,5.07297379705071,1.08207730672372,0.176566451880428,0.752751382130934,0.858028699479547,0.779414694190191,0.113271298942236,3.31234530923514,1.14035418746163,0.33043177393279,0.12054905067699,0.259273853444959,0.0362770411367276,0.00849495748870277,0.023275358327606,0.0447155110856955,0.0124206272717585,0.0206238417000974,0.543144289377182,0.0855042759514832,0.0218258222842807,0.115818394372407,0.32275595587035,0.719112819378616,0.10121961485248,0.0726183555504294,0.320370626391694,0.509722538277344,0.0651649314882728,0.0254461719734063,3.41750861354214,0.59696108259365,1.00328984787284,3.95994872144389,2.32886951454161,0.0394341500521992,0.00809583993984868,0.00283836948692138,0.0154974737261778,0.0037302033536631,0.00314796326083819,0,0.00336503243739629,0.0201764613518384,0.0121671304947799,0.00801160796246986,0.0129558930572891,0.008219253974524,0.0124013324078633,0.024495605077398,0.00644990715355465,0.0146664203253603,0.00309860074804939,0.0175578986060561,0.00587264917027082,0.0136676959739615,0.0197387498802468,0.0147953011984735,0.0135561134136805,0.0123067517310256,0.007602496576791,0.00255448852912776,0.00808504458180579,0.015988473907062,0.00914499603281291,0.00910506038521468,0.044055373317366,0.0238300892741206,0.00382951954267041,0.00730912519006287,0.0443581865402864,0.0210550100991795,0.0279294574013965,0.0133896070254537,0.00526244965301129,0.0309721914750556,0.00965321206104073,0,0.0151485055250818,0.0121805402758804,0.00568100444607336,0.00221817833051807,0.0118212854986073,0.00586097750070758,0.00704865526537866
0.144212759486619,1.38689675907193,0.0691967640122897,0.546784969464904,0.79513961455984,0.614110020264516,0.384289776748101,1.85627103294439,1.77236786251256,1.50578566588501,0,1.89368621925434,0.359204323016563,1.46669965599787,3.21369018505316,0.640667141465172,0.399317176229781,0.0658147141853092,1.27490620358983,0.277120198619581,0.185582688454997,0.101356878372331,0.176316232259641,0.0526525212792142,0.00757165907400797,0.051388234421093,0.0422622541569203,0.0280025582669843,0.0834151174817291,0.622201620251466,0.0504424630609394,0.021123237334251,0.481928186749155,0.510205930066199,0.480195173627754,0.0885266040407991,0.348061632194777,0.697458188432991,0.48106979731657,0.0399426820227226,0.391054007233961,1.46264721057099,0.17192412745803,1.83958353286076,0.846380740438803,0.554419518356646,0.0261160020942426,0.00560362170833772,0.0034344784840745,0.0102299277076866,0.0124435180990362,0.00249086858460007,0.00324482443202712,0.00355570552471129,0.0282304609802754,0.0186748301447483,0.0107526038100869,0.0140651791996194,0.0028507666933455,0.0174625682958992,0.0248562414024806,0.00437452172395911,0.0233276009539209,0.00767442741837611,0.0197314550705345,0.0174804937926817,0.017716190403378,0.0215029097378722,0.0174953844806093,0.00745350296539818,0.0110750405373267,0.00676771507492444,0.00450042360523182,0.0239499283038649,0.0345557833243204,0.00425474091211875,0.0254528215001613,0.0391338024903018,0.0148357139671682,0.00636678308884096,0.0191562797535809,0.0374805129532176,0.0253207362275113,0.0233854364773043,0.00693549933583432,0.0395642322374081,0.0424405525649652,0.00518176675278972,0.0100262492234443,0.00549259314259242,0.017543096377978,0.0196804129012842,0,0.0113307502856871,0.00783962983861936,0.00567960219776101
0.0397531895366399,0.575543468362955,0.0368051612582875,0.243264670759979,0.086869894055724,0.173579385739483,0.38991012055272,0.483987603772797,0.70407332322566,5.07297379705071,1.89368621925434,0,1.72054835408679,0.444915265147158,4.86968706443365,1.89231571619997,0.738481201095519,0.10927435952136,2.34233529825014,1.08914049328755,0.428938382566148,0.226072030470595,0.475837035361639,0.0714411354430493,0.0152000092390659,0.0401711812767299,0.0791986702644959,0.0203190306377466,0.0496349351342979,0.857962359557933,0.148023655080761,0.0249930021126417,0.187636026604269,0.972602258625997,1.09744906304795,0.223136101418612,0.357808597087323,0.961722270264961,1.14972932658227,0.140081204791088,0.0414388631362118,1.74179078113372,0.364772209467093,0.90724953158145,1.91369187936936,1.32283024663287,0.0464467586775853,0.0158221064162608,0.0169669629469654,0.0599586872419611,0.014581466787502,0.0167064877319701,0.0117907346398838,0.022515220798885,0.044175895057363,0.0699830085234365,0.023452475315769,0.0370030791573187,0.0119635939694642,0.0638415714705104,0.0664476845206368,0.0158323572949805,0.0477778059365179,0.0400977496979482,0.0639138077921376,0.0270538300205205,0.0323937855457339,0.05567562882873,0.0513369366965595,0.0263551543466966,0.0392613661488899,0.0391337763521708,0.00401066026648203,0.0086763721143088,0.0721426659795975,0.0154251735852503,0.0232685467404497,0.0688040037690766,0.0469668688771727,0.0124333825231884,0.0424736779160587,0.124277696603868,0.07882309426461,0.0848539459714599,0.0394654960619197,0.0679983482031393,0.0912881122062886,0.0138281808481233,0.00570845733382813,0.0442939983443652,0.0541752526825328,0.0106244393648625,0.00694372465647279,0.0332102228126263,0.0257267026047538,0.0152444698864041
0.0230473504610581,0.226592967524269,0.0196918786023332,0.123610926062056,0.0539412573849412,0.103771505708159,0.287791914651695,0.123188021485491,0.152871755505905,1.08207730672372,0.359204323016563,1.72054835408679,0,0.0807784956965293,0.77399390805805,2.52028772219766,0.605691752872333,0.298366596782858,1.23730570324144,1.01089999902237,0.815321585231232,0.64444998333589,1.70532011869513,0.255511813990238,0.00183969361048757,0.0211705642811477,0.0216949349859859,0.00429145896961856,0.0409028998479104,1.17277527137957,0.345354318751314,0.0929999116339418,0.0560994855528111,0.170437080367132,0.446148621613775,0.30849280674035,0.0756041521523895,0.320902723639013,1.55612821996355,0.302713613697271,0.026484768538669,0.391136812728204,0.241224749020368,0.200360744532157,0.314828827413143,0.406624309661949,0.178932552641656,0.0542342676721848,0.000196060167366716,0.00875623245740281,0.00635134776561528,0.00145659178005115,0.00188191954481524,0.00101484538248788,0.0374432237711037,0.0109271618690764,0.00151302584444873,0.0152415282007863,0.00779446190507904,0.00977566244461078,0.0334599324860561,0.00208288173732349,0.0104107782908148,0.00817731148853668,0.0361920102181805,0.0160830773168388,0.017081283685399,0.0326165885597369,0.0252726323600017,0.0117186969904728,0.00727478625515443,0.012147023066794,0,0.0086792236141513,0.0160440421057658,0.00124716558464988,0.0228406800297285,0.0594990979508081,0.0444043594811206,0.00191289407026954,0.008088571087403,0.0297436896682632,0.028308670152805,0.0313882481922167,0.0100632166432327,0.00926974887894309,0.0468804018865272,0.0203084494163513,0,0.00412718729676858,0.0119125758376635,0.00450380029100339,0.00736675357688021,0.00950281854448509,0.00375588514086034,0.00496441444973361
0.0737576974636762,0.438098215495514,0.0150814655303258,0.189768696642951,0.236117026582382,0.229152249662033,0.11047765341156,2.83077706563956,0.186903234760021,0.176566451880428,1.46669965599787,0.444915265147158,0.0807784956965293,0,0.575288177230792,0.16374397999716,0.0918562971166197,0.0168364574720695,0.167317728353618,0.0632405181783131,0.049059296425425,0.0283188659973702,0.0564924538071458,0.0225333162027438,0.00844348921753557,0.0313483848143403,0.022908759382701,0.00800384978256716,0.0337189130625184,0.16516160358209,0.0198416221889354,0.0287199774525089,0.619333266976283,0.583916403896268,0.0986826584817857,0.0191713119963139,1.52646361591867,0.652092938558938,0.254821455693157,0.026809860811115,0.132023082686137,0.232696868647994,0.0355528668962828,0.640753092391421,0.0942759989736163,0.0910047812077353,0.00562299210078443,0.00377063801984658,0.00174599328624248,0.003664816592318,0.00388440055984636,0.00478923467075123,0,0.00684151957956886,0.0163458811062324,0.00595779635329091,0.0284048874106824,0.00288808882840941,0.00483868787205283,0.0111915652050168,0.0102345413072175,0,0.00429985508084917,0.0168074543494873,0.011094401828176,0.0023922983352162,0.00813097801893468,0.00675467913044708,0.00597042946736744,0.00352311106753246,0.00647293831108252,0.00557358369620891,0,0.0149719399797898,0.0134916545609752,0.00444055154998599,0.0120310770842151,0.0143319998054542,0.00717114734755492,0,0.00484356240619767,0.014592634216613,0.0121299176857805,0.0127168736188856,0.00979815218619839,0.0171323889183985,0.0285555355487681,0.00218092460355464,0.00364039618628326,0.00537895276403053,0.0100078512994399,0.0129618276772278,0.0132950470015558,0.0108943135999176,0,0
0.0422900957260908,0.433373117336132,0.0338336197458317,0.240224697389419,0.161769468156076,0.201596092097056,0.2432709213174,0.560796806680993,0.413495092278866,0.752751382130934,3.21369018505316,4.86968706443365,0.77399390805805,0.575288177230792,0,1.47546100980857,0.327559502809782,0.107586542290452,0.564787251264917,0.44000839068067,0.278259190883809,0.224018631947845,0.483669877659879,0.092137609674941,0.0183132397424333,0.0495817112807798,0.0969842245610268,0.0172211713228059,0.0403532286868185,0.629157057507439,0.14912263609082,0.047509073602998,0.200046200568471,0.894595502139597,0.653152537392557,0.249449734868278,0.538018703449014,1.61099658339681,1.3047601983584,0.112573535959279,0.0432195660047808,0.489058308816194,0.132313167653038,0.533116690507341,0.275419003170353,0.212811265351286,0.0494584421843173,0.0212701523067083,0.0119336579550596,0.0603398294424402,0.0199527697592043,0.00880065064480685,0.0124384742258008,0.0175988904908167,0.0429015552524672,0.0563933453055827,0.0417330209777002,0.0498696639986831,0.0238398006380205,0.0840805748298971,0.133751840840434,0.0139670570593283,0.0583901006138633,0.0561543871413187,0.0499651229953918,0.0368741972199895,0.0494676951830671,0.118207634045778,0.0704984099419167,0.050853810933634,0.0598704855943464,0.0362915438620638,0.0142385201034421,0.0213146739767401,0.0739794065599606,0.0166281686368996,0.0223071796162586,0.0739143107049822,0.0669490467687292,0.0140328014572036,0.0426629264364736,0.126694180070704,0.0876015941584891,0.0962843641518927,0.0435280031483503,0.0553176298319549,0.156324041510782,0.0515614643731915,0.00996082052207758,0.0325069874387419,0.114080573281805,0.0301341649449041,0.0261299910923137,0.0438762518768766,0.0214048317871925,0.0305167772237271
0.0195735219347588,0.298764099012337,0.0234916372753943,0.128795527315884,0.0687689946105642,0.169915625523482,0.224977993889579,0.159409252201977,0.186115218177306,0.858028699479547,0.640667141465172,1.89231571619997,2.52028772219766,0.16374397999716,1.47546100980857,0,0.46916577538195,0.29532964007422,0.780836296062002,0.792531115183797,0.568195253921162,0.71067969460782,3.90716165285726,0.386732258312457,0.000840399017207449,0.0235782825135827,0.0185840075540092,0.0147787049304871,0.0454394450061286,1.38093018173142,0.353634472825414,0.14919947189558,0.0844321350656171,0.215240960742308,0.595562830809697,0.415075714846311,0.127876794085434,0.706470806151363,4.72863091310946,0.78630986749881,0.0336276466877255,0.395375296799031,0.196810209024075,0.321305639028996,0.336472957893008,0.353339253136712,0.183110515174459,0.0911999225461435,0.00227509712373154,0.0142540016743109,0.00810763224943576,0.00369183608027653,0.00185251557186961,0.00291224584776234,0.0362292608809791,0.0123891062972768,0.00410802026005955,0.0186000557650396,0.00411995833959077,0.0111549203469322,0.0298631800768142,0.00660425859395544,0.0108220819548448,0.0141414954508054,0.0292189631201522,0.0358480066968359,0.0186668334788851,0.0194240374818888,0.0284915503865347,0.0161557193454802,0.0166132751470231,0.009763794351488,0,0.0150213760527791,0.0231267878489864,0.00213744358995657,0.0117122711883979,0.0808066375774247,0.0399246101807741,0.00387796823772776,0.00556888432976932,0.0361306709523879,0.0169003415564149,0.0237248275000667,0.0092885998303163,0.0152633548047961,0.0379142266617262,0.0104340009120182,0,0.00426046474911213,0.013849737227159,0.00746384963571755,0,0.0102168138426954,0.00617478449873624,0.00707534833455713
0.119423032300963,0.359770368665415,0.438439762996186,1.55655281342429,0.210033356946695,0.357482625580806,7.23829162332955,0.30631759270688,0.250113747521139,0.779414694190191,0.399317176229781,0.738481201095519,0.605691752872333,0.0918562971166197,0.327559502809782,0.46916577538195,0,3.90138186757133,5.07768240755595,2.95350328698664,2.40968395136655,2.1551166909065,0.939507874414337,0.26131409451856,0.000661816299657836,0.36928580286178,0.0258679167807325,0.0413594787828673,0.161939624979715,3.50808319800951,1.75001389783383,0.175465224213108,0.103379600180497,0.110902824434695,0.211271290162086,0.2414929912125,0.0431332095555734,0.183186783640246,0.516488362987799,0.202519933579229,0.0768843617581811,0.830487060684838,0.361074279263598,0.23788468981607,0.3550812557154,0.384787420838177,0.147276192179185,0.0823271757636704,0.00268800487152524,0.0120740727585281,0.100881193806399,0.0177842864241029,0,0.000346819433080309,1.21672042428417,0.00763431841738681,0.00144253905105536,0.0100739042010699,0.00242969839530045,0.00808021063032794,0.0123429758265925,0.00125843338604528,0.00842836999059849,0.0023155137122759,0.744197119706613,0.325305434303248,0.0414943980753643,0.0304023812775819,0.00972624517809184,0.0177333349549987,0.00389416536058651,0.00916752186505346,0.00181915159888042,0.21631576930844,0.0117142168823101,0.0272767713657337,0.0666194563140544,0.641661964961275,0.307713245478091,0.00152390906485295,0.00527139324988846,0.0134896861928328,0.0537784251188362,0.0268224132865383,0.000460079179184076,0.0229226327282997,0.0100265118062821,0.00456156690775744,0.00125737576900729,0.00845043888766626,0.0390124795444793,0.00364042148334356,0.0101525375076352,0.00938848906482232,0.00387089578877499,0.00100570137361827
0.014839358571586,0.0772742349039467,0.0674568574062057,0.105742536552714,0.0233117470042504,0.0546973796819686,1.07086566875031,0.0583025128609963,0.0286610948725165,0.113271298942236,0.0658147141853092,0.10927435952136,0.298366596782858,0.0168364574720695,0.107586542290452,0.29532964007422,3.90138186757133,0,0.56128108365137,1.13839774113516,3.25191305719548,3.31814185038135,0.71245592805899,0.324558427236095,0.00162521714867551,0.109405301679274,0.0158268332984524,0.0210195277402184,0.0857037777124627,1.59409171502235,1.08943990655334,0.259243259459022,0.035555220873175,0.0423012911001575,0.102212097421575,0.206468776495573,0.0105334128037614,0.0842283485433634,0.464015682795997,0.20367402313512,0.0112397066917745,0.101212180179444,0.104580779635077,0.0490525566158219,0.0577345637771893,0.0891791885764895,0.156137022521727,0.109916814554062,0.00179052037861572,0.0137993452047631,0.0251253619405967,0.0114070261307314,0,0,0.269569388410978,0.00173670712643872,0,0.00589678410568328,0.00129210753186705,0.00386098610059682,0.00410072406694596,0,0.00426529028261114,0,0.24175455480721,0.175437582393924,0.0186761666014807,0.0206690671994319,0.00984312433343247,0.0188759371951682,0,0.0134318141620367,0,0.0674296867496984,0.00536754809621894,0.0162036712289767,0.0206922707631316,0.285884287887549,0.171232743113268,0.00839241995809502,0.00110261651219046,0.00512195734649998,0.0222506120309645,0.0191916142126664,0.000853829068204873,0.0108104764193858,0.00409608743448642,0.00421246497684316,0,0.0038279673088052,0.033535752822723,0.00335075805937567,0.0106899182960386,0.00142433432377126,0.00769025774589426,0.00907425452016573
0.0393744726408816,0.350002849660511,0.0589874618117583,0.561508107565797,0.135711009156923,0.231652699160507,1.20082003707803,0.256975152419789,0.994340125427882,3.31234530923514,1.27490620358983,2.34233529825014,1.23730570324144,0.167317728353618,0.564787251264917,0.780836296062002,5.07768240755595,0.56128108365137,0,4.95544603823716,1.52014023415101,0.576178197380725,0.37840850680063,0.0783000841499771,0.000798798622157371,0.0606892734661315,0.031320276766467,0.00811861405096212,0.0323407599000291,0.956558993655201,0.165898310507621,0.0676263806262318,0.0524710415369811,0.20047427593241,0.398655574317396,0.0880604436363232,0.0838841861058584,0.283751954113825,0.406069189580592,0.0497197210242612,0.0699547530896916,1.91559023153612,0.702292642623495,0.529323155149372,1.28361064920251,1.14587783382059,0.0653734892264132,0.0150265203419003,0.00070925511200305,0.00590080474476114,0.00752630805780391,0.00259230170648043,0,0,0.0255864865517792,0.00599320149622308,0,0.00563967407589058,0.00270161339684083,0.00296070730888059,0.0117822919261383,0,0.00133389892232447,0.00328654437320282,0.0224091293837278,0.0136008771300447,0.00683979520500613,0.00555025073321591,0.0126835932239889,0.00211350994984632,0.00560968368098183,0.00338986132316837,0.00331888968826122,0.00905252564950325,0.00985438341735355,0.00063727154177207,0.00575685093253168,0.0618871514107567,0.0279086497231639,0.003596905560136,0.00451514894862064,0.0154992699117896,0.00118907659295148,0.0116011141710048,0.00156697152035876,0.0042181132268817,0.0164078035164397,0.00273243844181764,0,0.00239573262005506,0,0.00234645885687668,0,0.00480960157508965,0.00562674011758972,0.000639867598951953
0.0216213504988014,0.256352016932845,0.0474886020853345,0.223247316212211,0.0799346272422924,0.105615876298188,0.61080622755134,0.12412058472389,0.165163351379979,1.14035418746163,0.277120198619581,1.08914049328755,1.01089999902237,0.0632405181783131,0.44000839068067,0.792531115183797,2.95350328698664,1.13839774113516,4.95544603823716,0,2.20821874692065,1.15257979821385,0.705656909332126,0.1929756786567,0.00165167369344621,0.0337875223660089,0.00977262231103047,0.00445202423241578,0.0290577050249264,1.12445032237402,0.346157909877004,0.09236361817695,0.0566581419580109,0.102957205667486,0.314027832802272,0.176428926201096,0.0420861461201589,0.230059465981015,0.613015486100519,0.155341594520221,0.0383881552146281,0.521430161901439,0.280268436324328,0.194869074439907,0.365692541114778,0.411439722088152,0.0870909507289932,0.0420588323081439,0.000406963756226382,0.0083250300435369,0.00775798957019364,0.00303398920542919,0.00415941150829748,0,0.0622277048652631,0.00932365855841289,0.00329289369635402,0.011898576029482,0,0.0116828590251727,0.0219088987822237,0,0.00260775355273021,0.00753821499239714,0.0483240231373572,0.0310337466287189,0.0119084239020009,0.0213457766920547,0.00636853016422698,0.0118877425378272,0.00624393558895192,0.0056842982271276,0,0.0221752047347555,0.00623204721269571,0.00446846204007987,0.00699350616590192,0.0754391624606874,0.0419314179856382,0.00195696816169521,0.00446487548576922,0.0102109069187394,0.0185514903611798,0.016431552484172,0.00142952120974893,0.0105616995620478,0.0227928364422564,0.00211827248256005,0,0.0103421006414925,0.0107710046932558,0.00245436866337545,0.00488244345419434,0.00656046884533351,0.00752469370349636,0.00263958651090977
0.00817877677101557,0.125822472656645,0.0498332321590467,0.139226973223827,0.0313952252871844,0.0841522381126697,0.539057350779786,0.0957366599828964,0.0585676434491235,0.33043177393279,0.185582688454997,0.428938382566148,0.815321585231232,0.049059296425425,0.278259190883809,0.568195253921162,2.40968395136655,3.25191305719548,1.52014023415101,2.20821874692065,0,2.98748865732252,0.980312342197581,0.237617637205298,0,0.0446723113267094,0.014349114438677,0.00912369147774011,0.0267908643402027,1.02935622754653,0.459274895166322,0.143915770217926,0.0399151277998761,0.0754532816790535,0.131360901190944,0.167190900573944,0.0458603608708112,0.185177818160184,0.510086790663434,0.169126761347538,0.0116218685529555,0.254708724297009,0.19824877009241,0.118472572191207,0.130756258347145,0.18537086878876,0.146054904517914,0.0605809043034045,0.000358591360162532,0.00274029567384387,0.00891983880955254,0.00134173591583515,0.000761185713476324,0,0.0681931032458568,0.00762476403870466,0,0.00146962325024574,0.00197446682924357,0.00672093767340123,0.00810617933083885,0.00547089797493236,0.00731554045506344,0.00351755739926346,0.0795883396975257,0.0605162611221552,0.00997880357717698,0.0114792081046851,0.00852681225153168,0.01023035677815,0.00199145722007652,0.0119538513791609,0,0.0191875913843879,0.00803981119599021,0.00868332497211887,0.0055842384614647,0.0999824229117741,0.059924348225805,0.00769266473501755,0.00742130347929496,0.00223678374004317,0.0175887998285656,0.017218007193502,0.00323383868475574,0.0104954727855072,0.010661713902651,0.00277884831009675,0,0.00660219959603642,0.00481617382622715,0.00236073609909532,0.0063519531698713,0.00202106035872075,0.00198953667397442,0.00423460876425841
0.0231250046503798,0.114577651424027,0.0462201590713159,0.106950430832741,0.0269906846234898,0.0536594911552357,0.632197620467516,0.0838657829394676,0.039511974201098,0.12054905067699,0.101356878372331,0.226072030470595,0.64444998333589,0.0283188659973702,0.224018631947845,0.71067969460782,2.1551166909065,3.31814185038135,0.576178197380725,1.15257979821385,2.98748865732252,0,4.29806075543588,0.676424093420281,0.00107775265322228,0.0322184290181676,0.013930507718174,0.0122667720793133,0.0570702066849068,1.45194231869294,2.0264653409556,0.708199976238838,0.0366269896023975,0.0646939956956187,0.129602395731291,0.344044221347149,0.0343728635409951,0.159911772180536,0.889836324378442,0.652075074878679,0.0146825040280467,0.131658970775032,0.127687115081211,0.0731979424606564,0.0571408532568453,0.0951555724271887,0.336827320706584,1.17873870137335,0.000766878428054905,0.00458428798674465,0.0254785183512965,0.0112377684495319,0,0.000464436444781308,0.13885464503489,0.00291862953384348,0.00131721026206001,0.0068299731782188,0.00234623803941857,0.00867746089959205,0.0146024718801111,0.00204741662310265,0.00513373994503144,0.00224236443632028,0.216827477240449,0.170106865863302,0.018206308500507,0.0248849414837306,0.0169426469017917,0.0765031086329167,0.00933266981944338,0.0184377165046166,0,0.0367319223977951,0.00592523944659391,0.013177257939399,0.025161234266517,0.165395942425528,0.222917453342568,0.0113287671564123,0.00265804661584495,0.0151668920962579,0.0315432600390066,0.0224226263768715,0.00299573497745,0.00994891806248175,0.0160047457461242,0.00906225269755005,0.000802283684078475,0.00203320725596245,0.00652334495653076,0.00196777384152874,0.000981298154030405,0.00264801684321352,0.0111744196296237,0.0200457138857194
0.0244709668718866,0.18859613425398,0.0286681318870711,0.112867632764535,0.0456493425886032,0.0818080435633913,0.396520836797776,0.0983616551957317,0.0534400662492832,0.259273853444959,0.176316232259641,0.475837035361639,1.70532011869513,0.0564924538071458,0.483669877659879,3.90716165285726,0.939507874414337,0.71245592805899,0.37840850680063,0.705656909332126,0.980312342197581,4.29806075543588,0,1.21056765417933,0.00188451919135611,0.0306448176606296,0.0222354764453437,0.00737606800536694,0.0629409007821606,2.03089883897447,1.10348968044811,0.718390953109095,0.0527729938486987,0.098684932034851,0.317868038007782,0.824242358303595,0.0632049394192384,0.379226326828741,4.08852997630049,3.74845680574606,0.0242740978511193,0.194163503429558,0.177046226463107,0.148868403688349,0.114850691755311,0.187544468984096,0.398685731723075,2.30421617069399,0.00167085496181093,0.00468395232693708,0.0143503110009125,0.00847345914422607,0.00326028216751147,0.00161137428771574,0.0853077102766073,0.00695884074942298,0,0.00576041596931161,0.00676132924807626,0.0157436844839884,0.0186564839134124,0,0.00442814616882566,0.00492943804980003,0.116003577273132,0.100445814942781,0.0233397680920653,0.0280619321643029,0.0265812583067763,0.0538941919129971,0.0129361331888674,0.0400648345138255,0.00109471212860679,0.0294600977880346,0.00847120169619958,0.00669500022451841,0.0227482910640311,0.185746021770651,0.166996717927106,0.031983516143189,0.00277934149917203,0.0116509752117366,0.0340015078064299,0.0454072595469236,0.00607990389383552,0.00788461845076878,0.0256419142160678,0.0248422453053853,0,0.00602426475494523,0.0243089554469451,0.00643246748366337,0.00160144430512471,0.00743687556658622,0.0270733753643038,0.0506801218248644
