0,1.00136898669906,5.15950885887336,2.80099444641154,2.00672657670652,0.364010989888502,0.262970522868106,1.11997451696274,0.0957167421736587,0.054559827010606,0.119437709359502,0.120637745494269,0.0148409002776032,0.153478357057906,0.0792387333219066,0.00998300242170138,0.0608653973236317,0.0189010621668472,0.0220754069955989,0.0282379156198529,0.0160156895341507,0.0174302906476557,0.00624240150166215,0.00672704063179921,1.76083850736048,0.127563107165589,0.833763262044436,4.55136820607008,2.82153073658709,0.0761849308976618,0.0370201967530993,0.00342793379256701,2.13014986758981,0.273618036866087,0.0987764126711188,0.0290827403661557,0.0742075965784842,0.0615683586122024,0.0159231677491961,0.00710471918604988,0.478043837338689,0.216837783045159,0.0266628850701182,0.100938990530786,0.0272054439269229,0.0228780348194658,0.00283244024260132,0.00448266955696365,4.57769740140628,0.112698454370417,1.25391752507912,0.109032590392894,0.072517308843469,0.0273596872646988,0.0446628942502853,0.16314749984499,0.003156193849667,0.00178577708477023,0.00492966805543596,0.00202819700853868,0.00127163395662967,0.0107974248514833,0.0101489427291309,0.00123936384219962,0.0141211015237766,0.00732025604206839,0.00436894987508099,0.00287291807177226,0.00232433085050527,0.00581963073916679,0.00158958045573277,0.00317010311639104,1.45325265302196,0.103201934622979,0.429670918544451,2.12488578222127,1.23290321594255,0.0499271773212756,0.0324538280078025,0.00106390013984697,0.480912830071556,0.132215912364803,0.0267813015235876,0.0107226626731793,0.0126530462168546,0.0154418241773051,0.0091803983936312,0.00469459621497453,0.034740153740948,0.0125892623480773,0.00361740809076632,0.00536743118094968,0.000497712237899278,0.00204364418786249,0.000447647561589746,0.00265153489424789
1.00136898669906,0,0.266406367698874,0.302289882823018,1.71539588037831,0.84419774322343,0.716754045579317,4.10892823508273,2.06939822988422,2.16276104757037,1.77153565857756,2.49553814577026,0.423190799578162,1.33123606603772,0.906106506291849,0.140053635850066,0.607455686320707,0.207018410760604,0.557230506522247,1.0786351709495,0.417300008490419,0.228810788387153,0.0731236776759511,0.0152210813395701,0.126589283694649,0.0610666912048878,0.867121691371534,0.122005724454888,0.241848133866669,0.101623449222999,0.0992197003695693,0.0196151154974908,6.64086088460629,2.9990090560582,0.665607853976094,0.118765040620981,1.37599717710504,0.750245588881733,0.0794044746813594,0.0708324586456429,4.05646480495188,8.06793036566791,2.40176425132561,2.60608756550424,1.49676400980642,1.59201908328206,0.0074234348624538,0.0345943079429894,0.102320581856891,0.0292197309002056,0.0963816569045674,0.0393267751369682,0.0324408308041618,0.0135892992865734,0.0337379252249666,0.0348616200681004,0.0013322243411106,0.00448604601642116,0.00412564727472212,0.00294250244475313,0.00549444569916927,0.00443220881550363,0.00756155389555611,0.00659031059505313,0.0199792190516215,0.0144612283583643,0.00734729324091193,0.00582907013353762,0.00707972356749167,0.0169660032270399,0.00972972633232906,0.00514254604900832,0.0628941182647967,0.0354976620226952,0.181567208223373,0.0675204062553832,0.0975899899169833,0.0337420997577248,0.0433992872691782,0.0100638043520817,0.0842355483454698,0.0873051900933648,0.0589227066420944,0.0270070982038876,0,0.0136013094477321,0.0152463464700826,0.0126668926741784,0.0209850588483403,0.00672152893113939,0.00682923261425673,0.00330687594964535,0.00138113593412879,0.000874494694814522,0.00140340076768913,0.0099288964678014
5.15950885887336,0.266406367698874,0,5.5792239203744,0.230354901682218,0.337103677973838,3.33292433488007,0.0468972000527918,0.0284344486726712,0.0122892549782421,0.0148839109723802,0.0283605540721951,0.00872146952206067,0.00940010375199577,0.0215593816115635,0.00314397018266246,0.278541618760103,0.0669081154416234,0.0220833846217305,0.0245852946309439,0.0233662571690758,0.0312169128124984,0.00394104814366301,0.0168827722785688,0.086592866191029,7.36669042978382,0.189147241706706,8.26391287333651,4.7136103324865,0.727287590098655,0.201366065576987,0.00568046877181985,0.130607172381259,0.21559898640615,0.112798959778407,0.0541887332512099,0.00926405870397412,0.0206404606085044,0.0131230635362091,0.00887880347457629,0.127311746538168,0.113724006229123,0.0262922490793584,0.0180824490005958,0.00899028418569369,0.0114759194551012,0.00513116242229999,0.00275653311563134,1.79162479044081,0.139659229388976,6.50857053862289,0.361613925134641,0.113205650925646,0.0627759908223197,0.554127285682676,0.0401500758297873,0.00303589800710861,0.0022699436478498,0.00504695037468965,0.00643135408181062,0.00275587571346971,0.00686571554176485,0.00669604206863226,0.00205490619100996,0.0999186953858457,0.0427835274188619,0.0186276673186313,0.000983797843770007,0.00347309903604302,0.0152831694083059,0.00189430884815288,0.00621398387327268,0.136655755763841,2.35387858430595,0.105389604968369,2.86657515085669,2.07699085796719,0.373655058931589,0.160471262638955,0.00506246676974995,0.0971441153509015,0.0925750081099556,0.0363761965984394,0.021418064584436,0.00114255393340514,0.00601553285339163,0.00826218805228108,0.00362324309639223,0.0805093088616112,0.0404155381356383,0.00518833909443843,0.00670297603772073,0.000490389657925368,0.00229977013070334,0.0017344046943889,0.00634735266430725
2.80099444641154,0.302289882823018,5.5792239203744,0,1.53926288384918,4.42370360879114,4.65397762693966,0.0926009055030004,0.0506035980799513,0.0318018494439212,0.0265386599927176,0.0368645377262325,0.0135779008167197,0.0151577944730059,0.0256631166632373,0.00837452083658043,0.296585482495197,0.0337862341594428,0.0719678301658054,0.0449684411763222,0.0275353093015437,0.0301893409082961,0.00716999341865382,0.00125451520555846,0.00872097511035392,0.124835900053995,0.140783643442497,0.268383861627337,0.289318371453356,0.0520503208634278,0.0251418357504373,0.00245744605758429,0.133634201311292,0.206377132614538,0.0903024861096659,0.0161841243528861,0.00655413068069564,0.0206827720541024,0.0100863887415212,0.00403052377641033,0.28541260116431,0.142739525042196,0.0360454884252113,0.0376587544022766,0.0151262909259955,0.00979539173095448,0.0004088821908706,0.00246263054468349,0.0998107718549986,0.0526855443268247,0.302311568900533,0.166344969967055,0.0540130205407746,0.0377967349458691,0.0636951856117591,0.0205452647633486,0,0.00225296933958052,0.00162890706749504,0.00168773294681064,0.00200597437523274,0.00251707167282678,0.00193076835671332,0.000600585390092209,0.0121633557417496,0.00280453088953814,0.00319582451557131,0.00121846348740955,0.00263797073127819,0.00324805346536661,0.000201884924628758,0.000517614664937927,0.00964792728959371,0.08144310905462,0.0677668779049996,0.128603189891903,0.180493195963005,0.0203624212239232,0.0101268391429141,0.000313057113310374,0.0445528200191651,0.0364722192131434,0.014012262023052,0.00512986998982135,0.000814348587836092,0.00463634098624828,0.00226291961838274,0.00152754592909923,0.0347689651982746,0.0154898251837437,0.00035705145243356,0.00142404673211183,0.000326176424544772,0.000455674888383932,0,0.000615540162180517
2.00672657670652,1.71539588037831,0.230354901682218,1.53926288384918,0,3.15729182872518,0.850506443193909,1.04601788878041,0.522461803973168,0.258678696525057,0.440912314725009,0.285609544124205,0.0389608888282398,0.20389874275785,0.110284229321606,0.012840637336869,0.10564552856623,0.0102293989975597,0.0862421009858885,0.0641378492086677,0.0454289369448635,0.0232134546674062,0.00684632817078021,0.000847881177881982,0.0247355391257741,0.042190642006738,0.265224521799977,0.155430488748677,0.206522208815546,0.031566934355926,0.0100135320232169,0.000944751326888989,1.71751670488309,0.206911953056367,0.0956184812844535,0.00602348520585647,0.0553665684234677,0.0544503969253296,0.00564066756679766,0.00518895856617285,1.71780465346985,0.765277116063094,0.121534619971491,0.338459414226435,0.0914557161810777,0.0810684552445515,0,0.000929423635167983,0.0807235686457651,0.0376903140290238,0.0846641511777476,0.0352173210177116,0.0483481534770656,0.0165557481193461,0.0129925960193659,0.00915256696694286,0.00112162735794857,0,0.00841590423319974,0.000818281620388328,0,0.00696488413175593,0.00193578490028121,0,0.00321804749108848,0.00244153020474982,0.00247734324766907,0,0.000668125378013813,0.00150452352876427,0.000784225337406637,0.00131489343046538,0.0436437444638087,0.0326324751791973,0.0740615177958725,0.0706666880941348,0.0859623943130439,0.0034174753105633,0.00733181582361608,0,0.0382574575524104,0.0197798316780134,0.0207128914447585,0.00717536505389106,0,0.00487474889034865,0.00329855610674634,0,0.0230961126625506,0.00644163162420919,0,0.0138852166599973,0,0,0,0.000663785366378272
0.364010989888502,0.84419774322343,0.337103677973838,4.42370360879114,3.15729182872518,0,3.4955634494758,0.641967563664272,0.553943315759064,0.313594330015665,0.48822476921239,0.394509778726414,0.0648057238209433,0.0946040044878835,0.118551558770523,0.0320468518748559,0.263830831446494,0.0420941718412237,0.166464994792102,0.107656429347823,0.0525020833886253,0.0461824572566197,0.0103062064324774,0.000669971397271124,0.00154211201591221,0.0544234250622566,0.131676947150152,0.0626655489125821,0.113845689425151,0.0206499683462228,0.00663911234434737,0,0.283259600784375,0.21426461906008,0.131429535624335,0.0108995171586618,0.016444014475087,0.0505467786169116,0.00990376375422432,0.0030413643806175,0.661674734697725,1.19745477472332,0.193055912382166,0.456145951418486,0.156674236279756,0.137409503035586,0,0.00693945834596685,0.0264509801985026,0.0348351050100749,0.0831560677395772,0.0680394805094469,0.0244856916051955,0.0158974070190323,0.0188939695856209,0.00529692450708118,0.00110302123734418,0,0.00336369804278876,0,0,0,0.00068583240429923,0.00254809653989085,0.00353137877756035,0.000541781193881929,0.00251380491023967,0,0.000885881835653371,0.001441537516299,0.00215742718727909,0.00733208755669423,0.00684592119941096,0.0522555382837703,0.0556431223219846,0.0409674783056082,0.0545301618530239,0.0117705314412663,0.00722629759384563,0.00116039186218631,0.025679159854107,0.0237446228964957,0.00982768185580804,0.00421264006280087,0,0.00606928875422442,0.000813271071984784,0.00122360849955791,0.0170641543549459,0.00567211484326344,0,0.00133381667659821,0,0.0015579009570636,0,0
0.262970522868106,0.716754045579317,3.33292433488007,4.65397762693966,0.850506443193909,3.4955634494758,0,0.297604573348693,0.19877441793503,0.236247493258953,0.118847904680979,0.256554188857245,0.0523473331785205,0.0398572748198402,0.0530064170523078,0.020786587769729,8.99878672792288,0.661696151338869,0.920769158315905,0.313056963579017,0.177416822078151,0.237879331549581,0.0139118363845955,0.0275653786528869,0.0058308750155481,4.34140178359533,0.119075685178285,0.404720884977459,1.69542603696374,4.39462915162727,1.53510867061476,0.0244508234935082,0.191605343681333,0.442446193410585,0.286307976416029,0.060692128322944,0.0267674581675736,0.0572766516014854,0.0230893279671267,0.0107315798972948,0.205534703319016,0.662637111504456,0.237368532452658,0.176453566974929,0.081185999947996,0.124048642906999,0.011127188428825,0.00665038354217874,0.0505414078096878,0.0636274924174281,0.890833311067801,0.114878319280109,0.0152822983494234,0.018984129917811,2.6151009223162,0.0166078824801593,0.00304062080406667,0.00476843491831298,0.00376189967358884,0.00469503155942637,0.00502104051415481,0.00213024105155598,0.00669427599514695,0.00434061018567923,0.738967228996463,0.189738793650701,0.0271487085964775,0.00556670853027955,0.00572210611040087,0.0634374781478168,0.00641682358351575,0.0135482121278959,0.0102284575479902,1.44314956270379,0.0587190501368785,0.209843348815937,0.731191700317633,1.24820984219042,0.688557767025081,0.0152421102775583,0.0332985118434592,0.0567505472415624,0.0608792175881928,0.0352118409074823,0.0022237764978557,0.0122473818214993,0.0114005176435516,0.00407074634057164,0.0165821552648747,0.016070249228214,0.0134390475005633,0.00549061716704339,0.00434484404905275,0.00633036460512618,0.000549028469561414,0.00525412638196086
1.11997451696274,4.10892823508273,0.0468972000527918,0.0926009055030004,1.04601788878041,0.641967563664272,0.297604573348693,0,1.27713549869005,0.549359314652068,2.52914229112067,1.73123973500502,0.14209194118188,6.35547873391365,1.48189078613007,0.116679397183335,0.160548240080263,0.0416719108443988,0.0928316606061993,0.170053598099395,0.10241723668356,0.083411759079878,0.053168059280306,0.0218827726647542,0.197886466718116,0.00917375924416167,1.00414699719665,0.0598304641550137,0.0985901067960256,0.0464073552439108,0.0487340202879299,0.0110137909764249,7.22779421342502,5.10642273402118,0.480243640746384,0.145533222713794,8.00244262643217,2.18091476627971,0.15716482994163,0.0701844762404159,1.09275947788639,1.50507710946657,0.295936236580126,1.2809063366791,0.312470283193232,0.252522741404885,0.00604874558898233,0.045499000533101,0.111736850693013,0.0308177002154838,0.0219392382931479,0.00815594698207381,0.00494654179128019,0,0.012590545356545,0.1495087183462,0.00184047715776424,0.00297663481760205,0.00206886325040331,0.00436634452833908,0.00672038558093793,0.0090058942453314,0.0164338871712535,0.0109227972919876,0.00872110114026257,0.0111385077045967,0.00389973250095331,0.00638315318521095,0.00421048373025248,0.00820848231314087,0.00886814248781259,0.0113714896159458,0.18370750593123,0.00888168300857073,0.33741271022829,0.0434542396214265,0.039934707978512,0.0200379948343205,0.0273562000665448,0.00973082449268345,0.161046693799045,0.130657121472783,0.0320875887114689,0.0312771372270814,0.0203340321059519,0.032741167973342,0.0120330389663178,0.0138123030345776,0.00585323291430326,0.00708501145439559,0.00124600859035479,0.00560123141154792,0,0,0.00177431162654657,0.0123428589191774
0.0957167421736587,2.06939822988422,0.0284344486726712,0.0506035980799513,0.522461803973168,0.553943315759064,0.19877441793503,1.27713549869005,0,1.85112360129848,2.9165041146243,2.43874958057684,0.217551936465498,0.9787426852612,0.749881719596135,0.113247140717158,0.195876751835312,0.0319089091858338,0.187293377825894,0.314186145793186,0.120740947739991,0.0444748501942906,0.0226713541414256,0.0130044348983631,0.00832264167989365,0,0.0397385665661723,0.0161960792783489,0.0230339212688543,0.00918620636621496,0.0165307331703522,0.0117209557511013,0.511592879846619,0.200884492229597,0.141734266325145,0.0285795256414916,0.185787630437604,0.154240449125058,0.0244275674614421,0.0162981479011782,1.07342723060559,3.09044167240045,1.01867360333203,2.06115807936285,0.984167856410182,0.823237584840035,0.00218277189619281,0.00840538859124735,0.00912574568406386,0.00387859754060757,0.00815988786478414,0.00408437310481658,0.00152887612026753,0,0.00227834818437497,0.00217444772068673,0,0.00148504943715289,0,0.00108087431710742,0.00393612940640295,0,0.00282887613484114,0.0086394487716452,0.000746666090047601,0.00442095272540516,0.00348129177891005,0,0.000819431295350399,0.0026347531259172,0.00229631782153695,0,0.0146308961558564,0.00163462490381167,0.0157099160997815,0.00241440053451641,0.00961220010737163,0.0041700452560166,0.00813632288963549,0.00174571135515734,0.00184627754420666,0.00234649884672079,0,0.0061978820015514,0,0,0.0169641297144655,0,0.00242140352242617,0,0.00626179988909464,0.00199627956343387,0,0,0,0.00419735522310847
0.054559827010606,2.16276104757037,0.0122892549782421,0.0318018494439212,0.258678696525057,0.313594330015665,0.236247493258953,0.549359314652068,1.85112360129848,0,1.32612116322149,4.50869667686548,0.976138446798162,0.311558815942551,0.771660719895872,0.158596416702494,0.43692459765677,0.100243873720213,1.47203095114909,2.97395486933675,0.677321350342093,0.132085824521175,0.0697108502462631,0.00588608732091389,0.00112767896000643,0.00137714657690564,0.0307819232457406,0.0118290696963916,0.00742162705180287,0.0191656709598852,0.0548196526679791,0.0168863660420292,0.267558374265312,0.146768325487249,0.137070495787586,0.032955207880404,0.0747263249432788,0.202100494052105,0.0243003798243955,0.0191537175451589,0.44478694452209,3.74316415512554,3.9443098900907,2.3848773156824,2.15849371788299,3.25189535661669,0.0121503400664352,0.0162279793529236,0.00212014808493237,0.0075935115887715,0.00855966153331383,0.00327946007396654,0.00206346136716203,0.00144786389093934,0.00838302032608712,0.00261333652523826,0,0.0118823202620637,0.00344473938731304,0,0,0,0.00242850881873209,0.00338088028681952,0.00370929410949042,0.00372305346225489,0.00508500098623527,0.000662588372512388,0.00390013697584388,0.00470800577881899,0,0.00146670381040098,0,0.00186912360506525,0.00924303642505387,0.00328879911360436,0.00658079545248146,0.0182656903621065,0.0177699015737731,0.00177005114693821,0.00639907642262672,0.00708223013918614,0.00615085143736325,0.00385446497026869,0,0.0139079903261921,0.00897547031774534,0.00519214193125755,0,0.000792956175259221,0.00119859823691892,0,0,0,0,0.00249423015453015
0.119437709359502,1.77153565857756,0.0148839109723802,0.0265386599927176,0.440912314725009,0.48822476921239,0.118847904680979,2.52914229112067,2.9165041146243,1.32612116322149,0,3.50727905426426,0.281758449897566,2.89753222203763,2.87793219205451,0.230550942910176,0.0818694279167819,0.0387804768874511,0.170308074388411,0.237702562431557,0.122919424448858,0.0725907980310541,0.0557967125572943,0.0226557826152372,0.0128753935332735,0.00437392638161405,0.111506627425094,0.00869019788412378,0.0343425953708054,0.0191398498206713,0.0375899532641024,0.0207554894793975,0.783944712067894,0.774283239995238,0.284294876638826,0.0856796798532823,1.2600037502246,0.674552510639617,0.121796483741533,0.0839431961058279,0.715177393687885,1.40050215971139,0.622711153471523,2.01718955622759,0.660296833374924,0.440887161367648,0.020769377584431,0.0569279735035708,0.00854696604699037,0.00855591000757395,0.00468882046421792,0.00558333858090947,0.00147939282630896,0.00636855860861207,0.00625882591836571,0.0027973714792043,0.00332369482884903,0.00171513546050243,0,0.00139044044131191,0.00856544907565879,0.0061251378549141,0.004945468716266,0.0096089516899836,0.00255854541336031,0.00678634416579006,0.00222027443726776,0.00431407446321698,0.008471106934708,0.00509187898900142,0.00937249983024589,0.00898827188510123,0.025087004979826,0.0044493811209631,0.0344116062828528,0.00556913681392886,0.00574518093963227,0.0131518835712217,0.0222393676045527,0.0128485831588016,0.0193878590783573,0.000728656220223986,0.0306830947612592,0.0251625929775656,0.0158923481822867,0.0154557030851216,0.0230679072252896,0.00656126822214999,0,0,0.00293883314649962,0,0,0.00223586313810786,0,0.00799835011848948
0.120637745494269,2.49553814577026,0.0283605540721951,0.0368645377262325,0.285609544124205,0.394509778726414,0.256554188857245,1.73123973500502,2.43874958057684,4.50869667686548,3.50727905426426,0,3.99984709902016,1.45259953522393,8.0355533032669,2.6229014170343,0.317706512660589,0.0895737219501397,0.593232875849093,1.93950894757406,0.706315939228724,0.286870009141612,0.241957538738762,0.0432161438550259,0.000832240707968113,0.00452138577234031,0.0485463995719329,0.00672504918636657,0.0179713923895189,0.0755630471604586,0.138511886800036,0.0441612385283987,0.483148946854714,0.462720295131348,0.310117511591107,0.131210659806991,0.236064105866811,0.583474979734401,0.126719675089024,0.0887818512432564,0.443663430114991,2.99629718615677,2.26037834735272,2.89138717499276,1.47145716498918,2.20523422620911,0.0208036979063576,0.127083878631724,0.00854022578835888,0.0188664658927768,0.00955258393578158,0.00537660956751252,0.000841627587863991,0.00047063127877534,0.00639307864604899,0.00954013987405054,0,0.0061513526602977,0.00143880001782469,0.0083320402971417,0.0119411842127109,0.00254299917116751,0.0101671919708606,0.0130282900795333,0.0123999264022972,0.0187086014239184,0.0026861514619015,0.00558336671845416,0.0114936413691531,0.024090904469069,0.0220892585654471,0.0198579153080318,0.00579160162988354,0.00502712157056328,0.0225910597755245,0.00510352867873314,0.00696614816287389,0.0296201377853588,0.0550445217377657,0.0200872629754398,0.0111281438762017,0.0118185314345576,0.0157690532428494,0.0342221748398292,0.00276705158224129,0.0193980267009451,0.0228628720254922,0.014855709270696,0.00119166776176079,0.00265913100872111,0.00615050299717357,0.00482937521530519,0,0.00201735242201569,0.00510167049426097,0.0204686193397253
0.0148409002776032,0.423190799578162,0.00872146952206067,0.0135779008167197,0.0389608888282398,0.0648057238209433,0.0523473331785205,0.14209194118188,0.217551936465498,0.976138446798162,0.281758449897566,3.99984709902016,0,0.118374387442377,1.76542955526221,3.45612110056453,0.123779447894469,0.128654260108313,0.43680305236224,2.63619135152468,2.62767608200982,1.05581408532545,3.39105186864049,0.106620361564917,0.00129352013497566,0.0041003027708745,0.0249954640438497,0.00285652888326238,0.0046986237103448,0.143630296678823,0.201417538686528,0.136681114646169,0.0907481584798214,0.178744808647667,0.265248672419116,0.113058192309243,0.06152112427777,0.128901962153999,0.120753856204927,0.111536911508936,0.0438551525866625,0.529208105452212,1.07804860309866,0.258872371350934,0.29943735468197,0.673682870166177,0.0344003005792885,0.238687528238372,0.00267288190842838,0.0112509712557476,0.00248620972134439,0.00120524451082214,0.000643242783342046,0.000913725774107935,0.00750402822091356,0.0061839690533387,0.00337718514456313,0.00912778431104325,0.00158390842798465,0.00422654375516612,0.0139970908880268,0.00430537992747304,0.0125944708041204,0.0381673384182114,0.00813180003819897,0.0213913306561317,0.00197259249741838,0.00467556581622793,0.011647710254097,0.035792202479305,0.0460286366891433,0.0363696712332017,0.00199569482157844,0.00521643405246191,0.00349267033204208,0.00285552558146901,0.00533543597728497,0.0649629845264052,0.103320891786386,0.0292613802045983,0.00628384856120229,0.0171551168714735,0.0446521281216167,0.0575669901604679,0,0.0236975373224987,0.0608520067191645,0.0288640873621547,0.00107950759979115,0.000437467989403612,0.0124524024199381,0.00482835012487427,0.000887564896556864,0.00305498256047088,0.00577548392711984,0.0311684097231724
0.153478357057906,1.33123606603772,0.00940010375199577,0.0151577944730059,0.20389874275785,0.0946040044878835,0.0398572748198402,6.35547873391365,0.9787426852612,0.311558815942551,2.89753222203763,1.45259953522393,0.118374387442377,0,3.04275203279828,0.145288273800382,0.0265438195519835,0.0339184092809997,0.0575579353966352,0.0812168989916301,0.0888374051384974,0.0438125109397614,0.0659583232360554,0.0566985517204528,0.0870819476138772,0.00238431768579095,0.363887716600931,0.023627936042876,0.0261272949662416,0.0431845926171499,0.0525936918284458,0.0337731259815516,1.83741077205272,2.29763282314997,0.597794870554577,0.144775652874613,4.58693837379434,1.99243825871343,0.262343967572032,0.137974975545587,0.310073311727411,0.502707522248637,0.213464354647829,1.07026496936168,0.309046505737604,0.171770225816373,0.0338490427881473,0.0525652427781282,0.0208530351984489,0.00340357738139478,0.00194992346168481,0.00464414736538021,0,0,0.00528077304959631,0.00977569782010693,0,0.00407175433924989,0.00693803057735898,0.00782133614852937,0.000772805330110538,0.0091045980753629,0.00834457595972216,0.0113540404223767,0.00210825866351143,0.00618732373316484,0.00259645809698167,0.00513867099024887,0.00170684699299337,0.00931218042069303,0.00837221345335432,0.0145646955997264,0.0622042378898081,0.00250191642786898,0.0995959286684684,0.0178666531556919,0.0111348383312037,0.0109007692150079,0.028422875556622,0.00671808510567508,0.0289998795513036,0.0249068174074612,0.0292878726177398,0.0251906079529602,0.0074903596596112,0.0145074163543569,0.023664440051447,0.0183181403093635,0,0,0.00684616720785891,0,0,0,0.00307658555636636,0.0159156021847054
0.0792387333219066,0.906106506291849,0.0215593816115635,0.0256631166632373,0.110284229321606,0.118551558770523,0.0530064170523078,1.48189078613007,0.749881719596135,0.771660719895872,2.87793219205451,8.0355533032669,1.76542955526221,3.04275203279828,0,2.58319808533403,0.069091713226812,0.0585422873713195,0.0670440019447558,0.324374906581057,0.236724250501348,0.188725751966442,0.41548825196199,0.283201752102048,0.0292314667539068,0.00351771375406359,0.191328724946098,0.0168185180484566,0.0320919679490803,0.272100598700682,0.27295286852352,0.176969221638575,0.555293211711493,3.23974819438162,3.66894644752013,1.58732994925214,1.8061154681748,8.23682279787849,4.10014279184495,0.923761290803454,0.153963074452632,0.464102980862439,0.292944460080381,0.888260970101494,0.199683282838693,0.22568702729236,0.0704203402739638,0.234635814759058,0.0106131583473312,0.0171954965474413,0.00607539103937669,0.00285460687345291,0.00470796834832352,0.00213262101538819,0.00788439392965598,0.0152449373806877,0,0.0142618636924394,0.00371899280003571,0.0201999257386933,0.011473140401419,0.0337794666928159,0.0436115903785754,0.0591950221707924,0.0156585981823391,0.0214813886911813,0.0104162366089368,0.0299604116687664,0.0221407637169037,0.0369114643778905,0.0620374503990175,0.0877744436627981,0.013333388729572,0.00424698007020715,0.0469098811052199,0.00837300152663572,0.0125784120405084,0.0879785722589608,0.121453415147808,0.0444666424343518,0.0307868577308701,0.0338984986474428,0.115301230899023,0.210340455700729,0.0100359039829658,0.0816978174727562,0.136864170665086,0.0832701551660199,0.000703617682357091,0.00284520907531616,0.0194700112093409,0.0174673452001128,0.00142711191036683,0.0114965038340817,0.0228629546336683,0.0997398527571348
0.00998300242170138,0.140053635850066,0.00314397018266246,0.00837452083658043,0.012840637336869,0.0320468518748559,0.020786587769729,0.116679397183335,0.113247140717158,0.158596416702494,0.230550942910176,2.6229014170343,3.45612110056453,0.145288273800382,2.58319808533403,0,0.0370412222747979,0.0549272982854305,0.0686752183478232,0.417724717470689,0.402703946001589,0.475396976306335,4.43439324056454,0.207269675424041,0.00290444277860569,0.00475188346039317,0.0317281574848879,0.00475212194087653,0.0126188128099121,0.159233917711438,0.265879807178844,0.145351910017369,0.0680748519508835,0.191510608847926,0.603011540373448,0.60586631405268,0.15297995242325,0.535585683118643,3.0647724609034,2.24894691850125,0.040682300219853,0.123154811331226,0.162573533493329,0.0886412398797895,0.0345886795732346,0.0913013325885439,0.0703394180716494,0.307037070107169,0.00159217141789575,0.00614848253934353,0.00126285210201969,0.00106599401340811,0.00185607427144997,0.00088075586571941,0.00747948987777605,0.00906183250729487,0,0.00716074486863095,0.0101328168282781,0.0152581271387797,0.0354008380181786,0.014315248119584,0.0494209123017797,0.0736851585926495,0.0086553940371983,0.0150256804000997,0.00270275455676081,0.00377380567997924,0.0120259401483728,0.0546017777524157,0.0960917385671337,0.0688977744337325,0.0026449916341601,0.0127700968136095,0.015504556240264,0.00555189229863141,0.0103152467556788,0.0951393326019879,0.128166312630397,0.0433459906767805,0.00541068917140406,0.0203308759373443,0.090107650445741,0.129793277593088,0.0038944691870228,0.0808347859091355,0.164618245723602,0.0747163454994335,0.00323703542658815,0.00434139871938635,0.00583330573918815,0.0245868304181054,0.0010757151116841,0.00107131422328665,0.020848282728694,0.0734522728634828
0.0608653973236317,0.607455686320707,0.278541618760103,0.296585482495197,0.10564552856623,0.263830831446494,8.99878672792288,0.160548240080263,0.195876751835312,0.43692459765677,0.0818694279167819,0.317706512660589,0.123779447894469,0.0265438195519835,0.069091713226812,0.0370412222747979,0,2.88644588770491,2.54681177516346,1.53665838287902,0.808465270665069,0.613433843010767,0.0247379463939681,0.0224639074306895,0.00122188063656841,0.453418556878572,0.0528880707327424,0.0609995559160014,0.239795101892077,1.61332968258251,2.13568153430448,0.0336303213838388,0.127858098155151,0.342325469541173,0.297847101500306,0.0550508910883154,0.0376302233599906,0.0556092279153863,0.00804446105217155,0.00651055614462598,0.0635741259982744,0.731589126853706,0.569317769416837,0.168610922377286,0.106345928574659,0.247702056737207,0.0058733112707166,0.010149642644705,0.0125191050522323,0.0268618251745471,0.0935513647182065,0.0170316717445407,0.00439626561106082,0.00181842311450613,0.968718097885387,0.00935784914154636,0.00261568704989164,0.00482331598323044,0.000300341988065302,0.00709908889219498,0.00616647489171548,0.00494593938999593,0.00973993855135313,0.00222476578274709,0.820275771720894,0.186921147817274,0.0352872086998179,0.00927094953163045,0.0071471163886451,0.053228330946084,0.00744328213429758,0.00849932203461823,0.00128130265909061,0.178830236870608,0.0135321660046492,0.0231956724275977,0.136411736189865,0.543132434209036,0.864207370892416,0.0116471455614829,0.0190876564930217,0.0271982810294736,0.042351078937805,0.0259869415636625,0.00238718895041568,0.0116046624545345,0.00452580088913456,0.00141997732173941,0.00547718727315665,0.00643066331189921,0.0121081150969633,0.00171405202226368,0.00319103916865085,0.0047714513991269,0.00338652793942235,0.00415244091749586
0.0189010621668472,0.207018410760604,0.0669081154416234,0.0337862341594428,0.0102293989975597,0.0420941718412237,0.661696151338869,0.0416719108443988,0.0319089091858338,0.100243873720213,0.0387804768874511,0.0895737219501397,0.128654260108313,0.0339184092809997,0.0585422873713195,0.0549272982854305,2.88644588770491,0,0.858954761833858,4.26111610348623,5.01470698364263,3.9687265836997,0.0339856425414672,0.0402366817262411,0.00561805501759904,0.130487229837179,0.0309033337492415,0.0155199033284396,0.0860232463754083,0.736295528577794,2.60914178052776,0.0914676174839996,0.045868758387301,0.175542577138293,0.269466078163446,0.0596420670527757,0.0392516024666768,0.0789073162134071,0.0219090763287302,0.00923753802754455,0.023248765749936,0.117124646405767,0.286298191004148,0.0576428046065179,0.024624052620837,0.0922513552911756,0.025304322177073,0.0155576553557183,0.00709059204586413,0.0221289102834509,0.0270455309469561,0.0122449813693523,0.00351704832525086,0.00471615502242867,0.301796847677188,0.0112487356406436,0.00313207616772197,0.0210763713439198,0.0118334473189913,0.025097426679333,0.012160954824185,0.00632676143696945,0.00991278206737231,0.0100382086103133,0.42988462699148,0.205644266067764,0.0326141220208761,0.0190113533949265,0.0175911810504269,0.12489084840965,0.0126567711099045,0.0148563489338929,0.00100879965551659,0.06439067010708,0.0256772088467078,0.0050615518037464,0.0487133509795016,0.411852412501259,0.771167809983622,0.0518615149817276,0.0133149865432807,0.035753681114757,0.056959290048194,0.0507054097464595,0.00446829140527398,0.0182520986367937,0.0194884005962519,0.00672956681226931,0.00434292543033849,0.0121095400475397,0.0207093521712695,0.00455523943455197,0.00850572055508855,0.0149622884811812,0.0138266412803536,0.0106605757182019
0.0220754069955989,0.557230506522247,0.0220833846217305,0.0719678301658054,0.0862421009858885,0.166464994792102,0.920769158315905,0.0928316606061993,0.187293377825894,1.47203095114909,0.170308074388411,0.593232875849093,0.43680305236224,0.0575579353966352,0.0670440019447558,0.0686752183478232,2.54681177516346,0.858954761833858,0,4.47814154938123,1.53373331284383,0.298314216470903,0.0198921138127862,0,0,0.00445746547658972,0.0217064652883406,0.00299187280921531,0.0115470529921853,0.0177366547671541,0.0359477604023382,0.00752496943548989,0.0653638451397995,0.138889999712783,0.13073209302129,0.00502376316447765,0.0366045669458585,0.0275566263975806,0.00647973157232565,0.00798822519136276,0.0914187951408899,0.981505374676051,1.59748044779421,0.340504555933039,0.446845819363821,0.912297688713034,0.00141411432046094,0.00701261737084986,0.000904105157644788,0.00181342930911351,0.00613384771456441,0.00432469467668201,0.000805717876872329,0,0.00613630963769454,0.00220410901788676,0,0.00137092539342654,0,0,0.000561387176718185,0,0.00115940474837657,0.00121506737785451,0.00532192069045057,0.00847475710075679,0.000979995292420349,0,0.00514778285495556,0.00319858978462005,0,0,0,0.00577799535842458,0.00307891918341761,0.00331156126870698,0.0125366137501565,0.0042841822849029,0.0150056925981056,0.000879281659824371,0.00208091649188992,0.00927621752764966,0.00954694382785069,0.00273116555403559,0,0.000665525273550807,0.00257917918910854,0.00137940963853436,0.00110950879955717,0.00242304036887964,0.000990508121930023,0,0,0.00491788323533224,0,0.0012805660877308
0.0282379156198529,1.0786351709495,0.0245852946309439,0.0449684411763222,0.0641378492086677,0.107656429347823,0.313056963579017,0.170053598099395,0.314186145793186,2.97395486933675,0.237702562431557,1.93950894757406,2.63619135152468,0.0812168989916301,0.324374906581057,0.417724717470689,1.53665838287902,4.26111610348623,4.47814154938123,0,6.38043674538693,1.62441083773845,0.163166794383661,0.0202522736197618,0,0.0035273179412354,0.0328653295024553,0.00190916145832012,0.00948585981551268,0.0565261219814556,0.148985550132516,0.0289646556290074,0.104772496379133,0.229371280278728,0.18883313415501,0.0493392474904589,0.0400915131975978,0.058957900748833,0.0387635259858205,0.0215150209771733,0.109486254943537,1.41417111153606,4.05109298392116,0.56152675154607,0.884793057866085,2.54567813546584,0.0155306013499435,0.0310560457736631,0.00334670794487515,0.0056165121042847,0.0102451119971028,0.00478286847839161,0.00154141711063538,0.00105041098867186,0.0118059825937909,0.001939449544658,0,0.00755980483541474,0.00471445706586368,0.00930396726860435,0.00112890579612674,0.0068617909095976,0.00731294447797833,0.00649175963242477,0.0181299334731794,0.0347309525357465,0.0039927515912161,0.0137359769976045,0.00706730497239902,0.030543942387552,0.0131146531124616,0.0117027708178921,0.00252517214995945,0.0128899731513923,0.00526866587323635,0.00213243406198745,0.00965249492710685,0.0357781586465487,0.0767563139207215,0.0124310623348473,0.00887260283571353,0.0119690555282501,0.017753438227622,0.0144539169237513,0.000734552814709175,0.0163651657905254,0.00869647245066841,0.00198100586565198,0,0.00365947646536587,0.00375969880252475,0.00387383581104134,0,0.00156380206581687,0.00276319184056695,0.00418630693806571
0.0160156895341507,0.417300008490419,0.0233662571690758,0.0275353093015437,0.0454289369448635,0.0525020833886253,0.177416822078151,0.10241723668356,0.120740947739991,0.677321350342093,0.122919424448858,0.706315939228724,2.62767608200982,0.0888374051384974,0.236724250501348,0.402703946001589,0.808465270665069,5.01470698364263,1.53373331284383,6.38043674538693,0,4.23959851820727,0.394525652320876,0.0353738384102488,0.000549664866760946,0.00511495475167488,0.0270406352352405,0.00546547189029167,0.0107721519276307,0.060174327443088,0.19058191800054,0.0406060765309461,0.0878389476727015,0.177647883079258,0.201497808159853,0.0495940544798507,0.0168590427869697,0.0914050559592814,0.0513138694847027,0.0371746287281891,0.0584495557999172,0.477280499369788,1.04198871638919,0.132941947747144,0.14982699085209,0.586299351955999,0.0138460891298171,0.0499790308967409,0.00496869839506212,0.00721464377861616,0.00725011281497877,0.00673733874702926,0.00312621092821429,0,0.00960552390893117,0.00973849087919632,0,0.00846075448268382,0.00634155286877713,0.00444206117629434,0.00732862189279211,0,0.0093823993137166,0.00564006856247853,0.0158827914480439,0.0147259086706434,0.00876360953565343,0.0116708565963214,0.0121722599768768,0.0267520869979733,0.00601666923827148,0.00944018424494008,0.00449715108425432,0.00411926588179816,0.00868237468388311,0.000839042510187571,0.00550181483678015,0.0328437159931635,0.0613084625015886,0.00821431149336472,0.00246632617455835,0.015465727150083,0.0143492545796975,0.0258287716152308,0.00146816658421747,0.0185812248714034,0.0114167076956256,0.00681124027334223,0,0.00613404888844116,0.0109163654296969,0.00866791788830713,0,0.00122132353235564,0,0.0020686271444903
0.0174302906476557,0.228810788387153,0.0312169128124984,0.0301893409082961,0.0232134546674062,0.0461824572566197,0.237879331549581,0.083411759079878,0.0444748501942906,0.132085824521175,0.0725907980310541,0.286870009141612,1.05581408532545,0.0438125109397614,0.188725751966442,0.475396976306335,0.613433843010767,3.9687265836997,0.298314216470903,1.62441083773845,4.23959851820727,0,2.838945723273,1.85746023341974,0.00348656423413451,0.0383811986957362,0.0273591152088845,0.0148779371853349,0.0373464706100203,0.581574401084309,5.57079133653398,2.63543674826218,0.0676991122520423,0.217259292199305,0.382494892504779,1.04635771080087,0.0436556336161891,0.157657523710328,0.216221241414919,0.485389097163828,0.0211799497850334,0.152098748032689,0.195712912562492,0.0610382900328717,0.0259101938844713,0.0760470949535753,0.494494002363668,3.12362453786649,0.00682774146826236,0.0235919360954836,0.0195734552723049,0.00325362131988751,0.00109942836660619,0.00607838172241955,0.124612442516786,0.0120952750658191,0.0040755949233772,0.019848436593577,0.00449769261032147,0.0239048945965134,0.0243282764951554,0.0113880108258784,0.0321510205382604,0.063163796381357,0.201355997509696,0.206554922542051,0.0212557862973343,0.020970094408805,0.0427276688658633,0.78638834262432,0.111089919250882,0.251976421199263,0.00114614064706308,0.0262836302611556,0.0107318730209442,0.00630364170465779,0.0317931215116067,0.36610014602196,1.59422912670799,0.408966742683374,0.00942722065119285,0.0358940303741958,0.099549843416945,0.286043556827541,0.00296807370994356,0.0542769385214588,0.0989517447120685,0.0994929291430115,0.00236774057084277,0.00984947152995914,0.0176632495925775,0.0139812056082362,0.00353680874072866,0.0111523297738964,0.0414480613169471,0.263092597393153
0.00624240150166215,0.0731236776759511,0.00394104814366301,0.00716999341865382,0.00684632817078021,0.0103062064324774,0.0139118363845955,0.053168059280306,0.0226713541414256,0.0697108502462631,0.0557967125572943,0.241957538738762,3.39105186864049,0.0659583232360554,0.41548825196199,4.43439324056454,0.0247379463939681,0.0339856425414672,0.0198921138127862,0.163166794383661,0.394525652320876,2.838945723273,0,1.00916829874249,0.000937448649298747,0.0061092149926768,0.0133788548202366,0.00215738471572491,0.0058748119903209,0.207693839811779,0.484940322664989,0.548578649872656,0.0356752750585696,0.123578885597494,0.269329056810128,1.79274941505806,0.0390277563108229,0.162498573862423,2.19648896486562,5.62928146306458,0.00650213507316175,0.0395371713652547,0.0443185006376434,0.0333059514706684,0.0108311195520444,0.024040952726103,0.234342563327454,3.20845090948298,0.0023976328150132,0.00773080230298248,0.00382200268795625,0.00134943997461774,0,0,0.00505578681872413,0.00950028335659561,0.00180375830917257,0.00396517222621481,0.00949280737247239,0.0103366125081063,0.0160952371896976,0.0122993828518385,0.0376307164788557,0.0690067041892396,0.00700576890232394,0.0111174184122891,0.00263146769852429,0.00319044260018108,0.00942811803781496,0.0755606667296542,0.180267389146878,0.161968430863923,0,0.00540929359364614,0.0090732755476204,0.000810976760852126,0.00466137181113509,0.0894078746695468,0.192886284667768,0.096890174444348,0.003675936286254,0.0186923007213523,0.0763278421285703,0.376546229688692,0.00177059170458848,0.0474786963335229,0.148002091719335,0.170806376808351,0.000887273311357129,0.00211841330472173,0.00409661055486885,0.00373051624065783,0.000614983957298657,0.000642435375326246,0.0372590494390157,0.220679385737142
