0,0.306858053502904,0.182031099200501,0.306279302076635,0.219569373094364,0.0903575106664002,0.160606039418706,0.512510743805708,0.0367851132404027,0.00887737056903577,0.0514552567832685,0.0146304943714637,0.00860670506455764,0.0223912826617389,0.0222279094966744,0.00660946514810585,0.0304167470247055,0.00923737477316615,0.0120089014844083,0.0152073649246901,0.00972746422680116,0.0133552218705451,0.00980919864270691,0.00358454113405921,0.13592022845121,0.0429557032153325,0.157987831593706,0.281821476064576,0.339918670220854,0.0491529457539817,0.0311949948477252,0.00265169359098615,0.448611954150631,0.093300371480845,0.0162155385918174,0.0107839605518711,0.0168586490677321,0.0140156440183169,0.0105523929958645,0.00283778117473604,0.0816926703691023,0.0600021078506383,0.0162339084078116,0.066066073509081,0.0190710667046256,0.0198447286023488,0.00124156486409581,0.00219688593571829,0.344926179891849,0.0272011497579667,0.128944417559067,0.0901090142580155,0.0179285146118683,0.012020057360732,0.0365086729342437,0.0140023060678924,0.00228929775720197,0.0030335914535712,0.00169051979495589,0.00423577758642584,0.00156482290136566,0.000844652741408205,0.00209724061364736,0.0012759298055037,0.0159499995393065,0.00729646053698458,0.00341000656918337,0.00344615751450314,0.00254061805130502,0.00835383692667005,0.00307008715950968,0.00203187843327162,0.0433143667768722,0.0139618176330669,0.141968146057607,0.129890765728618,0.175781224544477,0.0381944843549566,0.0125561318426537,0.00265602417913633,0.0385687618247491,0.0245130283588389,0.0140489225726236,0.00685806147724875,0.0012639252255894,0.00588680597545288,0.00182948789539028,0.00333282318581398,0.00984024230618023,0.00851251275932094,0.00278471146164461,0.00266131078185882,0.00279514778072112,0.00262611483194699,0.000582965726243676,0.00324669850078499
0.306858053502904,0,0.0673760876768269,0.206038391881526,0.279733062026869,0.260017882065577,0.299199899346631,0.883073565817577,0.278784748597411,0.183709143652026,0.247880936668841,0.261318593404224,0.135217821069171,0.0589693573714247,0.307399855622865,0.129962065324712,0.131474646425019,0.0455383999135306,0.0895777428613998,0.143761063911098,0.0745149424619722,0.0578548647907452,0.103479251557458,0.0523271602116864,0.0260261753432087,0.0502814210668786,0.163872180180055,0.0932172601735769,0.383014190430651,0.244140846930166,0.114025468442128,0.0197160855125204,0.800276548634696,0.478043011921899,0.342691145362658,0.144655199777389,0.033149019353938,0.183081260830747,0.109566595647989,0.0266773965421634,0.222889288440852,0.480678451773887,0.198209112483794,0.695746003183071,0.365008186645936,0.296390837145248,0.0229448734092077,0.0162845995207063,0.0232878995177073,0.0228628780527538,0.146477688294262,0.0739149842493775,0.00572290868175044,0.00816745004605761,0.0559141657526393,0.00441597820537248,0.00373756013349688,0.00434426951536043,0.00214647016256754,0.00214251592585979,0.00196774955832539,0.000215807925558647,0.00241063721460625,0.000852949203354561,0.0205278678546481,0.0163899122146101,0.00668904528349154,0.00631169578377017,0.00494525667923624,0.0120805304191968,0.0060851688601469,0.0100484078809846,0.00720182717874475,0.0455635916280476,0.0665451101670307,0.0473702068401118,0.165865518199924,0.0833683325600718,0.0226089989763476,0.00493030076898258,0.0122667666106562,0.0140131832800131,0.019905626204064,0.0185124570008354,0.000221604492654202,0.0042716499853619,0.00268532279226852,0.00687623016499404,0.00839177087347868,0.013179383544803,0.0046905716642598,0.00186847787160251,0.00406101244490372,0.00352385114891311,0.000756919487663321,0.00659066616004472
0.182031099200501,0.0673760876768269,0,0.310324193165723,0.0394518807558711,0.0366464797705615,0.494723512586762,0.0449461997099735,0.0142401063685116,0.0145368552833375,0.0150927883166497,0.0173105013158515,0.0248155028881887,0.00149591790142379,0.0110655152646165,0.0154216831550951,0.14366068960086,0.131923389329498,0.0335918590117561,0.0515014897931063,0.0418389226727651,0.0739963731120702,0.0480405434585641,0.0132630216903941,0.00300413281484841,0.209100426507905,0.0148875880949426,0.106183541557939,0.210281412625702,0.106248123328296,0.150266836226499,0.0147628164426033,0.0329170712167112,0.0121439355803767,0.0178984493697789,0.0187599612076709,0.000727222167346601,0.0039499459805698,0.0114199771723221,0.0101499669928896,0.0188786864275289,0.0436217346131187,0.0336540536014173,0.0205504795195553,0.0261180321610787,0.0259800579582166,0.00409299259371518,0.014111882251727,0.0196728045412257,0.00547880355431439,0.210536734637272,0.047048498796616,0.00325024232911287,0.00310175973364861,0.0887974047788209,0.00144427538888521,0.000808756998342552,0.00169707149558897,0.000381543544927851,0.00273462350365311,0.00105000694026018,0.000643688972992315,0.00060727780558905,0.000981363584386677,0.0248688792976675,0.0206995489770808,0.00369468083729786,0.0041406077759972,0.00458748295258108,0.032825198701532,0.00271693834280598,0.00282338400626154,0.000594231553081044,0.0790132521376581,0.0117895722167411,0.0466865038034409,0.158675773320252,0.0571828435972598,0.0600270350588861,0.00644632373073207,0.00399479172405569,0.00331222796116813,0.00718687329578169,0.00307352555288411,0.000266490954479557,0.00106262122718135,0.00122833401338773,0.00117774095277892,0.000693273727056028,0.00354054206768393,0.00247439387513716,0.00149620375885546,0.00185225015662779,0.0035708182770509,0.00191892824952047,0.00740305967728485
0.306279302076635,0.206038391881526,0.310324193165723,0,0.163575504469656,0.163733487341154,0.474231708429534,0.173500449957661,0.0468728480585651,0.0234248327323616,0.0495832841972503,0.0351828201435926,0.0373857945839944,0.00482599852671592,0.0263752452003727,0.0138532697001639,0.128740187470883,0.0722245204716269,0.0577780727801492,0.0743587651492843,0.0392259316095869,0.0510690486594678,0.0332867297585167,0.0139864095406777,0.00908102355873863,0.11195457007618,0.0264205752065132,0.105170675558419,0.246261970929514,0.104773658928867,0.0893326306731876,0.0093856283427236,0.136514451170931,0.035891011563263,0.0243023321353745,0.0188716958920696,0.00561179537107155,0.0150188006927364,0.0140828409800433,0.00782558873999168,0.0974166409125218,0.13661959448348,0.0606522037374172,0.0634067319680982,0.0531988008574574,0.0509612487518003,0.00428744141677208,0.00697881275784051,0.0168935132127679,0.00711752761164726,0.160823991406366,0.0479886574858035,0.0013918694604318,0.00346950843483088,0.0407798023078256,0.0013927936383623,0.000698665799796092,0.00229010562956669,0.000204182766165765,0.00156625694678648,0.000313214669232655,0,0.00102508230794858,0,0.0146242391472165,0.00852865400087951,0.00242210632244304,0.00198387761798365,0.0029081670450753,0.00864052080750112,0.0004093276813584,0.00230009320517327,0.00114405520681982,0.0296702873493449,0.0130608704076744,0.024801544816284,0.0927857192276253,0.0460558027858288,0.0203138184966276,0.00274579374867516,0.00202776526169115,0.00348837644225101,0.00573801419537916,0.00514197029808864,0,0.00127954900729457,0.000952769932104913,0.00133995614256172,0.00154125695273321,0.00324134534384784,0.00285101697196148,0.000750062194960982,0.00170721023594284,0.00158293801918885,0.000995124559010055,0.00398604724808264
0.219569373094364,0.279733062026869,0.0394518807558711,0.163575504469656,0,0.138902860173037,0.0830922543496239,0.332017644035766,0.0991160248576618,0.0141734660171234,0.0746598656919139,0.0164558248866895,0.0109002084089134,0.0174829164575124,0.0301410082927904,0.0107791146762754,0.0223693311754869,0.00463547191195106,0.0181206044165533,0.0189780420362152,0.00812571398132963,0.00352061479460436,0.00709149010516193,0.0039015937976756,0.0257737282577335,0.0208147394793625,0.0425177005485139,0.061109390092336,0.115220293630216,0.0251793597640279,0.0121852497809954,0.00359562784933784,0.272598549380472,0.0432590448618341,0.0210195686164632,0.00627451405387624,0.0129255061331516,0.0186893882295623,0.00838462508506948,0.00358215354242025,0.12621899822151,0.114374249538707,0.0199582273951177,0.128415424043774,0.0617619366123311,0.0282684683248587,0.000629071655718384,0.0011143538775136,0.0176504601293612,0.00853784086027459,0.04410450561666,0.0222613550214242,0.00160901560657834,0.00368706641571146,0.00748330803043324,0.00189101591772411,0,0.000478655672676527,0.00112994140197913,0.000797516347333986,0.000407861716356546,0,0.00142143066367128,0,0.0029472008572574,0.00325450453286465,0.00103889427230862,0.00157007697549652,0.00106157980122632,0.00182078339876583,0.00124819687572284,0,0.00494616466893996,0.00628675122244264,0.0269854023473565,0.02532823445195,0.0577027847376434,0.0175516588884419,0.0034021578942626,0.0024148667876255,0.00288226656144385,0.00467623652868817,0.00601482762508113,0.00322697468782393,0,0.0022865244147557,0.0014139594615675,0.000540673717384019,0.00358434883337893,0.000973167500541633,0.00224490435384623,0.0010332951785486,0.00229339338993444,0.00346067783219839,0,0.00122130525278038
0.0903575106664002,0.260017882065577,0.0366464797705615,0.163733487341154,0.138902860173037,0,0.134262861822492,0.223024560455528,0.0945255473076066,0.0224637482206978,0.0700648958064041,0.0294781303360623,0.0232506883004689,0.010530672338742,0.0312388454295057,0.0158903034510855,0.0335326642447984,0.00975327588649257,0.0333295607923356,0.02478917410049,0.0147009809999417,0.0104289850413233,0.0124371011253197,0.0063010552090474,0.00800723004625364,0.0201471011901255,0.0265278069684986,0.0330767907130022,0.090239467886545,0.037596062020258,0.0171641367925535,0.00357775180432826,0.160902166927471,0.0509758718317097,0.0236970146250488,0.00458660753256878,0.0117052671294312,0.015130670281827,0.0115241427943191,0.00208463699346102,0.111262744134964,0.129693500841867,0.0326261343056693,0.118686415819682,0.0758861565719171,0.050622545737995,0.00246751587688498,0.00399227953937966,0.00487820053585193,0.00449362108367196,0.0338947104329052,0.019734868818309,0.00256566328666059,0.00195890925469955,0.0111124358267968,0.000556556289312755,0.00079130908776609,0.000675392562072698,0,0.000607230478351668,0,0,0.00107746680043504,0,0.00190244824611206,0.00311065791761375,0.00110522423143362,0.00129019927026081,0.000848628519052923,0.0018261874093294,0,0.000321473297953959,0,0.00488432240949108,0.0146698577823007,0.00723477060717941,0.035103304750544,0.0152944647425679,0.00418297650521878,0.00102000993611215,0.00263472955225982,0.00275032960526132,0.00197692179100852,0.00169901181721076,0,0.000574772464760204,0,0.000559940774316282,0.00298509958171139,0.00241812186190292,0.00110907531773846,0.000458570731340778,0,0,0,0.00122448329708996
0.160606039418706,0.299199899346631,0.494723512586762,0.474231708429534,0.0830922543496239,0.134262861822492,0,0.165763350783055,0.0605041821628086,0.0804583731952871,0.0671787852884903,0.110032393896506,0.0941989627483986,0.00705492367138767,0.0726744914141139,0.0538080718929223,0.5166312159901,0.294575322511634,0.188238674006522,0.203106443521503,0.144233317884456,0.217986102295214,0.116144226871601,0.0363304680496068,0.00303319690188251,0.131901593562932,0.0175632761006282,0.056719597960076,0.1938412973642,0.267551594031544,0.363712130760564,0.0350406009765544,0.0900588119846454,0.0615285254571403,0.0549289189739155,0.0492569322416099,0.00642406824686624,0.028356045316731,0.0410568905749103,0.0194007763091448,0.0608336273392336,0.27784601124327,0.192542843988928,0.0932043852350456,0.14682159534549,0.148900704990081,0.0135435550095449,0.0256393890659351,0.00891960356886208,0.00544275599479744,0.257047488456351,0.0352439685719292,0.00114303321115745,0.0015256434086848,0.118620247158158,0.00109276415916131,0.000380444853135805,0.00148330762530407,0.000393888890230945,0.00156821939845053,0.00148713506053301,0,8.87380661848789e-05,0.000534212439844625,0.0487136432148912,0.0397615639604912,0.00295952514667516,0.00441882092365975,0.00345475546490926,0.0357862219672,0.00204365564507756,0.00449841337557056,0.000574311409500565,0.0529318693781876,0.00806417805352281,0.0151972963433117,0.0658287361215414,0.071926309227125,0.0796249875176355,0.00919290245198584,0.00170459851291387,0.00280324970261927,0.00370259034412992,0.00562234981313582,0.000181190394872113,0.00109724933981609,0.000346708978803862,0.00240901075959765,0.000361197985047977,0.0036013136596764,0.00138084480586519,0.00075646087577099,0.0011041800411334,0.00137804164255351,0.00160536382337331,0.0120491640182785
0.512510743805708,0.883073565817577,0.0449461997099735,0.173500449957661,0.332017644035766,0.223024560455528,0.165763350783055,0,0.453668699347961,0.0912940035430326,0.788967898431971,0.1729536024709,0.0181891357021237,0.848144975198945,0.781658991506752,0.0478238875006915,0.046998340349704,0.00955151457371292,0.0311713176872272,0.0262224031811912,0.0116573432751734,0.00950356607515559,0.0122637431880165,0.00544312097756853,0.0742277275145798,0.0177012893425624,0.534997215965996,0.0920223877837355,0.217006664441396,0.0422707793961322,0.0135697830649176,0.00314332563524215,1.59923559021968,1.15889190214178,0.151991820962866,0.031556224198058,0.546110706486801,0.354259077146714,0.0711643926635625,0.00503825443830829,0.153518323754068,0.153886676906637,0.0271993835802157,0.464952149233731,0.0830798967600705,0.0552805629375584,0.000925093586431997,0.00109742823475473,0.0882812979625904,0.0684659821055141,0.0719652477103924,0.0891752201006675,0.0258587615017296,0.0322011891467655,0.038836810541096,0.0552328320461365,0.0107534958190185,0.0122157465977482,0.0111319429613525,0.0138843481525719,0.00349070170399654,0.00453135634218496,0.00809347359912627,0.00488006787245277,0.0134175949281629,0.00403502295378311,0.0055846797319527,0.00513589658985413,0.00161292875573665,0.00473973653160901,0.0073390951596094,0.00274179747203061,0.0464536045093251,0.00992750058705512,0.420574362646594,0.0727614514811059,0.159939367546577,0.031513798057568,0.00773275011425092,0.00247402593663579,0.117212841109264,0.0878916897969973,0.0245952533161182,0.0117711570856831,0.0108473797524133,0.0148244195896361,0.00278383073685599,0.00547845810722728,0.0203651924819514,0.0244501185488685,0.00549649045209206,0.0131235393249302,0.00683763049771162,0.00875892446477341,0.00114553354068671,0.00402738302084935
0.0367851132404027,0.278784748597411,0.0142401063685116,0.0468728480585651,0.0991160248576618,0.0945255473076066,0.0605041821628086,0.453668699347961,0,0.242573697146718,1.47192315714036,0.549403876185171,0.0580790714195055,0.217933943647802,1.09582488689618,0.220100028217969,0.0390486981445038,0.00675368762282594,0.0318528610933262,0.0218772824224757,0.0145064857754434,0.00492799483663264,0.0156893717103709,0.00389973439579477,0.0153107753710812,0.0141774260655596,0.0801464709181388,0.0134301795517425,0.0430209949552837,0.0141963730359785,0.00623727608957708,0.00496403093542251,0.186337199380654,0.245496760204106,0.0802802586501009,0.0215783990342463,0.248404042060573,0.222343401524862,0.12117054375389,0.00505471918748382,0.0709807230370826,0.152584684017304,0.0405610791946706,0.207880167354758,0.149051973865404,0.275587112050074,0,0.00140131561533822,0.00528097203145068,0.00457716123673025,0.0127657602197442,0.0068782845934579,0.00263245403194307,0.00155060935344852,0.0038867648251696,0.00325193136514211,0.00238116023884952,0,0.0034581142976674,0.000369519717170502,0.00167955893657767,0.000900966667676695,0.00035994361183575,0.000894049067766169,0.00198379785719364,0.000822831987077222,0.00150754483373145,0.00130521015868784,0.000923014928891741,0.00118025776276837,0.00138708469272642,0.000719104454760262,0.00256293104967413,0.000577595153140584,0.0556640146664447,0.00796474023391147,0.0194927617248411,0.00827780914175853,0.00245176128423988,0.000824190702653917,0.00845065583935322,0.0227264542057506,0.0102841460888282,0.00204744918331917,0,0,0.000844647504781127,0.000625020884249807,0.000626765666867021,0.00490268199710024,0.000749879797466907,0.00182033832930372,0.00237754550864275,0,0.00100346075134407,0.00299143737179631
0.00887737056903577,0.183709143652026,0.0145368552833375,0.0234248327323616,0.0141734660171234,0.0224637482206978,0.0804583731952871,0.0912940035430326,0.242573697146718,0,0.287170633404112,0.865079939580235,0.768826039653628,0.0426700356227517,0.844705080764867,0.439781213775952,0.0757403749069577,0.0277744972894681,0.152105300899414,0.203297271295045,0.107162739132685,0.050352453423281,0.191856166603989,0.0181691537667834,0.00135763102305091,0.0108674111776621,0.0104544833199147,0.00331030519932557,0.0244088089950294,0.0598465174493802,0.0362367638417134,0.00681972144667997,0.0217564117002061,0.159814736364879,0.235939544338207,0.083102815377356,0.0368280040397774,0.196132392420487,0.202780550612718,0.0440646193447992,0.00916802758267373,0.120722238097782,0.158732301547174,0.223258735443394,0.142802427576062,0.321071700240209,0.00591627022926662,0.00502059678635392,0.00175171549410332,0.00244823836212218,0.0167340903895478,0.00463527385651261,0.00150944880645099,0,0.0125053283786733,0.00121576109444663,0,0.00272915297455535,0.000432200258815109,0.000350311142174983,0.000821892654919616,0,0.000518804618550028,0.002881333525671,0.00459361287377609,0.00558690211543256,0.00128599598011248,0.00246907691570498,0.00261226217434228,0.00341490690671499,0.0032854708336144,0.00152356353375203,0,0.00834244062166174,0.0103597788994328,0.00410953498558675,0.0141915967256689,0.0246042452786369,0.00480796515234666,0.00176108889571426,0.0040610469378413,0.00460558838056969,0.0123782399759164,0.0109176787751814,0.000772124353720056,0.000698216696770573,0.00181507607324827,0.00330578967801427,0,0.00183674058772509,0,0.00127450241561577,0.00183409138648162,0.000411979258497962,0.00148629301827394,0.00418445701604311
0.0514552567832685,0.247880936668841,0.0150927883166497,0.0495832841972503,0.0746598656919139,0.0700648958064041,0.0671787852884903,0.788967898431971,1.47192315714036,0.287170633404112,0,0.687747180287093,0.0692617264590671,0.405845983176525,2.46925773521368,0.26617019230911,0.0332238159887174,0.00570900394695058,0.0489263330966001,0.0300876753711583,0.015606994001244,0.00628290412252761,0.0156400317904047,0.00435887150598756,0.0134253190545499,0.0102492559768737,0.09809898866172,0.0218430384473886,0.0527618396724737,0.0127331271693849,0.00593900187694759,0.00353500786035131,0.249080563240165,0.251969125840294,0.0657885260171917,0.0192476765404829,0.35848055384587,0.465953861926102,0.14323226424141,0.00861857794533643,0.0474816326765018,0.170885209589282,0.0501244180623966,0.420521405998703,0.199591208786353,0.18676409897702,0.000795453542299047,0.00126848201232705,0.00711942294478405,0.00821429198001883,0.0140316633185513,0.0087576645185768,0.00503819025667485,0.00476112209547755,0.00458640387233854,0.00476071146058698,0.000944515815464265,0.00135415171897615,0.00277944665256205,0.00147963547225727,0.00224896465600252,0.00333624744071226,0.00359694838532302,0.000570925325284247,0.00133345051034363,0.00126373521650625,0.00272417871726269,0.0028318469045392,0.000392602200628468,0.00137503484584122,0.000775610982874125,0.00155919729164593,0.00699436149378294,0.00387394329155185,0.0862388926507606,0.010681905473619,0.02754969881375,0.010790364149502,0.00295534946199347,0.000524531951019223,0.0121914749532217,0.0197637157177847,0.0113309629454278,0.0030344745402398,0.00396706409990588,0.00166551268367793,0,0.0016088191569553,0.00320507971212072,0.00642531380022776,0.00155834555697239,0,0.00500563528051473,0.00213253481039244,0,0.00205114194609931
0.0146304943714637,0.261318593404224,0.0173105013158515,0.0351828201435926,0.0164558248866895,0.0294781303360623,0.110032393896506,0.1729536024709,0.549403876185171,0.865079939580235,0.687747180287093,0,0.695010407946307,0.0762157608726276,2.56472889751036,0.922932484698463,0.091908780142996,0.0373766763925764,0.169013465740069,0.289637649169848,0.178571032056742,0.0636156499019284,0.171385511853972,0.0236509340719785,0.00230276706718631,0.0118281578739028,0.0320457452037887,0.00457604123635818,0.0349091544075511,0.0892326273866633,0.0504400933737985,0.0155835743012748,0.0460745197374334,0.325439351544767,0.346982809974192,0.159837925667311,0.072564486589116,0.499402329093887,0.310592938005183,0.0604618530680836,0.0112191503473963,0.155316391080612,0.16135410535263,0.446470335323338,0.261777908812637,0.429590258707013,0.0145154858986741,0.00995352454217322,0.00291605426899155,0.00456429436459713,0.020626985432662,0.0052447773064445,0,0.00154840582537281,0.0185428960193364,0.0024605018195209,0.00150847771397247,0.00209169681174507,0.0016889845617279,0.00174101230719684,0.00170397329336529,0,0.000730020969788468,0.00162266850518066,0.00978829468698152,0.00596213374960564,0.00459784620654975,0.00261722799350741,0.00478386712261639,0.00703117813851164,0.00466783527720168,0.00859395742178617,0.00243790180553578,0.0084460604023571,0.0179896082014774,0.00433729803002902,0.0201024267515115,0.0397722897652083,0.0132383387753316,0.00418053326792785,0.00505794700532394,0.0111878263547826,0.0222667037430613,0.0155020353888365,0,0.00155453746218659,0.0058486422610092,0.0101578692065637,0.000600218343148277,0.00331349302572494,0.00218794988013205,0,0.00120145737591131,0.00452789980122058,0.000352713653606257,0.0065907426306559
0.00860670506455764,0.135217821069171,0.0248155028881887,0.0373857945839944,0.0109002084089134,0.0232506883004689,0.0941989627483986,0.0181891357021237,0.0580790714195055,0.768826039653628,0.0692617264590671,0.695010407946307,0,0.00931061680614798,0.673203745122346,1.04970815730002,0.0749656025956314,0.0641059721662599,0.124377047566988,0.438716717363008,0.479451116368618,0.289323626193035,1.02903065596995,0.119897317879597,0.00103279997236513,0.0226545712234295,0.0034380728197757,0.00675767481282801,0.0353352450747529,0.189690702744549,0.177514537642188,0.0511352559037716,0.0109117245891606,0.0517870497430363,0.250753205050572,0.27371408795512,0.0057605789426856,0.118809025536811,0.448306198779573,0.170518566997391,0.010300752822085,0.099587827489995,0.169646369515751,0.134854415927166,0.165100592917002,0.406979421332484,0.0414802230388923,0.0310866654843361,0.00143054977849376,0.00324047108329755,0.0369526953333532,0.00449967335540238,0,0.000684545038293939,0.0399380654521659,0,0,0.0016734647214081,0,0.000795038963775318,0.00145174173470086,0,0.000302444830022649,0.00165919364022417,0.026838421232383,0.0346926006095943,0.00274295169840187,0.00590669127833224,0.0037436273945931,0.0173603465675394,0.00384036912881805,0.00949013343098265,0,0.023484782071975,0.00524625731410572,0.00391332898254477,0.0266629694234399,0.062090927132681,0.030698519469964,0.00505705961038722,0.000530232046505902,0.00230492404181063,0.0102687372452449,0.0166198703648879,0.00038414971594776,0.00173468323265241,0.0018340931282283,0.0030620414889623,0.000261100147377291,0.00050833294111241,0.0007716968163674,0,0.00147556358376434,0.000580158267411847,0.00239148029156295,0.010893698352766
0.0223912826617389,0.0589693573714247,0.00149591790142379,0.00482599852671592,0.0174829164575124,0.010530672338742,0.00705492367138767,0.848144975198945,0.217933943647802,0.0426700356227517,0.405845983176525,0.0762157608726276,0.00931061680614798,0,0.912689302556678,0.0396484326242565,0.00215367981187415,0.00025039866450067,0.00267759712864897,0.00110636766745692,0,0.000554468675313194,0.000901818295398898,0,0.014386869814487,0.00207031606911177,0.141764563175723,0.0119643681290262,0.0149367582516774,0.00197022171581081,0.000475227406143405,0,0.1962070234688,0.235284511337921,0.0201191533514237,0.00246196774183199,0.705942775030429,0.40406670336635,0.0439953649259595,0.00349189129716786,0.00475215860693512,0.0103292135203787,0.00209474229512302,0.13103300027996,0.0210340857339231,0.0216162221514169,0,0,0.00732171419375871,0.0170250637791036,0.00327644881705876,0.00901244501364751,0.00857724512780702,0.00820356828525955,0.00324085002569694,0.0128120636460655,0.00251481891518784,0,0.0040410656556579,0.00519715791914585,0.000525914786418551,0.000645893751824944,0.00277643433065945,0.00170787489629962,0.0019395756332895,0.000652554659748934,0.00130637510570045,0.00100395104733093,0.00149177258715275,0.000811975449685893,0.00195828952392323,0,0.0252724476129287,0.00146258179012163,0.174663215613123,0.0160246108853295,0.0227402197218328,0.00241460001304794,0,0.000474754660060549,0.0394612105239212,0.036185524249464,0.0122165713634453,0.00286770474188017,0.00800476297038327,0.00730451450677702,0.00231093603306396,0.0016937486003159,0.00634302966042935,0.00546419129364629,0.00228337663083618,0.0042025534023752,0.00344188368378552,0.00120772043209812,0,0.000656149788719524
0.0222279094966744,0.307399855622865,0.0110655152646165,0.0263752452003727,0.0301410082927904,0.0312388454295057,0.0726744914141139,0.781658991506752,1.09582488689618,0.844705080764867,2.46925773521368,2.56472889751036,0.673203745122346,0.912689302556678,0,1.51669961187479,0.0533029841852427,0.0257243906920201,0.112496954748017,0.196543255376374,0.139959143303314,0.0435635039160067,0.138385020587186,0.012735865254514,0.00431173164818325,0.00616331267568937,0.115109332977148,0.00510578476331253,0.0299148646995972,0.0594199612358462,0.0263025843893767,0.004467551192001,0.141032570409346,0.75028300293036,0.324097478766214,0.162300351227009,0.571225446324252,1.21848252123979,0.643918678379384,0.0646725222681748,0.0207488407722093,0.152932400944066,0.129494893043677,1.06085328240391,0.229322543621741,0.360502479781308,0.0090741676961939,0.00647231627029628,0.00564620205393993,0.00834937728200091,0.0149586230369682,0.0122441402030415,0.001866951247557,0.0065658891541933,0.0118508992524806,0.0107026600339955,0.00341792613081582,0.0073405351751962,0.00447102177266111,0.0066418602552227,0.00337526814533573,0.000782327809159362,0.00479942072092066,0.0056089414418952,0.00543955486498318,0.00545343908894857,0.00397112715076017,0.00422447402909049,0.00469148538991628,0.00579992406741309,0.00756687700274088,0.00742598090501026,0.00510655319082218,0.00481024093284621,0.0961715488594247,0.008554023417034,0.0198310379749603,0.0405924253921957,0.0121484286724611,0.00319353438255864,0.0203291423024772,0.0426726645298288,0.0465824361612247,0.0258288453629875,0.00297640240815398,0.00668661976130783,0.00379503395045587,0.0134346908381675,0.0024111472767964,0.00440250724563648,0.00316658186246344,0.00639113799607965,0.00310667097830786,0.00537965253759243,0.00193105050637787,0.0103659926112857
0.00660946514810585,0.129962065324712,0.0154216831550951,0.0138532697001639,0.0107791146762754,0.0158903034510855,0.0538080718929223,0.0478238875006915,0.220100028217969,0.439781213775952,0.26617019230911,0.922932484698463,1.04970815730002,0.0396484326242565,1.51669961187479,0,0.0410227516294596,0.0415264928392556,0.0719330704478907,0.222824098285998,0.263817672176463,0.200372130470892,1.07277392587803,0.0879525227318711,0,0.0107240425945977,0.00916638188324627,0.00644543415065181,0.020092932148254,0.121236520494483,0.10210210710801,0.0322871836862504,0.0234444341987949,0.113323248923886,0.382199622015986,0.444860567132927,0.0226126235475002,0.773457291642765,1.77459698884731,0.619676474590507,0.01173150180483,0.0792241955252482,0.115833925477071,0.293190354533613,0.147730467563637,0.230444005097864,0.031402820467644,0.0307070899606206,0.000818462431262221,0.00343149587726818,0.0202073821459279,0.00349479635002249,0.000286911450599774,0.000634208241218671,0.0186151659359811,0.000536059536631283,0.000305833946033479,0.0038779333841314,0,0.00171073457382864,0.00495533138720259,0,0.000449231115623132,0.00574183999989823,0.0220434547550643,0.0270339934899074,0.00451974816876341,0.00842353801926083,0.0106428400049441,0.0239301031904856,0.0110620792353296,0.0286229275843194,0,0.0104681479651631,0.00792343820415647,0.0025330084713481,0.0165355014202934,0.0877265146372041,0.0471665914340973,0.0129637592319989,0.00117104113573182,0.00928673575538723,0.0311039737913116,0.0364249173716674,0.000808673463213418,0.00365992068815169,0.00721819228024963,0.0236187806005653,0.00168836187246071,0.00371025031684601,0.00448654763984478,0.00140789422921179,0,0.00265530188686874,0.00845165275091951,0.0170941593672859
0.0304167470247055,0.131474646425019,0.14366068960086,0.128740187470883,0.0223693311754869,0.0335326642447984,0.5166312159901,0.046998340349704,0.0390486981445038,0.0757403749069577,0.0332238159887174,0.091908780142996,0.0749656025956314,0.00215367981187415,0.0533029841852427,0.0410227516294596,0,0.226817694198926,0.136372435343706,0.173631228084601,0.126820037909736,0.173685132054801,0.086646350614976,0.0206659531197299,0.000357232150869288,0.044975619992424,0.00578472861378862,0.0166055844723271,0.0627861631418246,0.13970794588859,0.223746640202563,0.030323090884827,0.0179992768323154,0.0298716036488336,0.0444365447754906,0.0343720190732935,0.00285840937726797,0.0210141135449713,0.0338750333667261,0.0132610778145934,0.0191954184320869,0.141093236938591,0.118900249410587,0.0511377103119145,0.114574634610039,0.126433946505333,0.011128744044201,0.0187750947669976,0.0023456634454636,0.00301939101057288,0.0769719158266061,0.00697650173155163,0,0,0.0569515673605306,0.000715063932969719,0,0.000589206932086442,0,0.000746542909395939,0,0,0.000968538526062471,0.000104922955694722,0.0304904418353969,0.0208947003280169,0.00114333099582594,0.00273359664127224,0.00208952230853303,0.0209598522984879,0.0013001083993975,0.00195725781792619,0,0.0238170556801415,0.000805264732292921,0.00485322648908019,0.0209507620596605,0.0291752078201698,0.0328561383290209,0.00540406148922883,0.000336027461967673,0.00110848232608936,0.00127888771202484,0.00294918622064147,0.000182070320522681,0.000745782685658009,0.00046616391740489,0.000501630757387566,0.000288897235358562,0.00183459399041231,0.00213449810979192,0.000486526828215742,0.000472625405637949,0.000301967414048435,0.00114118213029235,0.00446780823317468
0.00923737477316615,0.0455383999135306,0.131923389329498,0.0722245204716269,0.00463547191195106,0.00975327588649257,0.294575322511634,0.00955151457371292,0.00675368762282594,0.0277744972894681,0.00570900394695058,0.0373766763925764,0.0641059721662599,0.00025039866450067,0.0257243906920201,0.0415264928392556,0.226817694198926,0,0.0628289994633102,0.128295842238206,0.160296356803404,0.27720788607909,0.0768176378167924,0.0277003178835059,0.000335167659619596,0.0447001202270603,0.00160876653275115,0.00915122122200708,0.0321787492648898,0.0930551537234256,0.224168377399517,0.0462935270062415,0.00512432065023597,0.0142677427734489,0.0286488135492001,0.0266350648984075,0,0.00901139398467531,0.0189510173169044,0.0138766214065898,0.0108877735781184,0.0360224254811458,0.0703247004836386,0.0143797898378445,0.0480882824290409,0.0344852087213997,0.0101228758399697,0.0305867054852173,0.000872343862327339,0.000802037241161452,0.0411436537289275,0.00587848529461149,0.000831965525144966,0,0.0322772332607225,0.000151956651111108,0,0,0,0.000160350819316771,0,0,0,0,0.0280533856561704,0.0332202103103961,0.00149248614507036,0.00110874638928525,0.00182305286402351,0.0152947660628684,0.0010981974080556,0.0018419528382605,0,0.0187516920447614,0.0012133745884309,0.00287133869312302,0.010923386037585,0.0183331598643316,0.0202901576362158,0.005432722896347,0,0,0.000360480299268363,0.00178083090070979,0,0,0.000488774257646081,0.00107637101829733,0.000509726091983995,0.000375456882786148,0.000469168438790739,0,0.000259547034709111,0.000393058806458041,0.000276123231092726,0.00392379024622032
0.0120089014844083,0.0895777428613998,0.0335918590117561,0.0577780727801492,0.0181206044165533,0.0333295607923356,0.188238674006522,0.0311713176872272,0.0318528610933262,0.152105300899414,0.0489263330966001,0.169013465740069,0.124377047566988,0.00267759712864897,0.112496954748017,0.0719330704478907,0.136372435343706,0.0628289994633102,0,0.200290142206478,0.118625180766949,0.0823495789496539,0.0777031304086359,0.0221371721052945,0.00111962602774518,0.0276854919128709,0.00501553788704731,0.00954466312475125,0.0439365331935089,0.113764911574513,0.078321690213935,0.0105423548745467,0.0153114896047537,0.0373121345117249,0.084808514770184,0.0331509615205007,0.00365522337993503,0.0329555732500582,0.0427457838407796,0.017755300080962,0.0176572996317228,0.148307335612532,0.192335347544068,0.0722378859941664,0.187826691888862,0.162092911974633,0.00867692282809154,0.00807265827431191,0.0010838375480439,0.00122775893001974,0.0382301801055585,0.0088625173291911,0,0,0.0265749264635901,0.000299337096120032,0.000468263839562416,0.00136395248890225,0.000480967760533996,0.000180688783873656,0,0,0.000281402922588769,0.000414344237134517,0.0087048542938587,0.00863791746653833,0.000938177337175177,0.00460475573210978,0.00278852073003277,0.00643016488188444,0.00108492470626743,0.000637738250186603,0,0.0163141815646717,0.00163892461387631,0.00189140814782249,0.0242072982044093,0.0266140560773808,0.00821805276387326,0.00380664410551167,0.000712899780312824,0.00167309598372382,0.00314199729839984,0.0039435455842065,0,0.000503821491998832,0.000249095371277213,0.00170117919698562,0,0.000895975236430112,0.000616506820055557,0.00100514627430323,0.00297606807228318,0.000777685012428503,0.000539948925337985,0.00204976342441831
0.0152073649246901,0.143761063911098,0.0515014897931063,0.0743587651492843,0.0189780420362152,0.02478917410049,0.203106443521503,0.0262224031811912,0.0218772824224757,0.203297271295045,0.0300876753711583,0.289637649169848,0.438716717363008,0.00110636766745692,0.196543255376374,0.222824098285998,0.173631228084601,0.128295842238206,0.200290142206478,0,0.242265799999262,0.208524259560205,0.535009066372081,0.0757564882220611,0.000906686482512659,0.0347428875499327,0.00410734087424056,0.0123232616798123,0.0601312740400714,0.185666215647847,0.226049732923821,0.0458539972684662,0.0223534323830245,0.0317162785675895,0.152014520726284,0.124284049189039,0.00456994213229612,0.0440969830021914,0.113224802785537,0.0642203499685649,0.0115517382539891,0.117752426343131,0.206122203459088,0.0731880428749964,0.147100683112581,0.18161270331012,0.0311670861684708,0.0287801907567086,0.0019329830215122,0.00293861019625425,0.0492700360232096,0.00433265734271126,0,0.000232802963236835,0.0540922831893189,0.000190705070307766,0.000300338515850547,0.000525330209288674,0.000293625968668138,0.000433336643125365,0.00105733540732174,0,0.000477139115468428,0.00101758790916866,0.0271250942121024,0.0286767160043091,0.00379430667871835,0.00471163764012792,0.00317392374609352,0.0165655088796604,0.00237893766298396,0.0027868321120201,0,0.0288564376641253,0.00354632379815028,0.00399526521377335,0.0268856127423958,0.0436066020704977,0.0218270144734089,0.00216133693008813,0.000274100055792767,0.00191623793438812,0.0057406961080719,0.00811253481546909,0.000590107271168476,0.00100117369736226,0.000692841498186606,0.00263811979544673,0,0.000898808795547736,0.000777883336703582,0.000294267605880777,0.00168709837329506,0.00118080184662661,0.00375937446394281,0.00661852235098783
0.00972746422680116,0.0745149424619722,0.0418389226727651,0.0392259316095869,0.00812571398132963,0.0147009809999417,0.144233317884456,0.0116573432751734,0.0145064857754434,0.107162739132685,0.015606994001244,0.178571032056742,0.479451116368618,0,0.139959143303314,0.263817672176463,0.126820037909736,0.160296356803404,0.118625180766949,0.242265799999262,0,0.272691498183033,0.321281902904625,0.0990381204008611,0.000218958273490045,0.030276039776544,0.00157951842057768,0.00501740006865966,0.0303846382390728,0.123325232306848,0.206091072039981,0.0594163197013324,0.00737994764508355,0.0178567844697695,0.0891480419095649,0.117597230009329,0.000836174517880678,0.0295253431056727,0.13932725591756,0.0535734290920427,0.00616739637324428,0.070682838818766,0.140940125182705,0.0367322499794065,0.0731027478975673,0.114499987426191,0.0406687816224055,0.0434382558492113,0.0010969890165283,0.00143567927281124,0.0405769185725692,0.00317695982157265,0.000128347017227215,0.000266910687022285,0.0407584228037809,0.000316102510933156,0,0.000671564530056953,0.000495930514522402,0.00100009934837577,0,0.000272947325358645,0.000419610021950792,0,0.0275168489166012,0.0331304506592163,0.00188805591421463,0.00245320873580011,0.00319844185088507,0.0185526139060423,0.00180088080273245,0.00404367236444458,0,0.0163484850289496,0.0027627358034492,0.00234596422465925,0.0137613404640683,0.0351803373911999,0.0240987859739641,0.00243378671445123,0.000253704064822058,0.000345321739190635,0.00521060849063065,0.00575293825254199,0,0.000697752758788378,0.000298895381490756,0.000974860747151481,0,0.00167878052361279,0.00074982883567447,0.000268009236664216,0,0.00147048205667838,0,0.00613113650903725
0.0133552218705451,0.0578548647907452,0.0739963731120702,0.0510690486594678,0.00352061479460436,0.0104289850413233,0.217986102295214,0.00950356607515559,0.00492799483663264,0.050352453423281,0.00628290412252761,0.0636156499019284,0.289323626193035,0.000554468675313194,0.0435635039160067,0.200372130470892,0.173685132054801,0.27720788607909,0.0823495789496539,0.208524259560205,0.272691498183033,0,0.853036987720068,0.16404748952156,0,0.0261918344544159,0.00110425529849362,0.00687854353006381,0.0338622603157548,0.115259904389774,0.406042673460501,0.188758950271052,0.00524691759494473,0.0102126270318909,0.0400190374062023,0.143880980262957,0.000881155658470416,0.0148040017909009,0.0951030632251368,0.149715454420659,0.00432699416507044,0.0358407509605021,0.0678276813084205,0.0152142637785744,0.0358843413603116,0.0536682148867489,0.037121846179952,0.562989084971517,0.00125373354937732,0.000889069902382376,0.0646780377732775,0.00540194136419261,0,0.000579421190975291,0.0548662906755802,0.000358580802485207,0.000189294824711247,0.00106730125493443,0.000132961492700688,0.000847521802689354,0.00114899510137558,0,0.000181904709809264,0.000132739683162644,0.0549063015277178,0.0722750172869474,0.00274116653073958,0.00245704842748181,0.00673881773546249,0.169887045952953,0.00337579645693572,0.0116564741047206,0.000101357563797764,0.0202128089021356,0.000350997253156241,0.00390020660767119,0.0128424161620187,0.032133523046573,0.0956861814959376,0.0269986710113347,0.000423879397997109,0.00051927706714497,0.00269464308088704,0.0095379472926868,0.000311790420130451,0.000456852593044193,0.00201137707870664,0.00416373896559892,0,0.000878353015345358,0.0022420006927787,0.000158829919036855,0.000633573886836135,0.000554080254526251,0.00302581518160365,0.0364196739059882
