0,1.7874563266297,0.628442344450931,3.02215882890166,2.13870701382224,0.870957746945614,0.563412116101333,0.690514170835044,0.060562625319129,0.0147888132668039,0.107073976317878,0.0411788977635436,0.00481072404029003,0.0799674889152188,0.103017552515951,0.00204870360124131,0.0538223371457392,0.00313856047226999,0.00390447784716859,0.00816381104396172,0.00610948003716338,0.00447353806888831,0.00400666051999424,0.00242232405672313,1.20223701322399,0.0199090154701945,1.01854107347823,1.15000607399194,1.40767031542671,0.0268750367457065,0.0081497422331899,0.0009478218402916,3.54934438765632,0.629594743955626,0.0365746326792252,0.0226021167928304,0.0914944873481059,0.13111772567735,0.0209733389840525,0.00373141188758533,1.80222065839183,0.230437397651178,0.0164655621605435,0.0900257779279188,0.00897028304426804,0.0118463792210092,0.000991054714792952,0.00160780082824458,0.965537877453092,0.0355020906686048,0.210952113043097,0.045226908566388,0.0128771067921099,0.0125731014099924,0.0119451851606558,0.0687213449246065,0.00293964360874462,0.00368854372279663,0.00896642699706467,0.00921747629987535,0.000918053453280433,0.0137198124657794,0.00627486362919745,0.0030209529848133,0.00287758141764452,0.000340582220721006,0.00262494647993133,0.00304673999182914,0.00129830981869288,0.00092980355401776,0.0018261413815958,0.000484547786698625,0.551418264401592,0.0119320695980821,0.367082407278964,0.584512839197941,0.296543012567895,0.016272231852133,0.00148514961106808,0,0.282789841698357,0.069964517825426,0.0107016338278893,0.0072715433539224,0.0128231527427534,0.00568130978875229,0.00265798359070026,0.00137851670150312,0.0165397704262052,0.0106890496442912,0.00107650199461305,0.00538667406308687,0.000690166211685043,0.0019940620170078,0,9.33501997209193e-05
1.7874563266297,0,0.387879379923899,3.44419076289877,2.56524136579033,4.52155956305848,2.37771902835416,2.27525552143607,0.717321768906178,1.02874499181547,1.24904850183644,1.38304502322046,0.410598255366842,0.603123618663657,1.55926423177023,0.214877585555178,0.35379747974112,0.104864912532585,0.164412047580888,0.333554063703202,0.25451070294316,0.131885410400717,0.212921027459042,0.168397281218446,0.564155196806044,0.220173092239971,1.35085905034358,0.487417602668381,1.35695304405873,0.54029669526935,0.210645915147337,0.0422853067146641,3.76529385404747,2.21487753352108,0.910768363108133,0.786555786514294,0.246974416619008,1.16561475689797,0.580607450645805,0.282241843598233,5.86593383719784,4.81188281033969,1.29222288754962,1.96149413579817,0.644683607874837,1.16828436863676,0.0335156785258321,0.0396868063916362,0.211525363367091,0.135835434776485,0.268212460370077,0.307997188743206,0.0746043273169281,0.186805026545297,0.176575407494854,0.10206397194065,0.0614847906839438,0.157136986500451,0.0827800597250858,0.232602739812348,0.0992861981329084,0.046290312035553,0.121873375184848,0.0879994248718855,0.079301785572445,0.0159239405734648,0.0522920699088268,0.117586769978919,0.0558512987848239,0.0529506823599062,0.103144389523657,0.0330223514275814,0.163741551320035,0.172818603091154,0.625203727403353,0.221116624750891,0.603258760114652,0.252012093180658,0.0511662602155664,0.0132874943828583,0.166832799810683,0.158740982453874,0.118360936402034,0.179044270794656,0.0248297560087568,0.0581387798887085,0.0782786565556111,0.099182311282843,0.0982610514686672,0.150193814053126,0.0384060506619832,0.0658031793780798,0.0114212964315136,0.0743028270960065,0.00467253552722498,0.0512895055825751
0.628442344450931,0.387879379923899,0,2.41113110180195,0.146174946192038,0.186704691427991,4.48972123982924,0.0479108641007438,0.0144688667697185,0.00586605261623718,0.0130232216355489,0.00997875401812963,0.025973435394727,0.0106905470779746,0.00474040419514943,0.00467739068835134,0.676161830359825,0.0964856710159403,0.0966845749743426,0.101474825889543,0.125609388451251,0.100968502486209,0.0349012503457408,0.0361919983062832,0.0594681548698546,2.11277332661712,0.111376712390195,1.33907896156453,1.64930720544437,0.442613180146481,0.1209357264471,0.0272225679687378,0.105811061573807,0.0708800661280622,0.0372792754013395,0.0655266716679232,0.00363373358656771,0.00882555362378495,0.0200754642710419,0.0301878395624082,0.0920688949463755,0.286485372319999,0.194762622853193,0.0142491293577436,0.0109818221001097,0.0302947759463391,0.0138059551757361,0.00962951050970156,0.428863131838994,0.0591005590737615,1.77168814438481,0.307715035590035,0.0354089927832913,0.0531055026329694,0.291000422963104,0.031488507940311,0.010460140198784,0.024353195755239,0.0109119122924822,0.0178901985530924,0.00595952027077908,0.0140217151898006,0.00956800033821082,0.00547071581359743,0.0579033787157388,0.0331062110224954,0.0425900913327501,0.0526564082320813,0.0293081825862915,0.0269595501164929,0.0111694290583225,0.00906899218084681,0.0682410680583638,1.55368577674394,0.172273990916511,0.725091423449165,1.06326031439635,0.217421202777464,0.0390691154197462,0.0071560921031184,0.111231927990555,0.0289718720314977,0.0227932822331511,0.0328437028430113,0.0050627086289017,0.00460236290714607,0.00810238781171805,0.0100422082329458,0.0297761679275276,0.0292548520276663,0.0139874928118418,0.00773517414045883,0.00265200913676173,0.0163824212995401,0.00614432454116584,0.00810076293046499
3.02215882890166,3.44419076289877,2.41113110180195,0,3.43737213068761,7.59100152398572,8.59738293724027,0.123256214649123,0.0256681986638507,0.0081452950150878,0.0489301254958293,0.0162716947317691,0.0270660001437295,0.00976918194089418,0.0217134393967387,0.00990435472634867,0.967624560904353,0.0561867736916733,0.0985037793817505,0.105394563615593,0.0758665631679806,0.0509083428404578,0.0174227366961311,0.0138899054047134,0.17155312160774,0.241155132637875,0.657139423801898,0.841342437161431,1.36754567898452,0.119363051886582,0.0466401111112501,0.00733641528677833,0.709155751312078,0.217616641405951,0.0394086070870945,0.0524196980082916,0.00952038462142263,0.0333920624948126,0.0255442492692031,0.0144939210660443,2.14943765475256,3.26814958082109,0.245407137431603,0.0473488101751112,0.0232071172351233,0.0574463907030318,0.00341507900366179,0.00376627763905436,0.173686589605187,0.0236035630465442,0.247528702133928,0.0505628258601001,0.0145699143378666,0.0179255477144718,0.0264827419134634,0.0278514213493043,0.00281793524393937,0.0058523657834549,0.010181169850289,0.0147591496813643,0.00179402128372641,0.00579307268588972,0.00907889938241824,0.00279417634003964,0.00867121940602084,0.00155973136117539,0.00564653846629632,0.00563592691117442,0.00644841311920183,0.00212621757328186,0.00573394336303841,0.00563209745858648,0.111939792272921,0.0814349244628026,0.440068880393131,0.237435387651109,0.331268491225457,0.0327142380386727,0.0113442561862757,0.000330239332662813,0.109749568216278,0.0519306287114083,0.0147751053098616,0.0125929459486922,0.00350393131989383,0.00259558657966682,0.00599532769563343,0.00169776525190958,0.0135773910700038,0.0117154273886266,0.00245594294273253,0,0.00269972204973874,0.00211554145445107,0.000504655346599742,0.0017466596155367
2.13870701382224,2.56524136579033,0.146174946192038,3.43737213068761,0,4.29474359757968,0.896751601383012,1.08548487558525,0.132379662745295,0.016910120942792,0.260344478125798,0.0769576560960795,0.00215694506369921,0.216906539098225,0.167613615338146,0.00450468283230568,0.0422334570888751,0.00225780626924662,0.00349142773338296,0.00461561647823616,0.000387799919907388,0.00125035562277393,0.00070253428423693,0.00524454048743361,0.522485130127455,0.01213608053966,0.723711409406674,0.28160210571174,0.528380533540239,0.0172527420919444,0.00688604285120711,0.00559066882588749,2.7300365192965,0.883691850296487,0.0618125805203434,0.0179078336132445,0.122122908788251,0.146782477933086,0.0231783270137714,0.00338898971653654,3.25836995947195,0.85855641526576,0.0683142086339757,0.126831740400544,0.0400072118294467,0.0110661811789835,0.00873908067475893,0,0.0348633728384555,0.00684992288069043,0.0176004438502627,0.017795956728028,0.00711787718865198,0.00600056714349176,0.00824324618184414,0.0152872130543814,0.00776509150215295,0.00181857123517432,0.00868486929462425,0.0170857714365712,0.00329454038070821,0.00523259241888369,0.0114995863047537,0.00272269917350246,0.00230703703793095,0,0.00359664698441467,0.00158635538516395,0,0.000841719650524828,0,0.0007295933933728,0.164092680275671,0.00379276585255577,0.261252477936815,0.0569429530286354,0.0686586342459464,0.0115950541636212,0.00032705899226159,0,0.0532239354051704,0.0506421440505062,0.0167154959342658,0.00564080118199543,0.00575417700033332,0.00354577504094566,0.00595474321047123,0.00223477880299698,0.00395198556125827,0.00692804349659328,0,0.00178798959337367,0,0,0,0.00125548491860192
0.870957746945614,4.52155956305848,0.186704691427991,7.59100152398572,4.29474359757968,0,5.31898956470635,0.179278185258224,0.0580178840383676,0.00747504612990807,0.0612821912119224,0.0266955910907609,0.0074871675520902,0.0200536805656019,0.025482188936523,0.00519153900449242,0.201724239748844,0.00128956067644148,0.0169994415045878,0.0184128557649499,0.00582453886653918,0.000779251093205192,0,0.0042295586851606,0.115959848686838,0.00848591342967563,0.504736495677807,0.198611634189728,0.431137114931056,0.0206498782345439,0.00467068068144886,0.000877402742678557,0.840865439073563,0.230534970959581,0.0288565108894139,0.0120488264288872,0.0161120594603765,0.0442874842020965,0.0241166360415229,0,4.93118038625566,5.65581420816984,0.0591778793131976,0.151610766363403,0.0340675958786547,0.0501847431638813,0,0.00111465142668035,0.0196121028376025,0.0056501335956366,0.0124993454542881,0.00872639082335981,0.0112445285701302,0.00513191069884791,0.00161715679757211,0.00983308006986336,0,0.00254527936435815,0,0.00323111955286146,0.00178068459705768,0.00682974019928789,0.00578585971863214,0.000787800626509724,0.000802571705992395,0,0.0052608201293312,0.00301521335688279,0,0.000312166578550601,0,0.00105040433545596,0.108820048210955,0.00907150519761908,0.225273332031098,0.0227597189496662,0.0532789896467372,0.00605462001274433,0,0.000819068017989699,0.0309920588957294,0.0176749049605595,0.00515069725316858,0.00561375623066416,0,0.00211523065199978,0,0.000652435859130711,0.00479597303585651,0.00585849525894974,0,0,0.00275182558813619,0,0,0
0.563412116101333,2.37771902835416,4.48972123982924,8.59738293724027,0.896751601383012,5.31898956470635,0,0.108936783747962,0.0152568760447687,0.0204764967367197,0.0384583792202816,0.0457322730470797,0.243295168488328,0.0144117777108195,0.0195557437588398,0.0300009379845157,7.12588185715434,0.829950835932675,1.08032559180714,1.25598468835431,1.3130640139292,0.844949458306974,0.246021787906538,0.222273684591794,0.0481917678113658,2.51708732552923,0.216280541883064,0.498109751211214,1.60725243317867,2.81340671999145,0.756867234334874,0.153407332477829,0.213131795300905,0.130099227301683,0.0734564818890617,0.322494028842616,0.00543395613770884,0.0234418758099899,0.107538630405412,0.136568179296341,0.843033384681158,3.07224925822936,1.07192327886002,0.0353773447293951,0.0474026686387752,0.146914685537651,0.0548504086323821,0.0605836125734323,0.127773209974914,0.0341957566278105,1.02093653178007,0.175050327990858,0.0105061394565641,0.0314904639042176,0.921494693682778,0.01560423290899,0.00871759420432106,0.0290617567303501,0.00641623532269165,0.0273175403021735,0.0143638771635074,0.00423670206600377,0.0116254490298388,0.00699168175799818,0.245340176007031,0.219329517772394,0.0574311090599506,0.0947626284441073,0.0774235358991446,0.201461162409093,0.0231436047576696,0.046124048057889,0.0302510972169921,1.43511599928839,0.234102993513173,0.192711038072576,0.692583518293219,0.825634001314499,0.270007323184333,0.0355909754962429,0.0443589983631836,0.0228532888749418,0.0283751529631197,0.0716959233120317,0.0030550869903088,0.00773916667903288,0.015360897549431,0.0194661691249364,0.0247436331473923,0.0345802166560006,0.0194196119982269,0.0049091072969168,0.00517174029187761,0.0228064604065711,0.0103781709299384,0.0474726455505463
0.690514170835044,2.27525552143607,0.0479108641007438,0.123256214649123,1.08548487558525,0.179278185258224,0.108936783747962,0,0.767884477050657,0.151029810405241,2.77807089418666,0.537004581606946,0.0292201298801131,1.14402704149579,1.0199197845493,0.0151969681501762,0.0187128706582132,0.00565806065159115,0.00814131954172903,0.0199399178120227,0.0115263765795659,0.00689628696477997,0.0208546835390218,0.01873738739051,0.160322833728313,0.0474363476006678,0.310883133459495,0.0787874654554757,0.205528339581058,0.111763504890054,0.0280695955016803,0.00555224700409613,2.14708311123461,3.76767174977971,0.421239905848962,0.161167523612379,0.663739363894443,0.906466100896264,0.115982472454117,0.0445592800174731,0.860079928684256,0.285705353721466,0.0423451226207499,1.10028554646611,0.0762156199335008,0.0310631536239413,0.00187307700172596,0.0100715307634405,0.0625351256960588,0.0498751620250192,0.0903694764069471,0.11957020436766,0.0285935728893547,0.0736019889795503,0.0642633849278785,0.0426252007492742,0.0276509253222793,0.0584986199309008,0.0270811746405501,0.0939457709173873,0.0258928024575951,0.0231270350982691,0.063349104951506,0.0240028527116306,0.0277144224150581,0.00486738188648632,0.015635281536605,0.0398766751038886,0.00586262546516701,0.0098080027546923,0.0244571614665038,0.00894887303392936,0.0653294761725554,0.0343451949656264,0.0968399515770547,0.0537572055195949,0.141973472662669,0.0878701815755219,0.0075752879452631,0.00225480016411872,0.0605987633789878,0.0625476804043958,0.0451798593747679,0.0582923005523962,0.00928290866674347,0.0289247555390652,0.0287544221329161,0.028930716475201,0.0332604938808784,0.071791134050719,0.0145282085647375,0.0165210068465061,0.0159778056227786,0.0181177807001618,0,0.0175340707045436
0.060562625319129,0.717321768906178,0.0144688667697185,0.0256681986638507,0.132379662745295,0.0580178840383676,0.0152568760447687,0.767884477050657,0,0.0657176691732402,3.67294302812886,1.10708552930411,0.0245073353904659,0.887814820034695,0.856858828657907,0.0118297522387991,0.00248859875534266,0.00195820278639063,0.00206025981167829,0.0112166080841959,0.00160308919379282,0.00230855841921393,0.0035442884912625,0.00152749869472446,0.00900506675694859,0.00622172110668487,0.0272200951450762,0.00404989323234364,0.0336557534297923,0.00672358087360151,0.00347219027207265,0.00128850536675544,0.183002744564776,0.224841313924436,0.164585502687621,0.0386228088995946,0.0838030705268705,0.299060640569695,0.0641887859909578,0.0106267107832375,0.359419940214387,0.252256257171824,0.00656041075443292,1.13817979741974,0.0363542044364542,0.0121781798733191,0.0021109140462985,0.0012612690435033,0.0050283255285267,0.0155894417271654,0.0128379604633762,0.0188990335467372,0.00440167187655707,0.029030392563317,0.0130152528505553,0.00515019516410631,0.0151304652998879,0.0286966717281205,0.011485350770113,0.0240441091507755,0.00338560991331668,0.00265144920258614,0.0144198605267735,0.0136413844008923,0.00507503302204326,0,0.00249178792765202,0,0.00374312493890402,0.000274024919021707,0.0029912262435252,0,0.00440813968080672,0.00966405431135769,0.0102947011451278,0.00377085050486325,0.0421666974942739,0.00734837178656043,0.00307094663544526,0,0.00594228864747162,0.00499070433585126,0.0125792151392816,0.00758373313412816,0,0.00544304675576125,0.0180405650604938,0.00533497084213644,0,0.0158957319652873,0,0.0102720519952235,0.00508565393554172,0.00902795609934914,0,0.002336668459182
0.0147888132668039,1.02874499181547,0.00586605261623718,0.0081452950150878,0.016910120942792,0.00747504612990807,0.0204764967367197,0.151029810405241,0.0657176691732402,0,0.23940054869753,1.44417267133904,1.25815683019358,0.135107381292901,1.0262272173569,0.44775092052986,0.0203840820726799,0.00431082904014958,0.0121445621339281,0.121284824136247,0.0778622547889256,0.0190374050779707,0.121664083407222,0.00897860703291591,0.00385041560613975,0.00445112324597814,0.0133313748253777,0.00598715000988894,0.0209366441486552,0.0155649489452757,0.010225105261951,0.00314424298711077,0.0401017865434583,0.198595505452882,0.248445647403199,0.0799415480631224,0.0312937095772683,0.72753795919626,0.407877358342265,0.0528909079953754,0.0779445166256575,1.81249062785066,1.32469752869503,0.715457128828268,3.39645850699176,1.17146601360383,0,0.00523207143149955,0.0026574327911332,0.00109746810164919,0.00345010379284849,0.00323356580702356,0.000662612797796752,0.00659937554176374,0.00166959409109791,0.00401739636727914,0.0026069745859485,0.00349727582753633,0.00436803205213498,0.006484589026864,0.00349712554699141,0,0.00832870652616204,0.00505709075697583,0.00094671857181243,0,0.00164630791872653,0.00486817974658863,0.000709030756561396,0,0.00363867509125789,0.00210865680197313,0.00187020180496544,0.00229850643833993,0.0151991642992045,0,0.0127076480774908,0.00776627805651921,0,0,0.000729633009207536,0.00434337094818961,0.00616461945329352,0.0102756549041053,0.000705376401033922,0.00664523318820098,0.00199551019147615,0.00764915687213472,0,0.00208687796787593,0.000918148831437968,0.00299526413819452,0,0.00123460247245645,0,0.0026468993862511
0.107073976317878,1.24904850183644,0.0130232216355489,0.0489301254958293,0.260344478125798,0.0612821912119224,0.0384583792202816,2.77807089418666,3.67294302812886,0.23940054869753,0,0.61248337576683,0.021841654272049,0.902283092206115,1.10331291228348,0.0262398986155014,0.00502181103230293,0.000566982702050398,0.00486886420461813,0.019207276714694,0.00691254968219167,0.00496908444937144,0.00980185929025982,0.00757336231664484,0.0192304973280139,0.0162718730697373,0.0420666963120958,0.0200116798754859,0.0580597074976764,0.0312802989119635,0.0092165374643313,0,0.3961217364222,0.694973797275841,0.387120282306008,0.0774778629183064,0.133549920605232,0.538669385973877,0.118377830255764,0.0203816679610193,0.52162295144149,0.281646275616174,0.0318850234124597,2.7404581565209,0.0595466869050505,0.0396481588613927,0,0.00445724108932556,0.0112817026200215,0.0281242558244927,0.0166252032678708,0.03066227810535,0.0208064130823458,0.0254609920893419,0.0114074588748428,0.0134978061412976,0.0164624377307844,0.0246019927641301,0.0272134689628625,0.0560261876635249,0.0145776646390732,0.0138854126096035,0.0569052035334204,0.0444635017448363,0.00672862048549303,0.0014129221142451,0.00141905144446436,0.013730040310126,0.00350108664726093,0.0044193543357491,0.019661129600163,0.00218137480493069,0.0195249498851422,0.0116234944574625,0.0360119875475342,0.0168722630302883,0.0611577069658776,0.0305372635740252,0.0043920357740654,0,0.0182411002914285,0.0382439648140723,0.0404207714975606,0.0286227136483074,0.00186735341182712,0.0211486615511602,0.0187987639406599,0.0158803106754585,0.013510814148594,0.0219302464032254,0.0139508901932919,0.022480093323699,0.0219438385054071,0.0171726493607745,0,0.00941293775578
0.0411788977635436,1.38304502322046,0.00997875401812963,0.0162716947317691,0.0769576560960795,0.0266955910907609,0.0457322730470797,0.537004581606946,1.10708552930411,1.44417267133904,0.61248337576683,0,14.5890507875513,0.339234590767782,13.1823245031808,4.46626368835742,0.0707323879149938,0.026093479638607,0.0660083640938472,1.53771565798263,0.597309514319874,0.056934116898059,0.552707294391494,0.0357235202120185,0.0098948309958731,0.00502908228475672,0.0171275709544542,0.00812092551935706,0.0167698711323396,0.0568416496130392,0.023122289842159,0.00839603194578219,0.125177247377428,0.507115442858328,0.976053151996938,0.281372279238389,0.0595591447344926,4.68153921849836,2.63552988226865,0.205269865922749,0.170442783071152,0.574880313033327,0.800028033626365,2.34003907474949,0.394617803066697,0.671962285576458,0.00436394780611667,0.0124430275657939,0.00533485882437127,0.0124945600778314,0.00830652121826114,0.00725872658750801,0.00455713114350262,0.00197035577581426,0.00546505219114577,0.00853013284475609,0.000907768478894955,0.00828762226723902,0.00310382393150677,0.0172479729889847,0.0095667062629621,0.00288595452997764,0.015163825351612,0.00857715581195496,0.000686464392441008,0.000512777295150202,0.00221647152639193,0.00246365170946919,0.00116165945494607,0.00337983073343129,0.0108720404668733,0.0012762753698187,0.00893739877745717,0.00496181359766507,0.0211701863985653,0.00600588530951288,0.0156211156117619,0.0174429403473483,0.00307635477628817,0.00401449564400502,0.00674576989990626,0.0162766094054779,0.0191739432358548,0.0269112652694827,0.00397629593178234,0.00504671044112705,0.00444509242700915,0.00491556061277557,0.00545531163701531,0.00611155562166642,0,0.00171770482086603,0,0.000600253096645211,0.00345195554203509,0.00132562905078612
0.00481072404029003,0.410598255366842,0.025973435394727,0.0270660001437295,0.00215694506369921,0.0074871675520902,0.243295168488328,0.0292201298801131,0.0245073353904659,1.25815683019358,0.021841654272049,14.5890507875513,0,0.00829658678230519,4.54657728057547,4.35318872898022,0.542594945117927,0.205584954133915,0.636248364038801,3.54786264079296,4.22678230435562,0.703901997651916,5.46283963227817,0.183609043924288,0.0020590823273357,0.0277231973035136,0.00862766950741205,0.00835478290640944,0.0487866042914252,0.209577033945896,0.163732640442706,0.062402429798003,0.00790803857059486,0.257401289621791,0.844341369706492,0.664516212193113,0.0150235343695048,2.17034762697344,2.79635094541152,0.901234830115891,0.0089240257331713,0.270491007467281,4.32093302522552,0.262663700535734,0.204905906484162,0.950302752938186,0.0319925339992743,0.127593209457751,0.00212496307148688,0.00459861394618478,0.00683700092862166,0.00446012342334776,0,0.000854287801148629,0.00514770428668494,0.00688268895038555,0.00345310558600431,0.00315979488439318,0.00132968057924437,0.00723182573284666,0.00417580713721624,0.000812839758966573,0.00422061372933213,0.00711858420187028,0.000645510521510372,0.00478191963784409,0.000585198146600026,0.00220678677148053,0.00627971102118314,0.0177527107906925,0.0100910718441777,0.00912567307324758,0.0105045679276207,0.014090375701765,0.0134382036267732,0.00557133297766608,0.0263873881755879,0.0294142465751202,0.0158126767727094,0.00706024198292998,0.012223742214674,0.0112535187506158,0.0236354898428735,0.0425410470961612,0.0015702247407583,0.00487021873712479,0.00285544402163808,0.00574972554241185,0.000951512953973312,0.00300895977866496,0.000479331937572314,0.000875095205107285,0,0,0.00648101710319815,0.0213764209255701
0.0799674889152188,0.603123618663657,0.0106905470779746,0.00976918194089418,0.216906539098225,0.0200536805656019,0.0144117777108195,1.14402704149579,0.887814820034695,0.135107381292901,0.902283092206115,0.339234590767782,0.00829658678230519,0,1.09675288930137,0.00676886409694527,0.00221149494917181,0,0.000848988926077654,0.00791381790547378,0,0.00113550681190619,0.0091689534015639,0.0110975172162588,0.0701210334833314,0.00732065538783029,0.0823200502518174,0.0101852677276804,0.0237000413167386,0.00888248579856244,0.00222532212280246,0.000957721738315959,0.39066449154834,1.46974565164812,0.15320022005155,0.029210449861782,0.71819610309334,1.27824508808781,0.0396665543786536,0.00800115387856894,0.421501145084496,0.168529663793295,0.0242631242855046,1.5148027575952,0.0812297841345944,0.0150535931510179,0.00200670627377107,0.00184290710353848,0.00538854606697409,0.00685452249685334,0.00733334265368105,0.012516113869562,0.00418533457410458,0.00621355013630868,0.0112798588167013,0.00761382653845285,0.00385317256928128,0.0159859796231112,0.00177006608778098,0.0138613797678595,0.00924628658080291,0.00614579380900886,0.0192351486553385,0.0173917975819896,0.00284335189443494,0.00260192332563555,0.00110445971998335,0.0110345325642522,0.00180006042195369,0.0011448002672704,0.0060903237258391,0,0.0278371222050955,0.00328896373312793,0.0438028286510296,0.00934582441711393,0.0181662989318288,0.0104034067482196,0.00199167212601903,0.00114250329814453,0.0103503359393122,0.0292676877974335,0.00984358022536827,0.00752214947062258,0.00292355367830988,0.00132670270719455,0.00968583923914736,0.00871510020133385,0.00802743431679051,0.00903587760788171,0.00323579025048717,0.00341069589690664,0.00335830458189912,0.00129095902641006,0.00250722492651953,0.0023408642209185
0.103017552515951,1.55926423177023,0.00474040419514943,0.0217134393967387,0.167613615338146,0.025482188936523,0.0195557437588398,1.0199197845493,0.856858828657907,1.0262272173569,1.10331291228348,13.1823245031808,4.54657728057547,1.09675288930137,0,2.91099931944585,0.0121995942523274,0,0.0281773998276411,0.46007428748842,0.0978064095580806,0.0138164994802815,0.165291296782388,0.0068363400326747,0.0578796479969693,0.000596880351590168,0.0613301369497399,0.0184822403709405,0.037413482248921,0.0157748033743022,0.00622777309603872,0.00299410793221204,0.436773166306163,2.23603032926596,0.799995070656695,0.0957914708019449,1.1008267219942,7.01046286294624,1.46179584377522,0.0902066138187368,0.376256291728598,0.496707584495948,0.244947020755918,2.621590019651,0.332824928421701,0.224727366195969,0,0.00444608719944073,0.00503706030579412,0.0126361070416703,0.00996455857386159,0.00740006069046351,0,0.00326686014771732,0.00624000178121712,0.0154344267189731,0.0057711640365124,0.00642363715378033,0.0041104156302152,0.0213510633501003,0.00303779911930352,0.0027981427712086,0.0242098731429927,0.00879180815729748,0.00119672093008141,0.000507592931554633,0.0029090173735504,0.00606072092980267,0.00202999815404191,0,0.00433415727229769,0,0.0112959087436124,0.0104655190560396,0.0449586900596142,0.00344705791475338,0.0137616839156145,0.0111353805657279,0.00134869948376204,0.00110441175446947,0.024165983891351,0.0494994859031066,0.0173214299047872,0.00882734357752488,0.00570728636820489,0.00436527701651982,0.00923604263302817,0.00417565590239777,0,0.00805101799524746,0.00149618658648978,0.00491518577140274,0.00185058999635374,0.00605097452673328,0.00694727326099154,0.00233637448300366
0.00204870360124131,0.214877585555178,0.00467739068835134,0.00990435472634867,0.00450468283230568,0.00519153900449242,0.0300009379845157,0.0151969681501762,0.0118297522387991,0.44775092052986,0.0262398986155014,4.46626368835742,4.35318872898022,0.00676886409694527,2.91099931944585,0,0.0541110381102881,0.0158844204725418,0.0985763541222929,0.658029699337033,0.431529231700405,0.116609866573704,0.69448609201496,0.0394321281768139,0.00270117012219001,0.00206780591623761,0.0178885750131082,0.00562545490797511,0.0139745164265697,0.0405124993564758,0.0286074599591437,0.0177923904491123,0.0185308435294686,0.30746762775353,0.73195575322011,0.196119796895789,0.0139090998581358,3.07306664738534,2.01964127559932,0.280682191070338,0.0112981422932919,0.113364280453316,0.722089197624966,0.227418970853516,0.136354873058878,0.402571483568673,0.00602593702800425,0.0282084015266246,0.00491395966453223,0.00673859617065023,0.00396439963115394,0.00126215368103552,0,0.00434401065714213,0.0015340628621056,0.0062960368286343,0.00279697456269674,0.000906442388395823,0,0.00131764818693292,0.00143300341852226,0.00416706565952077,0.00627163218862058,0,0,0,0.00355581598248422,0.000715302032904378,0.0050357454226379,0.00192540295088314,0.00206461705781087,0.00354043487199526,0.00764747877151099,0,0.0122241048747222,0.00587619262780661,0.00996902930724351,0.0112409533401794,0.000654462611420888,0.00154345534578922,0.00732640329002174,0.00682992165055198,0.00520112273821732,0.0096157180667919,0.0102671391691602,0,0.00239867917490727,0.00908585997182892,0,0.00261110600163177,0.000822175033251341,0.00232882221023911,0,0,0,0.00210389423602542
0.0538223371457392,0.35379747974112,0.676161830359825,0.967624560904353,0.0422334570888751,0.201724239748844,7.12588185715434,0.0187128706582132,0.00248859875534266,0.0203840820726799,0.00502181103230293,0.0707323879149938,0.542594945117927,0.00221149494917181,0.0121995942523274,0.0541110381102881,0,3.85976021138792,2.74297832528723,4.57761934118709,4.78332738094655,3.51125748945315,0.699519273994145,0.312465537356553,0.00806507042515293,0.384953682195992,0.037754813604399,0.100625837038372,0.447772329521967,1.50601186449489,2.39681260681753,0.479748137366828,0.0253306854069582,0.0457296963982441,0.0869451381797228,0.422510941401141,0.000231785882349268,0.0189485623996641,0.129209464820749,0.245463885563069,0.0215221503379975,0.419420421811534,2.19187851286375,0.0115113125577313,0.0317315011445662,0.188903611589636,0.0846322348389387,0.118747532855701,0.02472190586811,0.0436784015285005,0.143633294127973,0.0477399019011311,0.00476952044541255,0.00586182688374533,0.480724549079724,0.0105872254623568,0.00291842352390617,0.0236323611204395,0.00503191832818448,0.0236444465837023,0.0188658423607806,0.00447737223112279,0.0103082632383543,0.00551010992502369,0.386856812269168,0.512277146152726,0.0700322882560267,0.162937387529827,0.198945293353814,0.618388419599431,0.0215829074181456,0.0993049724611368,0.00563806044512724,0.158688728894582,0.0467986532917687,0.0406567964723573,0.201435860628882,0.624434636903315,1.11011237912223,0.0812497950363485,0.0135853366966641,0.0189853271634769,0.0279381766886753,0.109945241711646,0.00262329992523614,0.0151274673738749,0.0212188520545803,0.0222648879766119,0.00551735577047718,0.0209773752372122,0.051417648769992,0.00855236292323587,0.00963165362421323,0.039576855697378,0.0420355773893384,0.080862881260996
0.00313856047226999,0.104864912532585,0.0964856710159403,0.0561867736916733,0.00225780626924662,0.00128956067644148,0.829950835932675,0.00565806065159115,0.00195820278639063,0.00431082904014958,0.000566982702050398,0.026093479638607,0.205584954133915,0,0,0.0158844204725418,3.85976021138792,0,0.487420173884051,1.047077819959,2.29175793564215,3.00415637684268,0.317043368130923,0.210025553335211,0.000512806595993079,0.0983409535460149,0.00303598036541811,0.0126320324230998,0.101602019413058,0.483607261537152,1.83088940943203,0.510946757330956,0.00162676138752668,0.0114105536153316,0.0418616595284433,0.198284669034506,0.000754613819614031,0.00691895366977974,0.0728263260053101,0.148180989165145,0.000848041446602825,0.09983735073686,0.835710476636706,0.00313024412417376,0.025496665077119,0.0664428763146646,0.0657522773872206,0.0724347570024134,0.00409138718862086,0.0151492461565919,0.0332747996153658,0.0106887471213509,0,0.00302801624417011,0.0884042947617508,0.00383190457932993,0.00257200122659879,0.0181667391968986,0.00694014338040343,0.0137056850995164,0.0128298458721474,0,0.00580921399514293,0.00170916890369554,0.0804929031560659,0.244646309395987,0.061476624247957,0.105241071500029,0.105390801335563,0.406948455071766,0.0126704375728668,0.0802314632512988,0.000622399770497384,0.0557702616019258,0.00616767304754422,0.00852724355334097,0.05817900284432,0.245699846422771,0.788452085725233,0.083698772696724,0.00297160662268483,0.0101535987406802,0.0156482627963,0.0548813437254257,0.00241046220058059,0.00982981397410678,0.0108553590883728,0.0168970216988545,0.00228353497046587,0.01773330096654,0.0365635632201762,0.00375806140666953,0.0037535877130328,0.0221492369941014,0.0319489656301735,0.0382550956764742
0.00390447784716859,0.164412047580888,0.0966845749743426,0.0985037793817505,0.00349142773338296,0.0169994415045878,1.08032559180714,0.00814131954172903,0.00206025981167829,0.0121445621339281,0.00486886420461813,0.0660083640938472,0.636248364038801,0.000848988926077654,0.0281773998276411,0.0985763541222929,2.74297832528723,0.487420173884051,0,2.55032193124525,3.02091056571574,0.738184700666411,0.505734889856962,0.0765129454669197,0.00207929141096956,0.0847131436958985,0.00474238034247123,0.0178284390977778,0.0859707107500333,0.116247325503461,0.167937934846536,0.0748274214662706,0.00152229887175365,0.0346199891465795,0.0615707737558232,0.148188925518672,0,0.0235770049365414,0.132976834886857,0.136019815955968,0.00707267413251944,0.274751990483804,2.57398803991085,0.00951852231921967,0.040332841104438,0.280443457681739,0.0431119823883429,0.0480543356176349,0.00298656005991811,0.00464269104518159,0.0144085750908451,0.00988073114421952,0.00225290143711374,0.00246977427746114,0.0132752733016147,0.00188649704969155,0.00103141349676213,0,0,0.0100730932030959,0.000857687015323953,0,0,0,0.00290483936940822,0.00952212707252251,0.00344946455813731,0.00341299606230467,0.0117275200292293,0.0172520492843579,0.00142690383568844,0.00617796815094479,0.00267662171786225,0.0158674285957374,0.0197363535822886,0.01429678883637,0.0298332099719266,0.0393188729622897,0.0418673069081374,0.00746217943187188,0.00431926988877865,0.00316758145337544,0.00732022691078742,0.0155000498603331,0.00318991538486002,0,0.00349773947884467,0.00328915215112378,0,0,0.00410249344352062,0.00121432130181044,0,0.00209675545057561,0.00931675958431262,0.00495428669477952
0.00816381104396172,0.333554063703202,0.101474825889543,0.105394563615593,0.00461561647823616,0.0184128557649499,1.25598468835431,0.0199399178120227,0.0112166080841959,0.121284824136247,0.019207276714694,1.53771565798263,3.54786264079296,0.00791381790547378,0.46007428748842,0.658029699337033,4.57761934118709,1.047077819959,2.55032193124525,0,9.65170173391619,2.38909695390994,2.00305097622596,0.187241922959304,0.000960677569014932,0.0725610670680097,0.019673485759064,0.0192102980353299,0.0742667216935363,0.261346995336689,0.354311443629735,0.124281650931043,0.0106562624648324,0.0957818486786557,0.215124101647854,0.429556323355305,0.00209998937076614,0.414645910731432,0.75514255230803,0.488348072502406,0.00495755715134541,0.353760352503648,7.31838816881746,0.0742088563869455,0.129245217430495,0.590223690164664,0.0401533715350944,0.114379907050946,0.0075794231696453,0.00895620076411778,0.0199285845256552,0.00820281822416888,0,0.00360079081421072,0.0137579300797988,0.00499003929285075,0.00252113822364355,0.0022786434342545,0.00182784776862628,0.00651521526711531,0.00791564473574793,0.000491977781038894,0.007425312969528,0.0128569413200156,0.0113188609296406,0.0134294651881168,0.00554446425251148,0.00437003702966467,0.0158957345025812,0.0383845333574026,0.00980708079785672,0.0111536360257699,0.00625580479650022,0.0276326566282397,0.0227902861356248,0.00946913024126859,0.0284240113014151,0.0594856518464876,0.0873886867810566,0.0139150789336042,0.00660760379218689,0.0114430287592613,0.0133267397398851,0.0350601578900639,0.00200669699496701,0.00547257626835778,0.00316709679468886,0.00993301449225559,0.00444244437424945,0.00597834723468328,0.00636552810749071,0.0026673892895277,0,0.00518882857234094,0.00231442665468812,0.0175817899855908
0.00610948003716338,0.25451070294316,0.125609388451251,0.0758665631679806,0.000387799919907388,0.00582453886653918,1.3130640139292,0.0115263765795659,0.00160308919379282,0.0778622547889256,0.00691254968219167,0.597309514319874,4.22678230435562,0,0.0978064095580806,0.431529231700405,4.78332738094655,2.29175793564215,3.02091056571574,9.65170173391619,0,6.46270297173115,4.44003484623047,0.379280613578116,0,0.0962407566782753,0.00949113330548261,0.0262403984482103,0.126723514811352,0.448517098735079,0.806016512513879,0.298128610052652,0.00242341756729151,0.0466345646950146,0.119232061387143,0.489073669575362,0.00283171544873811,0.0719650772272115,0.343319683670961,0.672725789265482,0.00691716926166872,0.303290840198526,7.71321664901919,0.0222061148822185,0.0481091714168631,0.482777921877535,0.0885684792958504,0.241346759273524,0.00536265085156898,0.00656364754392463,0.0202185512151932,0.0114940532413096,0,0.00162386817652209,0.0219351431658522,0.00190097747779164,0.00529800786738477,0.00717830125874745,0.00143342068617358,0.00615977464523215,0.00204694930567963,0.00114323899346754,0.000360284687021669,0.00146132791790328,0.0186486039662479,0.0313857158095177,0.0111660655699169,0.0258085274705962,0.0154947305881625,0.101633217470125,0.0120590363625101,0.02899859219312,0.00456771064902384,0.0286523695477654,0.01199071307427,0.0104577027235898,0.0402689959689299,0.0946489131466207,0.212018169589706,0.0232932812979981,0.00452178761571484,0.002160452586839,0.00923660470841709,0.0594038450770592,0.000666392009766065,0.00207710571551632,0.00311697888092655,0.0183511312933611,0.00206671302243466,0.000505625863551629,0.00854306491238734,0,0.00222021278809897,0.00309409206369848,0.0146538646881057,0.0478128502784214
0.00447353806888831,0.131885410400717,0.100968502486209,0.0509083428404578,0.00125035562277393,0.000779251093205192,0.844949458306974,0.00689628696477997,0.00230855841921393,0.0190374050779707,0.00496908444937144,0.056934116898059,0.703901997651916,0.00113550681190619,0.0138164994802815,0.116609866573704,3.51125748945315,3.00415637684268,0.738184700666411,2.38909695390994,6.46270297173115,0,3.06537208368977,0.790766462321581,0.000255492007349933,0.0932697136120584,0.00746359184475205,0.0203986624766754,0.0953646243360429,0.847330618700595,3.497212232348,1.23849368220162,0.00474381081317115,0.0237215433709141,0.0928082552593012,1.02930005531836,0.00102699153169459,0.0139820885010507,0.175618831426981,0.857581173008505,0.000588392124148407,0.0906253251478588,1.31791448781838,0.0074132713167597,0.0345828905039319,0.130682819452137,0.115703447092679,1.02628344964099,0.00454017037252278,0.0201069006220228,0.0301584161713842,0.0116487748091543,0.0001509354200044,0.00217122159356646,0.141553221788054,0.00249353049563987,0.000826699658971721,0.0179515134513129,0.00201487657383351,0.0279312257950606,0.0212758763942458,0.00114089817417297,0.00972924706140795,0.00650949107282579,0.10215093398067,0.259173073625065,0.0372604152495253,0.115671662727396,0.164706052376721,1.05695141462457,0.0411106297054278,0.124805087738642,0.00350402715989292,0.0429463956307832,0.00977151446269083,0.00913966795928072,0.035131123342183,0.291611891321635,1.40305253367991,0.210717013707212,0.00532066927734852,0.0123828274211838,0.0158049338686068,0.160501000000339,0.000375306259959877,0.0111588865469659,0.0172636090518518,0.0578006286763093,0.00216421855522036,0.00946151828850471,0.0234465700568908,0.00668444570390056,0.00265753802155006,0.0246227213675214,0.0495474815501111,0.36742240594673
0.00400666051999424,0.212921027459042,0.0349012503457408,0.0174227366961311,0.00070253428423693,0,0.246021787906538,0.0208546835390218,0.0035442884912625,0.121664083407222,0.00980185929025982,0.552707294391494,5.46283963227817,0.0091689534015639,0.165291296782388,0.69448609201496,0.699519273994145,0.317043368130923,0.505734889856962,2.00305097622596,4.44003484623047,3.06537208368977,0,0.648457643072747,0.00111368046212025,0.0287466253770144,0.00455352187295232,0.0119405646287037,0.0487783355610731,0.332740895638744,0.315291778908862,0.162885266703601,0.00562047295648043,0.0618296548839146,0.172882556759069,1.24742520502251,0.00526307341794904,0.136775047763356,0.639483102532545,2.03990279278706,0.00237323747114629,0.13569618225849,2.1212079702975,0.0257943121729018,0.0799417593874865,0.326164425234987,0.0692177519540318,0.698144704892674,0.00205028750361728,0.00948729477418832,0.00828939210758915,0.00414334164376667,0.000339757041696354,0.00210357705050854,0.0218221296617744,0.00453881313939218,0.00138600204351552,0.0032886308872033,0,0.00651577376387211,0.00627430212330457,0.00095626305291846,0.00935503117378183,0.00840085294304839,0.0110198767725446,0.013900754992583,0.00802736687259113,0.0197312329730203,0.0229192698936734,0.0692749644141545,0.0380843064326951,0.0427601192434604,0.00297305511092899,0.0181296341344991,0.00886966654297042,0.0073130332753206,0.0134337737324273,0.0495696279993169,0.062363238856251,0.0347105227200941,0.00269311282810224,0.00520379105359998,0.00741251831537114,0.132940867223861,0,0.00671800446553322,0.013172073422249,0.0687346489813699,0.00188755996141685,0.00137752673528323,0.00133927093274553,0,0.000593225264083237,0.00360260387071804,0.00427978666067753,0.14778043909762
